#    object_id         halo_id            flux            radius          h_over_r     inclination.rad     theta.rad            mu            redshift         shear.g1         shear.g2          pos.x            pos.y         image_pos.x      image_pos.y       halo_mass        halo_conc      halo_redshift   
              23                1   2.99206571e+04   1.03936706e-01   1.65337435e-01   2.24206933e+00   6.23438467e+00   2.43748463e+00   6.00000000e-01  -9.01343587e-03  -1.51461634e-01  -1.41771280e+01  -1.12005392e+01   1.73737608e+01   6.75800142e+01   7.00000000e+14   4.00000000e+00   3.00000000e-01
              24                1   2.09996938e+04   9.58698645e-02   1.62006272e-01   1.37006033e+00   3.00396258e+00   3.24607280e+00   6.00000000e-01  -1.43197629e-01  -8.33504264e-02  -1.17795301e+01  -2.97695285e+00   4.19292467e+01   2.02273133e+02   7.00000000e+14   4.00000000e+00   3.00000000e-01
              25                1   1.25979394e+04   1.84453796e-01   1.33572061e-01   3.82026840e-01   5.23336390e+00   2.52944402e+00   6.00000000e-01   1.29362016e-01   1.46263363e-01   7.71292985e+00  -1.52457113e+01   3.88292465e+02  -4.00669516e+00   7.00000000e+14   4.00000000e+00   3.00000000e-01
              26                1   1.31952002e+04   9.89589139e-02   1.40925939e-01   2.13176945e+00   3.55461039e+00   2.77097589e+00   6.00000000e-01  -1.48741562e-01   2.92301509e-02   1.49595294e+01  -8.14521697e-01   5.19288004e+02   2.42191627e+02   7.00000000e+14   4.00000000e+00   3.00000000e-01
              27                1   4.96768591e+05   1.42535320e-01   1.16070489e-01   1.01920352e+00   3.96483530e+00   2.51573965e+00   6.00000000e-01  -9.06743240e-02   1.28855613e-01   1.59254442e+01  -6.56281459e+00   5.28122447e+02   1.44565429e+02   7.00000000e+14   4.00000000e+00   3.00000000e-01
              28                1   2.10624775e+04   7.94045904e-02   1.79778260e-01   1.67863325e+00   2.59568962e+00   2.31715890e+00   6.00000000e-01   5.45099928e-02  -1.48692066e-01   1.26920944e+01   1.48732246e+01   4.66429287e+02   5.02505533e+02   7.00000000e+14   4.00000000e+00   3.00000000e-01
              29                1   2.13689101e+04   1.30820072e-01   1.85619260e-01   1.21562946e+00   5.60037532e+00   3.15685785e+00   6.00000000e-01   2.21308218e-01   1.77530079e-02  -2.68730837e-01   1.25840582e+01   2.51631650e+02   4.84473819e+02   7.00000000e+14   4.00000000e+00   3.00000000e-01
              30                1   1.34642326e+04   8.33440237e-02   1.01130667e-01   4.64474417e-01   7.66725123e-02   2.30262314e+00   6.00000000e-01   6.98740595e-02   1.64181887e-01   1.20510813e+01  -1.56468811e+01   4.55310910e+02  -1.63207866e+00   7.00000000e+14   4.00000000e+00   3.00000000e-01
              31                1   1.41914880e+04   1.85844577e-01   1.72815703e-01   2.36351928e+00   3.73520088e+00   3.26564563e+00   6.00000000e-01   1.90123787e-01  -1.02527163e-01  -3.60188518e+00  -1.15080976e+01   1.90815048e+02   4.66352202e+01   7.00000000e+14   4.00000000e+00   3.00000000e-01
              32                1   3.04475032e+04   1.75764687e-01   1.70077756e-01   1.08519899e+00   7.60491259e-01   2.32537471e+00   6.00000000e-01  -1.24044728e-01  -3.79005697e-02   1.92225328e+01   2.91907580e+00   5.74902496e+02   3.04851642e+02   7.00000000e+14   4.00000000e+00   3.00000000e-01
              33                1   1.42715757e+05   1.18961381e-01   1.10729329e-01   7.99183738e-01   1.68958850e+00   2.60551162e+00   6.00000000e-01   1.99224054e-01  -1.84710777e-02   1.33421999e+00   1.63017179e+01   2.79518547e+02   5.37744367e+02   7.00000000e+14   4.00000000e+00   3.00000000e-01
              34                1   8.96774904e+04   5.13140139e-02   1.17167829e-01   5.87614642e-01   5.81370609e+00   2.50135491e+00   6.00000000e-01  -3.18320445e-02  -1.47151761e-01  -1.43433381e+01  -9.80300319e+00   1.23412353e+01   8.96288619e+01   7.00000000e+14   4.00000000e+00   3.00000000e-01
              35                1   1.61579794e+05   1.57542850e-01   1.43942733e-01   1.71400043e+00   5.46391286e-02   4.95728648e+00   6.00000000e-01   2.65053249e-01   6.65938054e-02  -8.99047092e-01   7.54849211e+00   2.39252673e+02   4.01310334e+02   7.00000000e+14   4.00000000e+00   3.00000000e-01
              36                1   6.35983203e+04   1.18677804e-01   1.13387844e-01   1.07976469e+00   3.14099578e+00   2.39289927e+00   6.00000000e-01  -1.20131905e-01  -5.68375396e-02   1.81822837e+01   3.86743964e+00   5.61078607e+02   3.21285007e+02   7.00000000e+14   4.00000000e+00   3.00000000e-01
              37                1   2.41086654e+05   8.92036038e-02   1.60807233e-01   1.34270353e+00   1.25178986e+00   4.04865731e+00   6.00000000e-01   2.43398760e-01  -3.79141315e-02  -1.01237339e+00  -9.31829998e+00   2.37439689e+02   8.10610773e+01   7.00000000e+14   4.00000000e+00   3.00000000e-01
              38                1   5.36401685e+04   1.80627102e-01   1.21496903e-01   1.12516414e+00   7.47064379e-01   2.34316244e+00   6.00000000e-01   1.65242672e-01   9.64654652e-02  -5.37461752e+00   1.84427791e+01   1.67201389e+02   5.62924514e+02   7.00000000e+14   4.00000000e+00   3.00000000e-01
              39                1   1.75552959e+05   1.65678233e-01   1.21200380e-01   1.33464861e+00   4.42762708e+00   2.77673254e+00   6.00000000e-01  -7.13324409e-03   1.85345137e-01  -1.15781909e+01   9.43934641e+00   5.29955744e+01   4.22410960e+02   7.00000000e+14   4.00000000e+00   3.00000000e-01
              40                1   2.47457301e+04   8.45408383e-02   1.60364631e-01   2.78872165e+00   5.93017275e+00   2.99538050e+00   6.00000000e-01   2.01323856e-01  -6.32144117e-02  -2.67072444e+00  -1.32098672e+01   2.08661293e+02   1.98814411e+01   7.00000000e+14   4.00000000e+00   3.00000000e-01
              41                1   5.15228653e+04   1.36051473e-01   1.42211565e-01   1.85070265e+00   2.23291756e-01   5.06304401e+00   6.00000000e-01  -7.19418878e-03   2.53492295e-01  -5.63067935e+00   4.87519595e+00   1.48316988e+02   3.50167806e+02   7.00000000e+14   4.00000000e+00   3.00000000e-01
              42                1   1.04274524e+04   1.10801497e-01   1.95892478e-01   1.90674920e+00   3.39889651e+00   2.43549710e+00   6.00000000e-01   1.05534215e-01   1.56544440e-01  -9.38030176e+00   1.54683264e+01   9.83291844e+01   5.17327196e+02   7.00000000e+14   4.00000000e+00   3.00000000e-01
              43                1   1.57997946e+04   9.64001345e-02   1.48069079e-01   2.71693540e+00   3.67452976e+00   2.21818940e+00   6.00000000e-01  -9.58941175e-02   1.02472248e-01   1.99301916e+01  -6.56732514e+00   5.80024646e+02   1.49893321e+02   7.00000000e+14   4.00000000e+00   3.00000000e-01
              44                1   2.82723253e+04   1.03021810e-01   1.51123181e-01   8.61319653e-01   3.22934984e+00   2.89176323e+00   6.00000000e-01  -1.48323168e-01  -3.66867684e-02  -1.40125382e+01  -1.80210994e+00   7.59900063e+00   2.24489599e+02   7.00000000e+14   4.00000000e+00   3.00000000e-01
              45                1   1.06844097e+04   8.44241674e-02   1.02807688e-01   1.95509498e+00   3.41475978e+00   2.31345632e+00   6.00000000e-01   1.60612492e-02   1.69463336e-01   1.44162437e+01  -1.32825244e+01   4.94790829e+02   3.69487901e+01   7.00000000e+14   4.00000000e+00   3.00000000e-01
              46                1   5.40450531e+05   1.61774687e-01   1.75123821e-01   1.93025267e+00   2.71705575e+00   3.55685997e+00   6.00000000e-01  -3.06293114e-02  -1.87404744e-01  -8.72476580e+00  -6.47698828e+00   9.50580353e+01   1.36650627e+02   7.00000000e+14   4.00000000e+00   3.00000000e-01
              47                1   1.50290254e+04   1.28817723e-01   1.00333078e-01   1.60513909e+00   3.84428178e+00   3.22925424e+00   6.00000000e-01   1.73728254e-01  -1.21318885e-01   4.38875114e+00   1.14149835e+01   3.36364102e+02   4.64223649e+02   7.00000000e+14   4.00000000e+00   3.00000000e-01
              48                1   3.19353951e+04   1.10246839e-01   1.08733465e-01   7.24353494e-01   4.45263961e+00   8.02141988e+00   6.00000000e-01   2.79774336e-01   1.83261514e-01  -1.49845955e+00   4.81629515e+00   2.27106321e+02   3.50976113e+02   7.00000000e+14   4.00000000e+00   3.00000000e-01
