#    object_id         halo_id            flux            radius          h_over_r     inclination.rad     theta.rad            mu            redshift         shear.g1         shear.g2          pos.x            pos.y         image_pos.x      image_pos.y       halo_mass        halo_conc      halo_redshift   
               0                0   1.12243100e+04   1.02956867e-01   1.78212954e-01   7.01144946e-01   1.37086259e+00   2.53970606e+00   6.00000000e-01  -1.39139527e-01  -1.22958530e-02   1.69470936e+01   1.10660797e+00   5.46470725e+02   2.75434451e+02   7.00000000e+14   4.00000000e+00   3.00000000e-01
               1                0   2.16463035e+04   8.36240346e-02   1.05041451e-01   1.04925154e+00   5.57716354e+00   2.39209654e+00   6.00000000e-01   1.73255198e-01   8.69901372e-02   4.52872029e+00  -1.80389371e+01   3.32352693e+02  -4.56387657e+01   7.00000000e+14   4.00000000e+00   3.00000000e-01
               2                0   6.77118568e+04   1.14877467e-01   1.13037609e-01   3.40620853e-01   4.28790993e+00   2.86639552e+00   6.00000000e-01  -9.63461376e-02   1.42497066e-01  -1.31312263e+01   5.65765186e+00   2.37673541e+01   3.56773977e+02   7.00000000e+14   4.00000000e+00   3.00000000e-01
               3                0   1.77996559e+05   9.73416259e-02   1.81826336e-01   2.59563622e+00   3.36500208e+00   2.22195316e+00   6.00000000e-01   1.47501362e-01   1.11195407e-01   7.25818010e+00  -1.96267514e+01   3.74411182e+02  -6.23421107e+01   7.00000000e+14   4.00000000e+00   3.00000000e-01
               4                0   4.74716248e+05   1.54822935e-01   1.73741497e-01   5.95840857e-01   5.02917054e+00   2.48905159e+00   6.00000000e-01  -8.96787181e-02  -1.08555760e-01  -1.61807391e+01  -6.67252434e+00  -1.84659675e+01   1.43111044e+02   7.00000000e+14   4.00000000e+00   3.00000000e-01
               5                0   1.80385672e+04   1.28116734e-01   1.74278981e-01   1.02894886e+00   6.15596520e+00   2.94856095e+00   6.00000000e-01  -1.06803391e-01   1.36197706e-01   1.28077690e+01  -5.03716821e+00   4.85076097e+02   1.66603294e+02   7.00000000e+14   4.00000000e+00   3.00000000e-01
               6                0   1.43910951e+05   8.94450231e-02   1.35895668e-01   4.83474910e-01   4.97688585e+00   3.14785090e+00   6.00000000e-01  -1.63268865e-01   1.71751102e-02   1.26307138e+01  -2.43839052e-01   4.85186036e+02   2.52085160e+02   7.00000000e+14   4.00000000e+00   3.00000000e-01
               7                0   6.20561468e+04   8.87083325e-02   1.34733811e-01   1.44461173e+00   3.01968578e-01   2.26759649e+00   6.00000000e-01   1.69081036e-01  -6.38818698e-02   4.84829524e+00   1.96536489e+01   3.35968368e+02   5.78642800e+02   7.00000000e+14   4.00000000e+00   3.00000000e-01
               8                0   6.30227745e+04   1.50455237e-01   1.24753994e-01   1.46989312e+00   3.74280486e+00   3.62170250e+00   6.00000000e-01  -3.33501070e-02   2.07938984e-01  -8.57086024e+00   6.29949859e+00   9.74717104e+01   3.73384240e+02   7.00000000e+14   4.00000000e+00   3.00000000e-01
               9                0   1.07922701e+04   1.49124247e-01   1.85486631e-01   2.05362792e+00   2.56459719e+00   7.46192718e+00   6.00000000e-01  -2.49355335e-01  -9.78031662e-02   5.23739914e+00   9.76447951e-01   3.59018154e+02   2.75613235e+02   7.00000000e+14   4.00000000e+00   3.00000000e-01
              10                0   1.45723591e+05   7.42579708e-02   1.89581489e-01   2.02215093e+00   5.11115193e+00   2.36224453e+00   6.00000000e-01   1.41472669e-01   1.26830912e-01  -7.43536158e+00   1.74483894e+01   1.32565725e+02   5.47333670e+02   7.00000000e+14   4.00000000e+00   3.00000000e-01
              11                0   2.35338144e+04   5.39251291e-02   1.65318157e-01   1.60733657e+00   1.82155718e+00   3.60820720e+00   6.00000000e-01  -7.17548601e-02   1.91042545e-01  -9.20483306e+00   5.42323189e+00   8.58035341e+01   3.57069615e+02   7.00000000e+14   4.00000000e+00   3.00000000e-01
              12                0   2.40907236e+05   1.82130043e-01   1.47870745e-01   4.50732529e-01   2.40188312e-02   5.91336053e+00   6.00000000e-01  -1.95542622e-01   1.53484783e-01  -6.19292707e+00   1.82180175e+00   1.36405422e+02   2.91828773e+02   7.00000000e+14   4.00000000e+00   3.00000000e-01
              13                0   4.94152558e+04   8.66865946e-02   1.49172721e-01   1.33937482e+00   4.33788539e+00   2.33245749e+00   6.00000000e-01   8.79250127e-02   1.59664812e-01  -1.08986801e+01   1.59881051e+01   7.57518754e+01   5.21653210e+02   7.00000000e+14   4.00000000e+00   3.00000000e-01
              14                0   4.93237122e+04   9.16916009e-02   1.16924880e-01   1.90415512e+00   3.90021770e+00   2.79900347e+00   6.00000000e-01  -1.42354006e-01  -4.48474086e-02   1.45986148e+01   2.26643783e+00   5.13645686e+02   2.96421919e+02   7.00000000e+14   4.00000000e+00   3.00000000e-01
              15                0   5.97947365e+04   1.37929800e-01   1.17856022e-01   1.06054311e+00   2.04880470e-01   6.56425290e+00   6.00000000e-01  -2.24481491e-01   1.29815239e-01  -5.75799474e+00   1.30334787e+00   1.44309061e+02   2.81894921e+02   7.00000000e+14   4.00000000e+00   3.00000000e-01
              16                0   4.58269171e+04   1.49801188e-01   1.91228852e-01   5.49930480e-01   6.01929613e+00   2.38123622e+00   6.00000000e-01   6.73364276e-02  -1.49049312e-01  -1.15966691e+01  -1.47091533e+01   6.26023945e+01   1.05613108e+01   7.00000000e+14   4.00000000e+00   3.00000000e-01
              17                0   3.16603374e+04   1.60806231e-01   1.85645875e-01   2.11478228e+00   4.06238240e+00   4.83260183e+00   6.00000000e-01  -1.60114860e-01   1.59563785e-01  -7.35843489e+00   2.57018643e+00   1.15607369e+02   3.05711597e+02   7.00000000e+14   4.00000000e+00   3.00000000e-01
              18                0   8.22625452e+04   5.85353016e-02   1.45529296e-01   1.12568090e+00   5.24899340e+00   2.48550663e+00   6.00000000e-01   1.69531713e-01   1.01049634e-01  -4.98489226e+00   1.68169136e+01   1.71831767e+02   5.42134731e+02   7.00000000e+14   4.00000000e+00   3.00000000e-01
              19                0   3.44209888e+04   1.79580011e-01   1.64279281e-01   1.56975217e+00   3.96323488e+00   2.31865849e+00   6.00000000e-01   1.83516514e-01   5.28775084e-02  -2.65507041e+00   1.93511421e+01   2.12573095e+02   5.76655642e+02   7.00000000e+14   4.00000000e+00   3.00000000e-01
              20                0   3.56188197e+05   1.04957114e-01   1.72019224e-01   1.50564699e+00   3.02911939e+00   3.00774483e+00   6.00000000e-01   2.11799690e-01   5.07867946e-02   1.48135732e+00  -1.33218296e+01   2.83059345e+02   1.76521123e+01   7.00000000e+14   4.00000000e+00   3.00000000e-01
              21                0   1.11570078e+05   6.64249168e-02   1.65419328e-01   7.83494961e-01   4.86317995e+00   2.36878469e+00   6.00000000e-01  -1.17339636e-01  -6.03422049e-02  -1.84174391e+01  -4.17472049e+00  -5.08175711e+01   1.86839666e+02   7.00000000e+14   4.00000000e+00   3.00000000e-01
              22                0   3.98515466e+04   1.13698158e-01   1.93003678e-01   1.01923897e+00   4.93917773e+00   3.73297249e+00   6.00000000e-01  -1.53164390e-01  -9.71300099e-02   9.91030081e+00   2.69063016e+00   4.41179815e+02   3.06640262e+02   7.00000000e+14   4.00000000e+00   3.00000000e-01
