#   1 NUMBER                 Running object number                                     
#   2 X_IMAGE                Object position along x                                    [pixel]
#   3 Y_IMAGE                Object position along y                                    [pixel]
#   4 FLUX_SPHEROID          Spheroid total flux from fitting                           [count]
#   5 MAG_SPHEROID           Spheroid total magnitude from fitting                      [mag]
#   6 SPHEROID_REFF_IMAGE    Spheroid effective radius from fitting                     [pixel]
#   7 SPHEROID_ASPECT_IMAGE  Spheroid aspect ratio from fitting                        
#   8 SPHEROID_THETA_IMAGE   Spheroid position angle (CCW/x) from fitting               [deg]
#   9 SPHEROID_SERSICN       Spheroid Sersic index from fitting                        
#  10 CHI2_MODEL             Reduced Chi2 of the fit                                   
#  11 FLAGS_MODEL            Model-fitting flags                                       
#  12 VECTOR_ASSOC           ASSOCiated parameter vector                               
         1   4024.5107    336.7618     11230.19  16.8740     9.8547 0.8176 +77.807  3.634     1.134612   0     4024.511
         2   2753.8518     65.3123     1542.472  19.0295     8.1613 0.6949 +64.758  3.625    0.9594548   0     2753.852
         3   2281.6096     64.4523       337.26  20.6801     9.1989 0.7907 -56.951  3.776    0.8811777   0      2281.61
         4   3848.1074     54.6239     212.1427  21.1834     6.3379 0.7825  -1.580  3.322    0.8802531   0     3848.107
         5   1791.5035     50.2758      127.012  21.7404     5.9794 0.6496 +43.580  3.140    0.8429464   0     1791.504
         6   3408.9338     34.6796     473.1394  20.3125     7.2723 0.7055 -22.512  3.433    0.9139655   0     3408.934
         7   1055.4709     71.6713     135.9965  21.6662     8.4361 0.6120 -82.424  4.097    0.8879813   0     1055.471
         8    351.2379     10.5475     187.6953  21.3164     8.3646 0.7048 -59.881  6.038     0.868295   0     351.2379
         9   1632.2069    205.0972     947.3182  19.5588     8.7611 0.8634 -23.538  3.994    0.8805157   0     1632.207
        10    184.2596     87.6977       196.39  21.2672    11.3514 0.5410 +28.212  4.511    0.8777243   0     184.2596
        11   2527.8540    110.5466     297.8054  20.8152    10.1443 0.7792 -86.237  4.878     0.878584   0     2527.854
        12    829.3400    198.7506     234.1019  21.0765    10.0161 0.8446 -51.744  4.549    0.8806486   0       829.34
        13   3347.1416    204.4856     716.4723  19.8620    10.7819 0.5966 +87.432  3.853    0.8752594   0     3347.142
        14   2466.3491    151.3157     152.6496  21.5408     6.5563 0.9088 -41.363  4.084    0.8420438   0     2466.349
        15   1493.1830    184.3292     162.5927  21.4722     9.5485 0.8337 -80.005  6.483    0.8771207   0     1493.183
        16    762.6379    234.9232     916.7363  19.5944     9.1905 0.7754 +38.932  4.427    0.9443131   0     762.6379
        17   2609.6782    216.8778     245.3394  21.0256     7.5578 0.6358 -57.572  3.902      0.86924   0     2609.678
        18    261.7154    255.5867     609.1147  20.0383     7.2262 0.8498 +81.147  4.321    0.9380515   0     261.7154
        19   1085.8678    270.7787     145.7907  21.5907    11.0104 0.5837 +80.338  4.296    0.8941351   0     1085.868
        20   3846.3254    292.9423     563.8817  20.1220     7.3880 0.7043  -5.428  3.477    0.8905705   0     3846.325
        21   2084.7527    298.0284      205.998  21.2153     9.2293 0.5482 +59.294  4.080    0.8698546   0     2084.753
        22    447.6130    318.6184     327.1076  20.7133    11.0909 0.5901 +65.160  4.052    0.8810762   0      447.613
        23   1267.5688    316.7027     206.3665  21.2134     7.5294 0.6402 +21.979  4.460    0.8841929   0     1267.569
        24   1101.2852    423.7536     1028.485  19.4695     9.4041 0.7087 +86.491  3.827    0.9316718   0     1101.285
        25    274.2255    417.8816     1153.469  19.3450     8.7936 0.7269 +67.497  4.315    0.9807273   0     274.2255
        26   1509.3389    385.8779     506.6972  20.2381     6.4197 0.9938 +89.393  4.187    0.8887462   0     1509.339
        27   1689.9800    432.4124     153.4815  21.5349     6.9182 0.7689 +64.578  3.480    0.8592793   0      1689.98
        28   3563.1221    453.4626     227.1882  21.1090    10.8349 0.8134 -31.051  4.432    0.9071981   0     3563.122
        29    892.9042    441.5088     165.5998  21.4524    10.5077 0.6680 -29.505  5.146    0.8842261   0     892.9042
        30   2912.6326    675.0778     9358.268  17.0720    12.0895 0.7502 -50.255  3.603     1.159719   0     2912.633
        31   1037.4937    530.8234     1360.177  19.1660     7.8173 0.9414  -2.460  3.993    0.9753734   0     1037.494
        32    699.4883    456.4923     179.3813  21.3656     8.7443 0.7788  -9.045  5.274    0.8590266   0     699.4883
        33   2305.3264    467.0503     125.2564  21.7555     7.0407 0.7434 -89.942  3.329     0.888724   0     2305.326
        34   3747.7986    526.8721     820.4177  19.7149     9.1661 0.8296 -34.932  3.453    0.8902771   0     3747.799
        35   1513.9712    534.4664     422.3615  20.4358    10.1760 0.8615 -39.601  4.897    0.8981622   0     1513.971
        36   3153.2937    515.8115     239.4034  21.0522     6.6592 0.8127 +49.272  3.366    0.8851179   0     3153.294
        37   2070.2896    569.1466     140.0834  21.6340     6.6941 0.8936 +60.408  4.571    0.8842109   0      2070.29
        38   1389.0209    581.3358     357.6065  20.6165     6.7183 0.9602 -25.595  4.333     0.884092   0     1389.021
        39   1823.5701    569.3279     278.3718  20.8884    10.5451 0.9726 -56.117  5.778    0.9004768   0      1823.57
        40   3480.5952    588.9758     347.8265  20.6466     6.1191 0.9112 -58.103  3.637    0.8646501   0     3480.595
        41   2473.9092    564.3029     252.0891  20.9961     9.2274 0.6362 -11.509  5.260    0.8717951   0     2473.909
        42   1798.3982    590.5864     338.7091  20.6754    18.2155 0.5117 -40.616  5.423    0.8978379   0     1798.398
        43   2234.2036    616.1070     199.9795  21.2475    10.6714 0.8393 +36.927  4.841      0.87437   0     2234.204
        44   3387.7129    620.1549     214.5722  21.1711     8.1091 0.6063 +47.103  3.102    0.8758621   0     3387.713
        45   1710.4821    624.8446     152.2021  21.5439     5.5744 0.8225 -31.656  3.610    0.8851143   0     1710.482
        46    144.9768    673.8409     514.7092  20.2211     8.1596 0.6992 +11.197  3.987    0.8847948   0     144.9768
        47   1438.8608    658.9525     285.2793  20.8618     7.6510 0.9772 +83.394  4.805    0.9122726   0     1438.861
        48   3645.0222    641.9867     150.4641  21.5564     4.3797 0.7113 -28.556  2.900    0.8627446   0     3645.022
        49    744.5464    711.2025     166.9601  21.4435     6.8636 0.9552 -46.998  5.756     0.887193   0     744.5464
        50    179.1931    767.6597     852.5469  19.6732     7.9123 0.9115  +2.382  4.327     0.931588   0     179.1931
        51   2614.9412    755.8597     409.2115  20.4701     8.0185 0.8425 -46.332  3.396    0.8935238   0     2614.941
        52   2851.5698    718.1884     432.6088  20.4098   100.4524 0.9517 -39.006  9.328    0.9190554   0      2851.57
        53   1044.8025    784.9348     656.8593  19.9563    11.6989 0.7966 -57.358  4.408    0.8919244   0     1044.803
        54   3132.6206    919.9293     1558.646  19.0181     8.7549 0.6371 -82.760  3.589    0.8987648   0     3132.621
        55   1980.0354    789.0906     362.1664  20.6027     8.3607 0.7561 +86.176  4.256    0.8703666   0     1980.035
        56      5.7713    773.7661     261.8236  20.9550     6.5085 0.8745  -5.403  4.167    0.8940606   0       5.7713
        57    294.4924    785.1216     169.7328  21.4256     8.0575 0.8721 -72.368  4.753    0.8592529   0     294.4924
        58    480.0260    850.3970     205.3923  21.2185     7.2334 0.8598 +52.714  4.966    0.8722986   0      480.026
        59   2288.4370    982.3942     840.6028  19.6885     8.3035 0.6236 +30.727  3.514    0.8841134   0     2288.437
        60   3452.5588    999.3145     125.6837  21.7518     6.9564 0.8749 +50.335  3.735    0.8995898   0     3452.559
        61   3422.8347   1049.8098     274.8424  20.9023    16.1411 0.5262 +66.529  5.219    0.8948165   0     3422.835
        62    284.2178   1032.8678     223.8729  21.1250     8.8492 0.6487 -12.970  4.094     0.871856   0     284.2178
        63     68.7151   1063.3527     265.1146  20.9414     8.1358 0.6991 -37.586  4.111    0.8892989   0      68.7151
        64   2280.5161   1099.6978     799.6432  19.7428     6.5034 0.9544  +6.378  4.023    0.9310069   0     2280.516
        65   3540.2854   1141.4023     1426.812  19.1141     6.3426 0.8923 -25.504  3.455    0.9087476   0     3540.285
        66   1685.8575   1217.3701     1500.771  19.0592    11.3554 0.5434 +65.824  3.947    0.9250398   0     1685.858
        67   2267.2524   1133.3284     752.8973  19.8082     8.3736 0.6710 -20.515  4.282    0.9292291   0     2267.252
        68   2409.8472   1155.4181     335.9376  20.6844    10.7099 0.5597 -72.863  3.843    0.8738263   0     2409.847
        69   1659.4181   1114.0939      168.231  21.4352     8.1062 0.8337 +45.927  4.206    0.8782737   0     1659.418
        70    734.4744   1201.6827     792.2911  19.7528     8.1340 0.6479 +88.590  4.271    0.9201069   0     734.4744
        71    862.8108   1191.5878     548.8186  20.1514     7.0951 0.8945 +70.546  4.410    0.8800788   0     862.8108
        72   3643.2930   1383.7537     3712.344  18.0759     9.5985 0.7439 -47.178  3.707     0.990365   0     3643.293
        73   3231.2385   1239.0173     508.6981  20.2339     5.9019 0.8125 -51.389  3.598    0.8769001   0     3231.238
        74     49.2900   1253.0569      229.523  21.0979    11.0680 0.5812 -86.645  4.346    0.8994022   0        49.29
        75    586.6934   1213.2399     127.8876  21.7329     5.5983 0.8730 +88.393  4.128    0.8874217   0     586.6934
        76   1858.7750   1228.2355     173.9109  21.3992     6.9502 0.7667 -69.861  3.065    0.8767008   0     1858.775
        77   3965.2698   1277.9973     766.1934  19.7892     7.9844 0.7162 -11.475  3.576     0.868416   0      3965.27
        78    620.2313   1436.2126     3965.182  18.0043    12.3748 0.7101 -26.123  3.887    0.9883272   0     620.2313
        79   3557.1155   1294.1517     159.9633  21.4899     6.6809 0.6994  -9.483  3.160    0.8430492   0     3557.115
        80    659.4980   1329.3593     472.2135  20.3147     5.5431 0.9696 -55.957  4.114    0.8970225   0      659.498
        81    160.7575   1328.8000     213.6208  21.1759     8.5892 0.5182 -62.651  4.329    0.8581612   0     160.7575
        82   1618.9152   1308.2198     172.7822  21.4063     6.8390 0.8871 -34.119  3.195    0.8759354   0     1618.915
        83   2136.9114   1307.8138     129.6786  21.7178     6.3552 0.8480 -33.203  3.045    0.8518918   0     2136.911
        84    215.6875   1419.5099     581.9239  20.0878     6.3300 0.7583 +89.182  4.163    0.9059442   0     215.6875
        85    997.4598   1376.5057     254.5152  20.9857     7.3918 0.8059  -9.865  4.051    0.8833125   0     997.4598
        86   2620.7107   1380.9011     167.2433  21.4416     8.2729 0.6091 -16.839  4.416    0.8780384   0     2620.711
        87   2376.9211   1470.3220      527.992  20.1934     9.6341 0.6639 +88.122  4.779    0.8996773   0     2376.921
        88   3266.9556   1575.4603     6835.446  17.4131    10.9253 0.6154 +34.361  3.692     0.985715   0     3266.956
        89   2046.5933   1399.9686     176.0648  21.3858    11.9146 0.7334 +80.517  4.185    0.9498995   0     2046.593
        90   1685.2587   1520.5232      1620.57  18.9758     7.6978 0.9674 +57.505  3.851     0.897063   0     1685.259
        91   3767.8579   1472.8414     290.5772  20.8418     9.2296 0.7080 +76.109  3.822    0.8985763   0     3767.858
        92   2389.0906   1506.5886     399.0296  20.4975    17.0475 0.7843 -19.128  5.929    0.8942965   0     2389.091
        93   3336.3135   1472.8824     188.3231  21.3127     5.1158 0.9925  -2.113  3.320    0.9040052   0     3336.314
        94    247.9295   1539.2510     711.3383  19.8698    10.7338 0.7076 +45.840  4.072    0.8995957   0     247.9295
        95    778.9392   1487.8604     149.3949  21.5642     6.3355 0.9371 +57.055  3.989    0.8753937   0     778.9392
        96    647.1336   1664.8191     5016.028  17.7491     8.9189 0.8197 -79.758  4.110     1.004974   0     647.1336
        97   3448.2913   1536.5854     244.6894  21.0285     5.1256 0.7261 -76.648  3.346      0.90453   0     3448.291
        98   1513.1385   1693.6351     2544.742  18.4859     8.6357 0.8461 +46.610  3.739    0.9226476   0     1513.139
        99    401.1113   1540.3633     128.6286  21.7267     6.3587 0.6255 -28.468  3.793    0.8783798   0     401.1113
       100    954.3774   1604.3571     476.8758  20.3040    10.0233 0.8155 -67.969  4.157    0.8809835   0     954.3774
       101    128.2409   1589.2500     192.2425  21.2904     8.7538 0.7185 +18.711  5.032    0.8865145   0     128.2409
       102   3148.4895   1638.3033     190.5316  21.3001     5.8091 0.9097 -72.800  3.260    0.8786982   0      3148.49
       103   1272.5551   1735.0188     560.3445  20.1289     7.4206 0.9007 +83.900  4.211    0.9242381   0     1272.555
       104   2802.3599   1727.7983     889.6846  19.6269     7.1085 0.9513 -49.014  3.661    0.8971064   0      2802.36
       105   1174.9004   1775.5066     2159.777  18.6640     7.1613 0.7201 +18.579  3.723    0.9403135   0       1174.9
       106     42.0506   1714.8562     444.3194  20.3808     5.8378 0.8297 -44.071  4.183    0.9389933   0      42.0506
       107   1970.8466   1702.6317     128.3803  21.7288     7.0990 0.6499 -84.206  3.486    0.8383032   0     1970.847
       108   3639.4275   1717.1543     149.7392  21.5617     6.0604 0.7514 -81.699  4.029     0.852641   0     3639.427
       109   1012.0495   1814.9081     861.0015  19.6625    18.0427 0.7491 -14.523  4.958     1.211533   0     1012.049
       110   4078.7285   1773.8455     382.1603  20.5444     6.4581 0.8697 +26.632  3.399    0.8834462   0     4078.729
       111   2018.9044   1819.3145     960.2614  19.5440     8.9524 0.6460 -22.291  3.811    0.9000812   0     2018.904
       112   2443.3665   1773.7433     174.9495  21.3927     9.1626 0.6386 -77.351  4.125     0.863422   0     2443.367
       113    885.2971   1796.7643     442.9468  20.3841     5.4674 0.8362 +24.661  3.758    0.8837054   0     885.2971
       114   1712.6198   1803.6338     328.1023  20.7100     7.1833 0.7510 -25.105  3.666    0.8974495   0      1712.62
       115    720.0947   1818.0197     312.0883  20.7643     8.2346 0.7972 -26.303  3.784    0.8863086   0     720.0947
       116   2395.4668   1876.1499     377.6599  20.5572     5.2776 0.7761 +85.746  3.211    0.8908428   0     2395.467
       117   1182.9575   1888.0818     442.2101  20.3859     8.7881 0.6116  +3.799  4.207    0.9209837   0     1182.957
       118   3508.5129   1944.0309     238.2364  21.0575     7.3988 0.7414 +34.392  3.160     0.857946   0     3508.513
       119   4134.2212   1950.2545     185.2249  21.3308     5.1813 0.9092 +14.774  3.580    0.8824423   0     4134.221
       120   2981.0498   1895.5077     156.8723  21.5111     8.7746 0.8785 +59.302  4.659    0.8963628   0      2981.05
       121   1325.1759   1934.7379     119.0719  21.8105     6.0223 0.7771 +28.443  3.375    0.8369587   0     1325.176
       122    634.5468   2002.9871     138.7138  21.6447    12.2357 0.4235 +27.638  3.772    0.9065475   0     634.5468
       123    112.0116   2197.1309     4783.205  17.8007    11.4552 0.7225 -81.342  3.917      1.11275   0     112.0116
       124   3517.7593   2045.9554     366.7044  20.5892     5.3512 0.8827  -1.328  3.175    0.8608553   0     3517.759
       125    856.6381   2020.8658     205.9134  21.2158    10.0158 0.7186 +32.842  5.751    0.8974413   0     856.6381
       126    563.7824   2082.2039     210.7689  21.1905     7.6331 0.6536 +79.008  3.775    0.8832812   0     563.7824
       127   1046.4792   2061.5007     174.3619  21.3964     7.5911 0.7016 +20.625  2.704    0.9038197   0     1046.479
       128   2107.9880   2061.5281     145.2932  21.5944     6.7506 0.8434 -81.035  3.513    0.8739055   0     2107.988
       129   3486.3169   2124.6609     271.9634  20.9137     5.9439 0.8379 +69.710  3.198     0.872766   0     3486.317
       130    734.7087   2100.3362     155.1582  21.5231    11.9756 0.4939 -11.542  5.600    0.8740725   0     734.7087
       131   3810.8638   2177.1025     599.2965  20.0559    11.5239 0.4776 +49.537  3.634    0.8780923   0     3810.864
       132    585.5790   2119.2812     149.5347  21.5631     7.7846 0.8518 -12.689  4.546    0.8970072   0      585.579
       133    683.4930   2119.3459     143.7743  21.6058     7.1318 0.8658 -20.364  4.153    0.8868876   0      683.493
       134    601.7617   2457.8416     16768.54  16.4388     8.3370 0.9422 -72.005  3.944     1.408556   0     601.7617
       135   1470.0167   2176.6960     254.8941  20.9841     8.6816 0.7638  -1.138  4.355    0.8761914   0     1470.017
       136   2313.0723   2182.4509     132.5184  21.6943     6.7591 0.7456 +64.603  4.652    0.8807442   0     2313.072
       137   2677.5029   2197.2029     236.6772  21.0646     5.4616 0.8338 +48.736  3.913    0.8535497   0     2677.503
       138   3146.2878   2193.3435     148.9196  21.5676     4.0061 0.9501 +43.745  2.953    0.8679413   0     3146.288
       139   3244.9109   2196.2410     145.8046  21.5906     7.0641 0.8548 +14.888  5.217    0.8784255   0     3244.911
       140    681.2921   2289.9211     918.2391  19.5926     8.4227 0.8706 +53.367  3.868    0.9842147   0     681.2921
       141   1864.8473   2250.6282     151.1751  21.5513     6.9008 0.6930 -43.391  3.049    0.8589204   0     1864.847
       142   2532.7717   2236.1064     121.7346  21.7865     4.0756 0.9334 +15.872  2.984    0.8692849   0     2532.772
       143    766.8765   2329.8108     703.8176  19.8813     9.4725 0.6019 -31.912  3.616    0.9009641   0     766.8765
       144   2270.4160   2352.8643     376.3271  20.5611    10.8205 0.5060 -18.655  3.810    0.8535438   0     2270.416
       145   1474.9392   2367.0076     288.6273  20.8492    12.3381 0.5422 +64.660  4.577    0.8873724   0     1474.939
       146   1130.5524   2347.0557     146.7026  21.5839     6.8142 0.8603 +32.542  4.234     0.874783   0     1130.552
       147   3937.4910   2567.9546     2043.806  18.7239    11.0455 0.7364 +29.283  3.692    0.9007162   0     3937.491
       148    107.2874   2372.5249     139.0596  21.6420     5.1746 0.9261 +23.133  3.427    0.8644308   0     107.2874
       149   2884.4546   2421.7124      327.574  20.7117     8.6050 0.8717  +5.426  4.166    0.8639814   0     2884.455
       150   4043.4792   2444.0417     219.4652  21.1466     5.3267 0.8759 -72.250  2.925    0.8788085   0     4043.479
       151   3056.7954   2544.1909     2189.671  18.6491     9.4019 0.8380 +36.408  3.477    0.9435095   0     3056.795
       152   1117.7533   2442.8347     194.5893  21.2772     8.7707 0.7763 -16.147  4.237    0.8819913   0     1117.753
       153    754.5425   2457.3882     150.6974  21.5547     4.5996 0.6373 -39.102  3.082    0.8758163   0     754.5425
       154   1850.0621   2452.8796     132.7934  21.6921     6.3788 0.6603 -44.161  3.404    0.8768207   0     1850.062
       155   1316.6388   2464.9744      173.711  21.4004    11.3337 0.7870 -50.111  5.810    0.8889478   0     1316.639
       156   3125.4150   2524.4414       602.45  20.0502     8.6884 0.7307 +21.693  4.220     0.919152   0     3125.415
       157   1200.9705   2472.3848     165.4496  21.4533     6.7383 0.9098 -43.693  3.873     0.844376   0      1200.97
       158   2951.0984   2500.3535     194.8166  21.2759     6.2388 0.6803 -60.195  2.893    0.8790448   0     2951.098
       159    133.3888   2483.7651     124.3684  21.7632     6.8630 0.7825 +46.745  3.290    0.8667777   0     133.3888
       160   3733.8269   2503.9553     175.5768  21.3888     7.1263 0.7739 -31.106  3.216    0.8475302   0     3733.827
       161   3333.5640   2521.8135     243.3293  21.0345     6.6395 0.7050 +55.499  3.084    0.8681888   0     3333.564
       162   3256.4375   2565.1306     463.6806  20.3345     7.8193 0.6815 -56.738  2.513    0.9695583   0     3256.438
       163   1825.1671   2523.8821     138.3555  21.6475     5.0589 0.7377 -49.525  3.017    0.8757322   0     1825.167
       164   1098.2561   2617.0928     359.2433  20.6115     7.7257 0.8556 -84.249  3.743    0.8897323   0     1098.256
       165    900.3380   2588.5056     189.2361  21.3075     7.3563 0.7219 +55.386  2.410    0.9462916   0      900.338
       166   3984.1245   2570.4944     566.0919  20.1178   162.6312 0.7475 +29.305  7.138    0.9293584   0     3984.124
       167   2985.8577   2581.5598     183.3034  21.3421     4.4041 0.9712 +80.914  2.757    0.8701025   0     2985.858
       168   2087.7512   2688.0615     1637.921  18.9643    10.0299 0.8739 -77.090  3.658     0.930169   0     2087.751
       169   1567.9150   2601.5840     238.5951  21.0558     6.1390 0.9245 +67.500  3.609    0.8621037   0     1567.915
       170   1907.2842   2595.1794     133.5678  21.6857     5.1418 0.9263 -44.677  4.223    0.8596788   0     1907.284
       171   2716.8906   2611.6191     210.3628  21.1926    12.8373 0.5492 +12.698  5.210    0.8544234   0     2716.891
       172   1748.1238   2627.5261     225.5262  21.1170     4.8534 0.8787 -59.184  3.203     0.849506   0     1748.124
       173   3179.9341   2693.7744     316.8504  20.7479     5.8437 0.8518 -80.239  3.866    0.8896707   0     3179.934
       174   2335.5254   2652.6626     229.1327  21.0998     7.0095 0.6191 -81.805  1.844    0.9239404   0     2335.525
       175   3580.9131   2653.0234     292.3811  20.8351     5.5761 0.9000 -85.027  3.442     0.871665   0     3580.913
       176    360.3671   2647.5149     235.9118  21.0681     6.7614 0.6218 -16.548  4.004    0.8745059   0     360.3671
       177   2888.1958   2690.9697     127.8413  21.7333     5.3614 0.9207  +9.069  3.805    0.8775785   0     2888.196
       178    325.5045   2755.7593      1038.11  19.4594     8.3232 0.7419 +26.714  4.136     0.917033   0     325.5045
       179   2253.8887   2699.7566     156.3708  21.5146     4.9756 0.7330 -28.997  2.839    0.8566315   0     2253.889
       180   3607.8926   2754.0085     425.3294  20.4282    10.2598 0.6231 +37.696  3.803    0.8731788   0     3607.893
       181     50.2324   2727.1694      136.771  21.6600     7.6676 0.5407 +60.577  4.139    0.9048318   0      50.2324
       182    694.4663   2770.9285     362.3974  20.6020     6.9650 0.6639 -79.720  3.574    0.8943007   0     694.4663
       183    723.1705   2728.6477     140.0582  21.6342     6.4053 0.7726 +10.494  3.917    0.8852945   0     723.1705
       184   3871.3564   2828.6892     1423.514  19.1166     7.1902 0.7937 +58.128  3.775    0.9279324   0     3871.356
       185   4184.6821   2801.0620     248.2909  21.0126     6.4129 0.6162 -69.463  3.456    0.8610192   0     4184.682
       186    582.2476   2799.5952     134.1873  21.6807     5.2505 0.7835 +79.797  3.419    0.8734911   0     582.2476
       187    519.0295   2813.0950     228.0236  21.1051     9.6298 0.8134 -87.292  4.365    0.8678223   0     519.0295
       188   2928.2761   2854.4539     186.3955  21.3239     9.2225 0.8410 -63.889  4.400    0.8755335   0     2928.276
       189    231.7608   2835.2085       288.72  20.8488     9.8600 0.8064 +19.745  3.736    0.9088666   0     231.7608
       190    842.6753   2935.4712     1490.427  19.0667    10.8127 0.5583 -29.597  3.692    0.9127492   0     842.6753
       191   3986.3977   2888.3540     168.6432  21.4326     6.8374 0.5358 +35.364  3.018    0.8939303   0     3986.398
       192   1843.6403   2888.0981     164.0988  21.4622     6.5827 0.8108 +11.821  3.668    0.8584898   0      1843.64
       193   3299.0039   2973.3196     522.4268  20.2049    11.6531 0.6221 -18.503  3.930    0.9049169   0     3299.004
       194   1453.9436   2929.2615     205.2584  21.2192     4.9488 0.8866 +51.000  4.058    0.8749184   0     1453.944
       195   2451.1248   2935.4880     116.9686  21.8298     4.5905 0.8760  -6.965  3.332    0.8491381   0     2451.125
       196   3963.9014   3000.3657     467.0884  20.3265     6.8548 0.7119 -71.874  3.699    0.8626814   0     3963.901
       197     43.8257   2974.4648     191.9058  21.2923    15.1711 0.6484  -4.444  5.743    0.8739068   0      43.8257
       198   3338.3279   3006.9575     258.8676  20.9673     6.4999 0.7862 -53.536  4.147    0.9330606   0     3338.328
       199    928.5508   3020.0693     185.8567  21.3271     6.4768 0.6480 +79.819  2.778    0.8778865   0     928.5508
       200    708.7299   2992.2671     143.7068  21.6063     4.9547 0.8544  +0.603  3.412    0.8827381   0     708.7299
       201   1272.3751   3027.7222     223.3951  21.1273     9.4968 0.7204  -3.588  5.176    0.8586357   0     1272.375
       202   2618.7380   3016.0078      158.181  21.5021     7.4217 0.7006 -31.983  3.191    0.8812727   0     2618.738
       203   2905.8657   3224.8220     431.2701  20.4131     8.5462 0.6658 -22.212  3.608    0.8787057   0     2905.866
       204   2799.6284   3028.6267     127.3797  21.7372     5.4072 0.8380 +69.505  3.490    0.9014079   0     2799.628
       205    577.1101   3064.4570     205.7192  21.2168    29.9776 0.4969 +47.243  5.652    0.8885238   0     577.1101
       206   4041.4019   3076.9836     125.0559  21.7572     3.8978 0.9006 +45.330  3.105    0.8619524   0     4041.402
       207    509.9799   3118.8860      199.931  21.2478     4.5237 0.9375  -7.644  3.248     0.880575   0     509.9799
       208   3782.8445   3138.4512     158.7751  21.4980     7.6389 0.9090 -43.883  4.410     0.904094   0     3782.845
       209   3300.6892   4094.6118     222.5224  21.1316     8.8034 0.5527  -2.896  4.149    0.8769538   0     3300.689
       210   2226.3533   4069.4932     392.9363  20.5142    10.0045 0.6170 -10.153  4.102    0.8804704   0     2226.353
       211   1282.8480   3637.8430     124.4685  21.7624     6.1509 0.6746 -50.772  1.248    0.8879242   0     1282.848
       212   3057.1060   3599.5540     166.4516  21.4468     6.3653 0.6341 +44.264  3.131     0.873062   0     3057.106
       213   3483.1392   3563.6636      706.863  19.8767    10.1358 0.7776  +2.207  3.935     0.885219   0     3483.139
       214   1966.4650   3436.2588     152.0173  21.5453     5.2591 0.6669 +35.922  3.131    0.8696702   0     1966.465
       215   2900.2866   4074.2266     260.2781  20.9614     7.1256 0.5844 -26.122  3.593    0.9068563   0     2900.287
       216   3694.8621   3870.2375     204.6696  21.2224     8.3157 0.8534 -60.289  4.591    0.8528109   0     3694.862
       217   1856.4415   3803.8870      1027.43  19.4706     8.9672 0.6184 +52.930  3.506    0.8718163   0     1856.441
       218   3952.0171   3888.3555     175.9906  21.3863    11.2333 0.6015 +63.537  4.799    0.8643112   0     3952.017
       219   1501.0348   3817.7634     2122.701  18.6828     8.0020 0.7391  +9.026  3.798    0.9262124   0     1501.035
       220   2757.2678   3864.1882     193.1445  21.2853     5.9101 0.8268  +3.334  3.168      0.86858   0     2757.268
       221   3446.0249   3793.5601     2209.802  18.6391     7.1746 0.8103 -85.121  3.914     1.038904   0     3446.025
       222   4045.5078   3790.5347     658.5184  19.9536     7.1070 0.8717 -57.356  4.461     0.945062   0     4045.508
       223   1498.3391   3867.3184     311.9311  20.7649    12.9888 0.5048 -68.870  4.130    0.9050037   0     1498.339
       224   1001.7892   3850.7783     110.5859  21.8908     5.1947 0.6343 +63.701  2.421     0.836114   0     1001.789
       225    104.0493   3803.8748     176.5672  21.3827    10.1251 0.7629 +24.430  5.109    0.8606976   0     104.0493
       226   2328.5967   3768.0537     3301.538  18.2032     7.9536 0.7601 -41.406  3.810    0.9904022   0     2328.597
       227   3112.3528   3711.5662     334.0918  20.6903    12.2953 0.6118 -39.292  4.570    0.8775595   0     3112.353
       228    625.5222   3808.5969     361.1596  20.6058     8.0335 0.8621 +42.249  3.734    0.8953412   0     625.5222
       229    576.9473   3759.7969     282.0416  20.8742     8.7861 0.6543 +63.900  3.663    0.9063473   0     576.9473
       230   1090.4420   3676.6855     151.8666  21.5463     5.9693 0.7432 -13.675  3.161    0.8803354   0     1090.442
       231   4147.1890   3591.2271     385.0088  20.5363     6.8674 0.6527 +72.845  3.357    0.8965436   0     4147.189
       232    284.7950   3676.8628     1292.214  19.2217     8.1595 0.8470 -51.321  4.172    0.9272372   0      284.795
       233   2601.2031   3694.6328     213.7569  21.1752     9.7296 0.6377  +7.164  4.912    0.8992451   0     2601.203
       234   3121.1294   3525.7825     124.7015  21.7603     3.5740 0.9003 -22.243  2.484    0.8536205   0     3121.129
       235    187.8432   3693.4346     119.7297  21.8045     6.9295 0.5919 -51.287  2.398    0.8517244   0     187.8432
       236    534.9802   3678.4978     209.6915  21.1960     6.2893 0.7896 -88.145  3.046    0.8809997   0     534.9802
       237   1651.2352   3554.1658     388.6959  20.5260     6.8763 0.8245 +55.882  3.882    0.8771139   0     1651.235
       238   3568.4185   3363.1147     1761.839  18.8851     7.8414 0.6840 +30.199  3.787    0.9314213   0     3568.419
       239   2172.0234   3551.7078     202.3602  21.2347     8.8194 0.8022 -33.921  5.751    0.8767973   0     2172.023
       240    550.2419   3450.1968     6366.558  17.4902    10.5774 0.8354 -48.649  3.569    0.9705706   0     550.2419
       241   2007.1239   3564.9272     226.8899  21.1105     5.9024 0.9399 +64.632  3.395    0.8992188   0     2007.124
       242   2585.3037   3466.1079     212.8997  21.1796     6.8450 0.6432 -76.709  3.055     0.897064   0     2585.304
       243   1347.9896   3473.8030     450.0553  20.3668     7.3230 0.7016 +47.114  3.520    0.8629805   0      1347.99
       244   1839.6414   3488.6479     393.9365  20.5114     6.0534 0.8829 +69.626  3.874    0.8772788   0     1839.641
       245   2671.7683   3470.6147     534.7181  20.1797     6.2338 0.7868 +47.219  3.557    0.9295421   0     2671.768
       246   2708.0955   3472.7532     193.7508  21.2819    19.8503 0.8230  +7.927  6.738    0.9232445   0     2708.095
       247   3014.4534   3418.5173      135.432  21.6707     6.2170 0.7581 -56.509  4.222    0.8700348   0     3014.453
       248   3141.4553   3364.5117     194.4069  21.2782     6.7514 0.8692 +13.487  3.364    0.8587317   0     3141.455
       249   3798.8540   3304.3213     959.3112  19.5451    10.7250 0.5963 +24.438  3.951    0.8761706   0     3798.854
       250    988.4556   3250.7188     198.2261  21.2571     8.5808 0.6207 -45.240  4.511    0.8576914   0     988.4556
       251    102.8681   3283.0430     671.6238  19.9322    12.4564 0.4867 +48.371  3.716    0.9040083   0     102.8681
       252   2684.2156   3247.7339     132.3305  21.6959     5.0367 0.8498 +58.702  2.650    0.8652465   0     2684.216
       253   1339.6266   3981.8149     323.7826  20.7244     8.8112 0.6882 +19.372  3.187    0.8984657   0     1339.627
       254    110.1220   3545.7729      551.368  20.1464     9.7451 0.7234 +43.407  4.844    0.9032278   0      110.122
       255   4162.8799   3152.8984     121.2899  21.7904     5.4812 0.7221 +18.809  3.122    0.8726462   0      4162.88
       256   1059.0455   3979.2983     324.1328  20.7232     4.7939 0.9935 -88.674  3.731    0.8701954   0     1059.045
       257   1839.9894   4019.7109     359.6096  20.6104     7.0792 0.7376 -21.165  3.434     0.878018   0     1839.989
       258   2681.2097   3996.9050     451.6035  20.3631     5.0391 0.8418 -20.696  3.184    0.9135107   0      2681.21
       259   2052.1770   3923.9851     279.5598  20.8838     9.3614 0.8066 -21.582  4.005    0.8748642   0     2052.177
       260   1948.7020   4062.5161     143.6033  21.6071     6.8216 0.8039 -80.160  3.331     0.879504   0     1948.702
       261   4080.7231   3928.6748     163.5475  21.4659     5.4237 0.7654  +6.802  4.234    0.9065261   0     4080.723
       262   3330.9626   3638.9377     166.3391  21.4475     6.7168 0.7399  -7.272  3.385    0.8724297   0     3330.963
       263   1520.8146   3925.0674     194.5619  21.2774     6.8427 0.8472 -32.266  4.207    0.8698748   0     1520.815
