4024.5 336.8 11230.19000 8.911 0.82 77.8 3.6 885
2753.9 65.3 1542.47200 6.803 0.69 64.8 3.6 555
2281.6 64.5 337.26000 8.180 0.79 -57.0 3.8 437
3848.1 54.6 212.14270 5.606 0.78 -1.6 3.3 287
1791.5 50.3 127.01200 4.819 0.65 43.6 3.1 247
3408.9 34.7 473.13940 6.108 0.71 -22.5 3.4 387
1055.5 71.7 135.99650 6.600 0.61 -82.4 4.1 381
351.2 10.5 187.69530 7.022 0.70 -59.9 4.5 513
1632.2 205.1 947.31820 8.141 0.86 -23.5 4 551
184.3 87.7 196.39000 8.349 0.54 28.2 4.5 533
2527.9 110.5 297.80540 8.955 0.78 -86.2 4.5 541
829.3 198.8 234.10190 9.205 0.84 -51.7 4.5 471
3347.1 204.5 716.47230 8.328 0.60 87.4 3.9 609
2466.3 151.3 152.64960 6.250 0.91 -41.4 4.1 313
1493.2 184.3 162.59270 8.718 0.83 -80.0 4.5 513
762.6 234.9 916.73630 8.093 0.78 38.9 4.4 631
2609.7 216.9 245.33940 6.026 0.64 -57.6 3.9 393
261.7 255.6 609.11470 6.661 0.85 81.1 4.3 483
1085.9 270.8 145.79070 8.412 0.58 80.3 4.3 463
3846.3 292.9 563.88170 6.200 0.70 -5.4 3.5 409
2084.8 298.0 205.99800 6.833 0.55 59.3 4.1 451
447.6 318.6 327.10760 8.520 0.59 65.2 4.1 541
1267.6 316.7 206.36650 6.024 0.64 22.0 4.5 419
1101.3 423.8 1028.48500 7.917 0.71 86.5 3.8 585
274.2 417.9 1153.46900 7.497 0.73 67.5 4.3 643
1509.3 385.9 506.69720 6.400 0.99 89.4 4.2 407
1690.0 432.4 153.48150 6.066 0.77 64.6 3.5 295
3563.1 453.5 227.18820 9.772 0.81 -31.1 4.4 481
892.9 441.5 165.59980 8.588 0.67 -29.5 4.5 505
2912.6 675.1 9358.26800 10.471 0.75 -50.3 3.6 977
1037.5 530.8 1360.17700 7.585 0.94 -2.5 4 547
699.5 456.5 179.38130 7.717 0.78 -9.0 4.5 463
2305.3 467.1 125.25640 6.071 0.74 -89.9 3.3 277
3747.8 526.9 820.41770 8.349 0.83 -34.9 3.5 481
1514.0 534.5 422.36150 9.445 0.86 -39.6 4.5 579
3153.3 515.8 239.40340 6.003 0.81 49.3 3.4 305
2070.3 569.1 140.08340 6.328 0.89 60.4 4.5 337
1389.0 581.3 357.60650 6.583 0.96 -25.6 4.3 401
1823.6 569.3 278.37180 10.400 0.97 -56.1 4.5 563
3480.6 589.0 347.82650 5.841 0.91 -58.1 3.6 329
2473.9 564.3 252.08910 7.360 0.64 -11.5 4.5 549
1798.4 590.6 338.70910 13.030 0.51 -40.6 4.5 871
2234.2 616.1 199.97950 9.776 0.84 36.9 4.5 485
3387.7 620.2 214.57220 6.314 0.61 47.1 3.1 331
1710.5 624.8 152.20210 5.056 0.82 -31.7 3.6 265
145.0 673.8 514.70920 6.823 0.70 11.2 4 483
1438.9 659.0 285.27930 7.563 0.98 83.4 4.5 435
3645.0 642.0 150.46410 3.694 0.71 -28.6 2.9 193
744.5 711.2 166.96010 6.708 0.96 -47.0 4.5 407
179.2 767.7 852.54690 7.554 0.91 2.4 4.3 541
2614.9 755.9 409.21150 7.360 0.84 -46.3 3.4 379
2851.6 718.2 432.60880 97.996 0.95 -39.0 4.5 1439
1044.8 784.9 656.85930 10.442 0.80 -57.4 4.4 653
3132.6 919.9 1558.64600 6.988 0.64 -82.8 3.6 585
1980.0 789.1 362.16640 7.270 0.76 86.2 4.3 469
5.8 773.8 261.82360 6.086 0.87 -5.4 4.2 363
294.5 785.1 169.73280 7.525 0.87 -72.4 4.5 399
480.0 850.4 205.39230 6.707 0.86 52.7 4.5 413
2288.4 982.4 840.60280 6.557 0.62 30.7 3.5 493
3452.6 999.3 125.68370 6.507 0.87 50.3 3.7 291
3422.8 1049.8 274.84240 11.709 0.53 66.5 4.5 757
284.2 1032.9 223.87290 7.127 0.65 -13.0 4.1 433
68.7 1063.4 265.11460 6.803 0.70 -37.6 4.1 425
2280.5 1099.7 799.64320 6.353 0.95 6.4 4 443
3540.3 1141.4 1426.81200 5.991 0.89 -25.5 3.5 425
1685.9 1217.4 1500.77100 8.371 0.54 65.8 3.9 769
2267.3 1133.3 752.89730 6.859 0.67 -20.5 4.3 575
2409.8 1155.4 335.93760 8.012 0.56 -72.9 3.8 519
1659.4 1114.1 168.23100 7.402 0.83 45.9 4.2 371
734.5 1201.7 792.29110 6.547 0.65 88.6 4.3 575
862.8 1191.6 548.81860 6.710 0.89 70.5 4.4 471
3643.3 1383.8 3712.34400 8.279 0.74 -47.2 3.7 735
3231.2 1239.0 508.69810 5.320 0.81 -51.4 3.6 353
49.3 1253.1 229.52300 8.438 0.58 -86.6 4.3 525
586.7 1213.2 127.88760 5.231 0.87 88.4 4.1 281
1858.8 1228.2 173.91090 6.086 0.77 -69.9 3.1 273
3965.3 1278.0 766.19340 6.757 0.72 -11.5 3.6 467
620.2 1436.2 3965.18200 10.428 0.71 -26.1 3.9 923
3557.1 1294.2 159.96330 5.587 0.70 -9.5 3.2 275
659.5 1329.4 472.21350 5.458 0.97 -56.0 4.1 367
160.8 1328.8 213.62080 6.183 0.52 -62.7 4.3 465
1618.9 1308.2 172.78220 6.441 0.89 -34.1 3.2 271
2136.9 1307.8 129.67860 5.852 0.85 -33.2 3 239
215.7 1419.5 581.92390 5.512 0.76 89.2 4.2 441
997.5 1376.5 254.51520 6.636 0.81 -9.9 4.1 383
2620.7 1380.9 167.24330 6.457 0.61 -16.8 4.4 419
2376.9 1470.3 527.99200 7.850 0.66 88.1 4.5 627
3267.0 1575.5 6835.44600 8.571 0.62 34.4 3.7 925
2046.6 1400.0 176.06480 10.204 0.73 80.5 4.2 467
1685.3 1520.5 1620.57000 7.571 0.97 57.5 3.9 539
3767.9 1472.8 290.57720 7.766 0.71 76.1 3.8 437
2389.1 1506.6 399.02960 15.097 0.78 -19.1 4.5 823
3336.3 1472.9 188.32310 5.097 0.99 -2.1 3.3 235
247.9 1539.3 711.33830 9.029 0.71 45.8 4.1 613
778.9 1487.9 149.39490 6.133 0.94 57.1 4 297
647.1 1664.8 5016.02800 8.075 0.82 -79.8 4.1 823
3448.3 1536.6 244.68940 4.368 0.73 -76.6 3.3 267
1513.1 1693.6 2544.74200 7.943 0.85 46.6 3.7 631
401.1 1540.4 128.62860 5.029 0.63 -28.5 3.8 303
954.4 1604.4 476.87580 9.052 0.82 -68.0 4.2 531
128.2 1589.2 192.24250 7.420 0.72 18.7 4.5 469
3148.5 1638.3 190.53160 5.541 0.91 -72.8 3.3 255
1272.6 1735.0 560.34450 7.043 0.90 83.9 4.2 463
2802.4 1727.8 889.68460 6.933 0.95 -49.0 3.7 435
1174.9 1775.5 2159.77700 6.077 0.72 18.6 3.7 561
42.1 1714.9 444.31940 5.318 0.83 -44.1 4.2 391
1970.8 1702.6 128.38030 5.723 0.65 -84.2 3.5 299
3639.4 1717.2 149.73920 5.253 0.75 -81.7 4 309
1012.0 1814.9 861.00150 15.616 0.75 -14.5 4.5 957
4078.7 1773.8 382.16030 6.023 0.87 26.6 3.4 327
2018.9 1819.3 960.26140 7.195 0.65 -22.3 3.8 569
2443.4 1773.7 174.94950 7.322 0.64 -77.4 4.1 421
885.3 1796.8 442.94680 5.000 0.84 24.7 3.8 341
1712.6 1803.6 328.10230 6.225 0.75 -25.1 3.7 373
720.1 1818.0 312.08830 7.352 0.80 -26.3 3.8 403
2395.5 1876.1 377.65990 4.649 0.78 85.7 3.2 281
1183.0 1888.1 442.21010 6.873 0.61 3.8 4.2 525
3508.5 1944.0 238.23640 6.371 0.74 34.4 3.2 313
4134.2 1950.3 185.22490 4.940 0.91 14.8 3.6 257
2981.0 1895.5 156.87230 8.224 0.88 59.3 4.5 401
1325.2 1934.7 119.07190 5.309 0.78 28.4 3.4 251
634.5 2003.0 138.71380 7.963 0.42 27.6 3.8 477
112.0 2197.1 4783.20500 9.737 0.72 -81.3 3.9 919
3517.8 2046.0 366.70440 5.028 0.88 -1.3 3.2 271
856.6 2020.9 205.91340 8.490 0.72 32.8 4.5 551
563.8 2082.2 210.76890 6.171 0.65 79.0 3.8 369
1046.5 2061.5 174.36190 6.358 0.70 20.6 2.7 263
2108.0 2061.5 145.29320 6.200 0.84 -81.0 3.5 283
3486.3 2124.7 271.96340 5.441 0.84 69.7 3.2 277
734.7 2100.3 155.15820 8.416 0.49 -11.5 4.5 599
3810.9 2177.1 599.29650 7.964 0.48 49.5 3.6 607
585.6 2119.3 149.53470 7.185 0.85 -12.7 4.5 371
683.5 2119.3 143.77430 6.636 0.87 -20.4 4.2 329
601.8 2457.8 16768.54000 8.092 0.94 -72.0 3.9 927
1470.0 2176.7 254.89410 7.587 0.76 -1.1 4.4 447
2313.1 2182.5 132.51840 5.836 0.75 64.6 4.5 353
2677.5 2197.2 236.67720 4.987 0.83 48.7 3.9 309
3146.3 2193.3 148.91960 3.905 0.95 43.7 3 177
3244.9 2196.2 145.80460 6.531 0.85 14.9 4.5 385
681.3 2289.9 918.23910 7.859 0.87 53.4 3.9 517
1864.8 2250.6 151.17510 5.745 0.69 -43.4 3 269
2532.8 2236.1 121.73460 3.938 0.93 15.9 3 173
766.9 2329.8 703.81760 7.349 0.60 -31.9 3.6 531
2270.4 2352.9 376.32710 7.697 0.51 -18.7 3.8 545
1474.9 2367.0 288.62730 9.085 0.54 64.7 4.5 619
1130.6 2347.1 146.70260 6.320 0.86 32.5 4.2 329
3937.5 2568.0 2043.80600 9.479 0.74 29.3 3.7 709
107.3 2372.5 139.05960 4.980 0.93 23.1 3.4 233
2884.5 2421.7 327.57400 8.034 0.87 5.4 4.2 443
4043.5 2444.0 219.46520 4.985 0.88 -72.2 2.9 227
3056.8 2544.2 2189.67100 8.607 0.84 36.4 3.5 597
1117.8 2442.8 194.58930 7.728 0.78 -16.1 4.2 409
754.5 2457.4 150.69740 3.672 0.64 -39.1 3.1 215
1850.1 2452.9 132.79340 5.183 0.66 -44.2 3.4 277
1316.6 2465.0 173.71100 10.054 0.79 -50.1 4.5 539
3125.4 2524.4 602.45000 7.427 0.73 21.7 4.2 539
1201.0 2472.4 165.44960 6.427 0.91 -43.7 3.9 309
2951.1 2500.4 194.81660 5.146 0.68 -60.2 2.9 255
133.4 2483.8 124.36840 6.071 0.78 46.7 3.3 267
3733.8 2504.0 175.57680 6.269 0.77 -31.1 3.2 289
3333.6 2521.8 243.32930 5.575 0.70 55.5 3.1 291
3256.4 2565.1 463.68060 6.455 0.68 -56.7 2.5 299
1825.2 2523.9 138.35550 4.345 0.74 -49.5 3 215
1098.3 2617.1 359.24330 7.146 0.86 -84.2 3.7 393
900.3 2588.5 189.23610 6.250 0.72 55.4 2.4 235
3984.1 2570.5 566.09190 140.608 0.75 29.3 4.5 1955
2985.9 2581.6 183.30340 4.340 0.97 80.9 2.8 181
2087.8 2688.1 1637.92100 9.376 0.87 -77.1 3.7 613
1567.9 2601.6 238.59510 5.903 0.92 67.5 3.6 301
1907.3 2595.2 133.56780 4.949 0.93 -44.7 4.2 273
2716.9 2611.6 210.36280 9.513 0.55 12.7 4.5 627
1748.1 2627.5 225.52620 4.550 0.88 -59.2 3.2 235
3179.9 2693.8 316.85040 5.393 0.85 -80.2 3.9 337
2335.5 2652.7 229.13270 5.515 0.62 -81.8 1.8 185
3580.9 2653.0 292.38110 5.290 0.90 -85.0 3.4 287
360.4 2647.5 235.91180 5.332 0.62 -16.5 4 377
2888.2 2691.0 127.84130 5.144 0.92 9.1 3.8 255
325.5 2755.8 1038.11000 7.169 0.74 26.7 4.1 583
2253.9 2699.8 156.37080 4.260 0.73 -29.0 2.8 205
3607.9 2754.0 425.32940 8.099 0.62 37.7 3.8 517
50.2 2727.2 136.77100 5.638 0.54 60.6 4.1 377
694.5 2770.9 362.39740 5.675 0.66 -79.7 3.6 375
723.2 2728.6 140.05820 5.630 0.77 10.5 3.9 305
3871.4 2828.7 1423.51400 6.406 0.79 58.1 3.8 515
4184.7 2801.1 248.29090 5.034 0.62 -69.5 3.5 325
582.2 2799.6 134.18730 4.648 0.78 79.8 3.4 241
519.0 2813.1 228.02360 8.685 0.81 -87.3 4.4 451
2928.3 2854.5 186.39550 8.458 0.84 -63.9 4.4 419
231.8 2835.2 288.72000 8.854 0.81 19.7 3.7 431
842.7 2935.5 1490.42700 8.079 0.56 -29.6 3.7 695
3986.4 2888.4 168.64320 5.005 0.54 35.4 3 285
1843.6 2888.1 164.09880 5.927 0.81 11.8 3.7 301
3299.0 2973.3 522.42680 9.191 0.62 -18.5 3.9 597
1453.9 2929.3 205.25840 4.660 0.89 51.0 4.1 289
2451.1 2935.5 116.96860 4.296 0.88 -7.0 3.3 207
3963.9 3000.4 467.08840 5.784 0.71 -71.9 3.7 399
43.8 2974.5 191.90580 12.216 0.65 -4.4 4.5 657
3338.3 3007.0 258.86760 5.763 0.79 -53.5 4.1 369
928.6 3020.1 185.85670 5.214 0.65 79.8 2.8 251
708.7 2992.3 143.70680 4.580 0.85 0.6 3.4 231
1272.4 3027.7 223.39510 8.061 0.72 -3.6 4.5 515
2618.7 3016.0 158.18100 6.212 0.70 -32.0 3.2 293
2905.9 3224.8 431.27010 6.973 0.67 -22.2 3.6 441
2799.6 3028.6 127.37970 4.950 0.84 69.5 3.5 243
577.1 3064.5 205.71920 21.132 0.50 47.2 4.5 939
4041.4 3077.0 125.05590 3.699 0.90 45.3 3.1 177
510.0 3118.9 199.93100 4.380 0.94 -7.6 3.2 221
3782.8 3138.5 158.77510 7.283 0.91 -43.9 4.4 359
3300.7 4094.6 222.52240 6.545 0.55 -2.9 4.1 453
2226.4 4069.5 392.93630 7.858 0.62 -10.2 4.1 535
1282.8 3637.8 124.46850 5.052 0.67 -50.8 1.2 107
3057.1 3599.6 166.45160 5.069 0.63 44.3 3.1 271
3483.1 3563.7 706.86300 8.938 0.78 2.2 3.9 565
1966.5 3436.3 152.01730 4.295 0.67 35.9 3.1 235
2900.3 4074.2 260.27810 5.447 0.58 -26.1 3.6 367
3694.9 3870.2 204.66960 7.682 0.85 -60.3 4.5 417
1856.4 3803.9 1027.43000 7.052 0.62 52.9 3.5 535
3952.0 3888.4 175.99060 8.712 0.60 63.5 4.5 523
1501.0 3817.8 2122.70100 6.879 0.74 9.0 3.8 607
2757.3 3864.2 193.14450 5.374 0.83 3.3 3.2 257
3446.0 3793.6 2209.80200 6.458 0.81 -85.1 3.9 583
4045.5 3790.5 658.51840 6.635 0.87 -57.4 4.5 499
1498.3 3867.3 311.93110 9.228 0.50 -68.9 4.1 613
1001.8 3850.8 110.58590 4.137 0.63 63.7 2.4 175
104.0 3803.9 176.56720 8.844 0.76 24.4 4.5 485
2328.6 3768.1 3301.53800 6.934 0.76 -41.4 3.8 659
3112.4 3711.6 334.09180 9.617 0.61 -39.3 4.5 621
625.5 3808.6 361.15960 7.459 0.86 42.2 3.7 399
576.9 3759.8 282.04160 7.107 0.65 63.9 3.7 415
1090.4 3676.7 151.86660 5.146 0.74 -13.7 3.2 251
4147.2 3591.2 385.00880 5.548 0.65 72.8 3.4 357
284.8 3676.9 1292.21400 7.509 0.85 -51.3 4.2 593
2601.2 3694.6 213.75690 7.770 0.64 7.2 4.5 515
3121.1 3525.8 124.70150 3.391 0.90 -22.2 2.5 135
187.8 3693.4 119.72970 5.331 0.59 -51.3 2.4 215
535.0 3678.5 209.69150 5.589 0.79 -88.1 3 263
1651.2 3554.2 388.69590 6.244 0.82 55.9 3.9 389
3568.4 3363.1 1761.83900 6.485 0.68 30.2 3.8 585
2172.0 3551.7 202.36020 7.899 0.80 -33.9 4.5 503
550.2 3450.2 6366.55800 9.668 0.84 -48.6 3.6 811
2007.1 3564.9 226.88990 5.722 0.94 64.6 3.4 275
2585.3 3466.1 212.89970 5.490 0.64 -76.7 3.1 291
1348.0 3473.8 450.05530 6.134 0.70 47.1 3.5 393
1839.6 3488.6 393.93650 5.688 0.88 69.6 3.9 357
2671.8 3470.6 534.71810 5.529 0.79 47.2 3.6 367
2708.1 3472.8 193.75080 18.008 0.82 7.9 4.5 717
3014.5 3418.5 135.43200 5.413 0.76 -56.5 4.2 317
3141.5 3364.5 194.40690 6.294 0.87 13.5 3.4 289
3798.9 3304.3 959.31120 8.282 0.60 24.4 4 663
988.5 3250.7 198.22610 6.760 0.62 -45.2 4.5 451
102.9 3283.0 671.62380 8.690 0.49 48.4 3.7 659
2684.2 3247.7 132.33050 4.643 0.85 58.7 2.6 183
1339.6 3981.8 323.78260 7.310 0.69 19.4 3.2 377
110.1 3545.8 551.36800 8.288 0.72 43.4 4.5 629
4162.9 3152.9 121.28990 4.658 0.72 18.8 3.1 227
1059.0 3979.3 324.13280 4.778 0.99 -88.7 3.7 283
1840.0 4019.7 359.60960 6.080 0.74 -21.2 3.4 357
2681.2 3996.9 451.60350 4.623 0.84 -20.7 3.2 275
2052.2 3924.0 279.55980 8.408 0.81 -21.6 4 439
1948.7 4062.5 143.60330 6.116 0.80 -80.2 3.3 275
4080.7 3928.7 163.54750 4.745 0.77 6.8 4.2 309
3331.0 3638.9 166.33910 5.778 0.74 -7.3 3.4 291
1520.8 3925.1 194.56190 6.298 0.85 -32.3 4.2 351
