#   1 NUMBER                 Running object number                                     
#   2 X_IMAGE                Object position along x                                    [pixel]
#   3 Y_IMAGE                Object position along y                                    [pixel]
#   4 FLUX_SPHEROID          Spheroid total flux from fitting                           [count]
#   5 MAG_SPHEROID           Spheroid total magnitude from fitting                      [mag]
#   6 SPHEROID_REFF_IMAGE    Spheroid effective radius from fitting                     [pixel]
#   7 SPHEROID_ASPECT_IMAGE  Spheroid aspect ratio from fitting                        
#   8 SPHEROID_THETA_IMAGE   Spheroid position angle (CCW/x) from fitting               [deg]
#   9 SPHEROID_SERSICN       Spheroid Sersic index from fitting                        
#  10 CHI2_MODEL             Reduced Chi2 of the fit                                   
#  11 FLAGS_MODEL            Model-fitting flags                                       
#  12 VECTOR_ASSOC           ASSOCiated parameter vector                               
         1   2528.0654    110.5094     273.7686  20.9065     7.9869 0.7321 -89.097  1.137    0.8836189   0     2528.065
         2   2753.8459     65.3032     1621.088  18.9755     8.6962 0.6770 +64.370  1.021    0.8985648   0     2753.846
         3   1055.7128     71.8897     126.4369  21.7453     6.0931 0.6996 -83.538  1.298    0.8806574   0     1055.713
         4   2281.6743     64.5397     339.9239  20.6715     9.0261 0.8330 -55.514  1.048    0.9001958   0     2281.674
         5   3847.7241     54.5755     223.6615  21.1260     6.8499 0.7953  -2.835  0.973    0.8842736   0     3847.724
         6   1791.5850     50.2432     149.0113  21.5670     7.6246 0.6501 +43.414  0.963    0.8579934   0     1791.585
         7   3409.1670     34.5622     511.6711  20.2275     8.0347 0.7021 -22.328  1.022    0.8989727   0     3409.167
         8    351.1249     10.8091     167.7055  21.4386     6.3953 0.6889 -59.928  1.108     0.869536   0     351.1249
         9   3751.0222      8.1772     112.5413  21.8717     5.1773 0.8731  -5.768  0.869    0.9352351   0     3751.022
        10    184.4877     87.5923     191.2281  21.2961     9.9405 0.5731 +32.517  1.027    0.8662211   0     184.4877
        11    710.5742     72.6995     109.8781  21.8977     5.0465 0.8256 +73.267  1.020    0.8533887   0     710.5742
        12   3347.1040    204.3456     737.4612  19.8307    11.0168 0.5966 +87.340  1.030    0.8692362   0     3347.104
        13    829.2652    198.5867       221.08  21.1386     8.7302 0.8753 -54.816  1.007     0.865786   0     829.2652
        14   1632.1324    205.1982     972.4907  19.5303     8.8416 0.8701 -24.891  1.031     0.898556   0     1632.132
        15   2466.2935    151.2679     152.0272  21.5452     6.0816 0.9724 +18.831  0.990    0.8423157   0     2466.294
        16   3786.1191    150.2714     111.3225  21.8835     6.7654 0.7952 +15.774  1.859    0.8513245   0     3786.119
        17   1493.5293    183.7748     142.2348  21.6175     5.9813 0.9886 -61.010  0.986    0.8623714   0     1493.529
        18   2693.1438    162.3366     129.2979  21.7210     6.4524 0.8590  -4.072  1.298    0.8902889   0     2693.144
        19    762.5439    234.8325     920.4675  19.5900     8.8846 0.7661 +37.666  1.042      0.91303   0     762.5439
        20   4024.6008    337.1284     11575.96  16.8411    10.2074 0.8089 +78.115  0.999     1.164392   0     4024.601
        21   2609.5925    217.1341     251.3627  20.9992     7.6030 0.6313 -58.104  1.088    0.8628733   0     2609.593
        22    261.7495    255.4514     625.8896  20.0088     7.2716 0.8532 +78.410  1.108    0.8833866   0     261.7495
        23   1085.7849    270.5806     142.0557  21.6189    10.1533 0.5888 +84.440  0.870    0.8676242   0     1085.785
        24    447.9379    319.0796     353.8371  20.6280    11.9241 0.5791 +65.841  1.091     0.871927   0     447.9379
        25   3846.4185    292.9503     595.6948  20.0624     7.9758 0.7132  -4.119  0.975    0.8614198   0     3846.419
        26   2084.7866    298.0004     211.9196  21.1846     9.5158 0.5616 +60.374  0.931    0.8669636   0     2084.787
        27    327.0848    276.6450     111.9288  21.8776     5.5573 0.7953 +85.493  1.113    0.8632903   0     327.0848
        28   1267.8767    316.6045     203.7598  21.2272     7.0027 0.6782 +26.796  1.114     0.888065   0     1267.877
        29   1509.3308    385.7443     499.8106  20.2530     6.1720 0.9708 -79.865  1.044     0.881046   0     1509.331
        30   1101.2592    423.7596     1081.662  19.4148     9.9839 0.7090 +86.421  1.029    0.8888006   0     1101.259
        31    274.3624    417.9243     1173.136  19.3266     8.6243 0.7359 +67.363  1.069    0.8852898   0     274.3624
        32   2939.3848    375.5956     123.8204  21.7680     6.6652 0.8986 +57.117  0.872    0.8461864   0     2939.385
        33   3563.8662    453.3983     202.4199  21.2344     6.9962 0.9539  -5.971  1.220    0.8793413   0     3563.866
        34   1689.6068    432.4644     167.1794  21.4420     7.7638 0.7600 +66.207  1.042    0.8588107   0     1689.607
        35    892.9542    441.5698     156.6089  21.5130     8.8074 0.6308 -32.118  1.197    0.8434092   0     892.9542
        36    699.5991    456.3937     163.2889  21.4676     6.9073 0.7854  +1.632  1.028    0.8679079   0     699.5991
        37   3747.7729    526.9091     867.4396  19.6544     9.9624 0.8515 -37.095  0.971    0.8746738   0     3747.773
        38   2305.3464    467.4469     129.0232  21.7233     6.7234 0.8021 +89.752  0.883    0.8740861   0     2305.346
        39   1037.6086    530.7380     1417.714  19.1210     8.1482 0.9369  -3.189  1.032    0.8978631   0     1037.609
        40   1514.5382    494.6653     171.5661  21.4139    20.2378 0.5551 -63.407  3.040     0.894815   0     1514.538
        41   1513.8014    534.6552     400.7081  20.4929     8.9579 0.7956 -38.742  1.167    0.9331388   0     1513.801
        42   3153.2480    515.8675      257.124  20.9746     7.7393 0.7941 +44.998  0.929    0.8524035   0     3153.248
        43   2912.6331    675.0995     9994.227  17.0006    13.3463 0.7544 -49.846  0.992     0.978037   0     2912.633
        44   2691.5452    556.2021     129.7477  21.7173    10.2093 0.4913 +82.416  1.296    0.8779452   0     2691.545
        45    524.9645    537.5432     117.9576  21.8207     7.5785 0.7519 -23.499  0.998    0.8534261   0     524.9645
        46   3583.0278    591.7335     117.3614  21.8262     7.8630 0.7208  +5.809  0.913    0.8409024   0     3583.028
        47    144.8651    673.8840     541.3255  20.1664     8.6361 0.7177  +9.868  1.050    0.8737359   0     144.8651
        48   1798.6210    590.4694     267.7298  20.9308    11.5806 0.5356 -40.455  1.046    0.8747987   0     1798.621
        49   1389.2340    581.4066     356.0794  20.6211     6.6105 0.9466 -41.128  1.010    0.8617991   0     1389.234
        50   2474.0957    564.1746     218.8163  21.1498     6.5205 0.6438 -10.312  1.161    0.8667965   0     2474.096
        51   1823.5101    569.4241      205.084  21.2202     5.7014 0.9747  -5.167  1.007    0.8808712   0      1823.51
        52   3480.5325    588.9481      360.994  20.6063     6.4053 0.9195 -57.311  1.043    0.8883766   0     3480.532
        53   2070.6990    569.2654     131.1496  21.7056     5.3351 0.9702 -55.980  1.089    0.8806636   0     2070.699
        54   2234.2219    616.1520     193.7171  21.2821     9.0813 0.8558 +44.789  1.141    0.8663961   0     2234.222
        55   3387.8457    620.1710     238.7513  21.0551     9.7464 0.6316 +48.240  0.952    0.8826761   0     3387.846
        56   1710.5841    624.7568     156.7267  21.5121     6.1285 0.7901 -37.193  0.974    0.8699828   0     1710.584
        57   3177.7820    677.1390     85.16853  22.1743     7.6111 0.5348 -39.522  0.300    0.8975402   8     3177.782
        58   1438.9395    659.0338     276.8023  20.8946     7.0162 0.9411 +67.793  1.032    0.8879291   0     1438.939
        59   3644.9175    641.9496     178.3194  21.3720     5.6572 0.7635 -24.936  0.971    0.8726209   0     3644.918
        60   4187.4507    692.9954      140.688  21.6294     9.6805 0.5109 -33.034  0.975    0.8395935   0     4187.451
        61    744.5378    711.3000     141.8255  21.6206     4.8167 0.9780 +44.580  1.167    0.8915262   0     744.5378
        62   2614.9141    756.0150      448.708  20.3701     9.2939 0.8365 -46.987  0.975    0.8616552   0     2614.914
        63   1044.8208    784.9525     635.4124  19.9924    10.6356 0.7854 -56.045  0.991    0.8874819   0     1044.821
        64    179.3522    767.6340     872.9557  19.6475     7.9848 0.9184 +11.364  1.041    0.8952082   0     179.3522
        65   1980.2451    789.3025      358.404  20.6141     7.9418 0.7643 +85.016  1.072    0.8842995   0     1980.245
        66   2279.6406    744.6395     110.1673  21.8949     5.2557 0.8475 -15.057  1.046    0.8434451   0     2279.641
        67      6.3291    773.6693     255.4258  20.9818     6.0882 0.9392 -78.729  1.139    0.8638039   0       6.3291
        68    294.6994    785.1652     169.6284  21.4263     7.0398 0.9505 -41.799  1.141    0.8819659   0     294.6994
        69   1689.8719    784.5768     105.0851  21.9461     6.8721 0.6801 +24.772  0.945    0.8630253   0     1689.872
        70   4028.0134    808.6270     115.5819  21.8428     6.2494 0.7200 -70.902  1.132    0.8213844   0     4028.013
        71   3132.6055    920.0809     1639.008  18.9635     9.4611 0.6319 -82.721  0.990    0.9103553   0     3132.606
        72    479.8301    850.3748     190.1843  21.3021     5.8842 0.9201 +48.623  1.179    0.8648529   0     479.8301
        73   2288.3745    982.4296     896.0485  19.6192     9.4007 0.6124 +31.114  0.982    0.9013621   0     2288.374
        74   3422.7598   1049.3640     243.1063  21.0355    11.4712 0.5735 +65.757  1.042    0.8890157   0      3422.76
        75   1098.7849    998.3516     116.3074  21.8360     8.7460 0.7766 +74.985  1.433    0.8654814   0     1098.785
        76   3452.6521    999.5715       122.85  21.7766     7.3969 0.7619 +50.171  1.110     0.865557   0     3452.652
        77    284.1509   1032.8386     238.4166  21.0567     9.9526 0.6150 -12.347  1.012    0.8802739   0     284.1509
        78   1116.0332   1024.3726     135.0393  21.6738     9.7137 0.7330 +33.374  1.419     0.889129   0     1116.033
        79     68.5077   1063.5392     277.1016  20.8934     8.6265 0.7287 -36.043  0.987    0.8552091   0      68.5077
        80   2280.5959   1099.6165     784.6508  19.7633     6.2256 0.9577  +1.388  1.024    0.9379817   0     2280.596
        81   3540.3401   1141.4391     1512.616  19.0507     6.9717 0.8986 -25.309  0.991    0.8918903   0      3540.34
        82   2409.8408   1155.4432     336.7048  20.6819    10.7151 0.5330 -74.247  0.989    0.8658325   0     2409.841
        83   1659.2130   1114.3541     155.1083  21.5234     7.2592 0.8156 +52.251  0.964    0.8371851   0     1659.213
        84   2267.2292   1133.4491     715.9214  19.8628     7.4627 0.6791 -19.969  1.046    0.9165646   0     2267.229
        85   1685.7775   1217.3008     1537.019  19.0333    11.6037 0.5446 +65.686  0.991    0.8875016   0     1685.777
        86   1986.2905   1129.3998     126.1954  21.7474     7.9834 0.8281 +12.035  1.532    0.9077396   0     1986.291
        87    734.5641   1201.6139     793.1552  19.7516     7.8248 0.6620 -89.481  1.064    0.8802886   0     734.5641
        88    862.7326   1191.6862        553.4  20.1424     6.8722 0.8770 +60.381  1.110    0.8838888   0     862.7326
        89   3557.2292   1294.2981     186.0904  21.3257     8.3185 0.7283  -6.947  0.965    0.8508915   0     3557.229
        90    586.1898   1163.2902     109.3906  21.9025     6.2097 0.8944 +48.470  0.876    0.8786135   0     586.1898
        91    620.3892   1436.0155     4159.045  17.9525    13.1457 0.7136 -26.348  0.999    0.8963778   0     620.3892
        92   3643.4011   1383.7053     3852.773  18.0356    10.1522 0.7482 -47.143  1.001     1.007562   0     3643.401
        93   1858.3417   1228.3752     196.7457  21.2652     8.9670 0.7385 -75.199  0.983    0.8841592   0     1858.342
        94   1471.7845   1215.9314     121.1979  21.7913     7.4019 0.8372 -83.555  1.082    0.8526673   0     1471.784
        95   3231.1892   1238.9828     526.4236  20.1967     6.3133 0.8229 -51.304  0.992    0.8648627   0     3231.189
        96    586.7682   1213.3318     126.4922  21.7448     4.9564 0.9887 -57.699  1.025    0.8728433   0     586.7682
        97     50.3961   1251.9432     227.5031  21.1075    10.0526 0.5820 -76.008  0.783    0.9373506   0      50.3961
        98   2136.9609   1307.7024      144.309  21.6018     7.5854 0.8886 -35.235  0.913    0.8411512   0     2136.961
        99   3965.3818   1277.9048     814.0562  19.7234     8.7478 0.7200  -9.577  1.001    0.8991236   0     3965.382
       100    160.9215   1329.0660     224.7835  21.1206     8.9714 0.5550 -62.554  1.025    0.8640887   0     160.9215
       101   1619.0093   1308.3298     188.1078  21.3140     8.6195 0.8211 -36.037  1.038    0.8562797   0     1619.009
       102    659.3829   1329.4526     491.1027  20.2721     5.8491 0.9859 +69.559  1.019    0.8945827   0     659.3829
       103   2046.6775   1400.5481     146.3683  21.5864     7.7221 0.7837 +76.398  0.808     0.915092   0     2046.678
       104   3281.3608   1340.0223      120.785  21.7950     5.6958 0.8989 -60.557  0.930    0.8595104   0     3281.361
       105    997.6631   1376.3708      261.761  20.9552     7.2602 0.8696 -14.012  1.020    0.8476055   0     997.6631
       106   3181.9421   1359.3055     120.3874  21.7985     6.5834 0.9048 +31.041  1.231    0.8543734   0     3181.942
       107    215.8543   1419.4963     610.8411  20.0352     6.7549 0.7807 +86.712  1.088    0.8893343   0     215.8543
       108    247.9830   1540.1915      754.739  19.8055    11.5071 0.7125 +48.251  1.047    0.8927135   0      247.983
       109   2621.0095   1381.2047     158.8753  21.4974     7.3536 0.6322  -9.088  1.092    0.8587462   0      2621.01
       110   2376.8279   1469.8890      492.549  20.2689     8.0643 0.6670 +88.067  1.013    0.8920194   0     2376.828
       111    779.1330   1487.8778     159.6934  21.4918     7.2422 0.8703 +54.845  1.068    0.8520882   0      779.133
       112   3767.6936   1472.6520      303.854  20.7933     9.5022 0.7137 +77.144  0.935    0.8993948   0     3767.694
       113   3266.8940   1575.3828     7133.773  17.3667    11.8074 0.6123 +34.221  0.993    0.9575254   0     3266.894
       114   1685.2684   1520.5916      1657.95  18.9511     8.0196 0.9692 +74.037  0.998     0.890507   0     1685.268
       115   3336.6128   1472.7399      209.839  21.1953     6.4200 0.9176 -46.035  0.998    0.8833897   0     3336.613
       116    647.1536   1664.7170     5053.072  17.7411     8.9179 0.8178 -78.443  1.024    0.9840426   0     647.1536
       117   2389.1257   1506.9031     285.4521  20.8612     8.8051 0.7154 -17.251  1.147    0.8895206   0     2389.126
       118   3448.3435   1536.2568     270.7028  20.9188     6.1677 0.6913 -73.521  0.977    0.8659191   0     3448.343
       119   4086.1917   1543.5176     107.4866  21.9216     9.5934 0.5044 +74.880  1.122    0.8744003   0     4086.192
       120   1513.1829   1693.7556      2686.45  18.4271     9.4686 0.8420 +45.504  1.007    0.9236261   0     1513.183
       121    401.2620   1540.3842     148.3961  21.5714     8.2069 0.6106 -28.146  1.214    0.8454213   0      401.262
       122    954.3502   1604.4293     476.3884  20.3051     9.8184 0.8129 -68.900  1.023    0.8907551   0     954.3502
       123    128.1593   1589.4749     173.1336  21.4040     7.2064 0.7511 +20.208  0.992    0.8922638   0     128.1593
       124   3148.8848   1638.2448     206.3272  21.2136     6.8800 0.8957 -61.877  0.953    0.8667741   0     3148.885
       125    719.4734   1817.8315     343.1472  20.6613     9.4476 0.7902 -25.373  1.067    0.8646234   0     719.4734
       126   1272.4376   1735.1826     554.3602  20.1405     6.7665 0.9467 +79.924  1.074    0.9182126   0     1272.438
       127   2802.2017   1727.8329     942.0612  19.5648     7.7878 0.9535 -56.198  1.008    0.8797333   0     2802.202
       128     42.0256   1714.8654     449.1184  20.3691     5.9955 0.8175 -41.496  1.028    0.8928989   0      42.0256
       129   1970.4806   1702.8381     146.6658  21.5842     9.1108 0.6731 -88.946  1.070    0.8589727   0     1970.481
       130   3639.3369   1716.6145     151.6492  21.5479     6.0158 0.7481 -79.268  1.259    0.8599423   0     3639.337
       131    336.8436   1697.3376     111.6924  21.8799     6.3468 0.7619 +26.530  1.394    0.8577781   0     336.8436
       132   1011.8537   1814.0945     713.5786  19.8664    10.9992 0.7084 -11.803  0.971     1.172967   0     1011.854
       133    948.2471   1716.2325     117.2479  21.8272     7.5176 0.6701 +48.789  0.904    0.8773851   0     948.2471
       134   1175.0365   1775.6168     2263.596  18.6130     7.7151 0.7314 +18.898  1.009    0.9076927   0     1175.036
       135   2441.1475   1775.5452     201.7913  21.2377    10.3493 0.6244 -62.721  1.150    0.9331929   0     2441.148
       136   2395.3096   1876.1639     416.6432  20.4506     6.3669 0.7909 +84.926  0.959    0.8823888   0      2395.31
       137   4078.7068   1773.8402     410.3585  20.4671     7.3436 0.8651 +20.186  0.953     0.882009   0     4078.707
       138   2019.0162   1819.2570     1019.277  19.4793     9.8229 0.6434 -22.536  1.042     0.896356   0     2019.016
       139   1712.7299   1803.8066     347.3782  20.6480     8.2164 0.7253 -24.541  0.960    0.8804881   0      1712.73
       140    885.2407   1796.6920     465.9126  20.3292     6.0267 0.8463 +26.296  1.020     0.879669   0     885.2407
       141   2980.6697   1895.6538     146.6829  21.5841     6.7764 0.9600 +83.422  1.261    0.8498382   0      2980.67
       142   1183.1232   1887.9869     453.3968  20.3588     8.4200 0.6264  +6.425  1.171    0.8896036   0     1183.123
       143   1324.9893   1934.0741     142.3448  21.6166     7.3151 0.7832 +37.085  1.205    0.8674089   0     1324.989
       144   3508.7595   1943.8385     269.3294  20.9243     9.0332 0.7390 +26.021  0.973    0.8660623   0      3508.76
       145   4134.2192   1950.0734     188.2315  21.3133     5.4965 0.9134 +27.653  0.953    0.8582916   0     4134.219
       146   2338.7383   1903.6510     125.6044  21.7525     5.0724 0.9618 +29.105  1.153    0.8905078   0     2338.738
       147   2878.3062   1958.3729     131.3731  21.7037     8.6202 0.6015 -13.818  1.074    0.8769579   0     2878.306
       148    376.1403   2001.9883     115.7931  21.8408    10.1019 0.4970 +47.851  1.104    0.8281896   0     376.1403
       149    637.0721   2004.5795     141.1819  21.6256    10.6899 0.4283 +32.703  0.520    0.8712213   0     637.0721
       150    856.7161   2021.1252      182.276  21.3482     7.3424 0.8208 +41.080  1.100    0.8951027   0     856.7161
       151   1713.1219   2016.4899     118.4666  21.8160     8.9207 0.5906 -20.429  1.069    0.8844664   0     1713.122
       152   3517.7031   2045.7435     410.2071  20.4675     6.5307 0.8910  +7.711  0.981     0.877449   0     3517.703
       153    563.9006   2082.0107     219.8018  21.1449     7.8279 0.7099 +82.574  1.084    0.8862123   0     563.9006
       154    902.6429   2034.0946       107.65  21.9200     5.9462 0.6930  -3.603  0.996    0.8942008   0     902.6429
       155   1046.6886   2061.6335     195.6779  21.2711     8.5959 0.6980 +19.353  0.954    0.8912932   0     1046.689
       156    111.5894   2197.3765     4925.679  17.7688    11.8641 0.7129 -81.985  1.032     1.070338   0     111.5894
       157   2108.0139   2061.6819      156.606  21.5130     7.1599 0.9000 -75.021  0.992    0.8787826   0     2108.014
       158   3486.2129   2124.4709     294.9879  20.8255     7.1787 0.8048 +63.008  0.969    0.8562611   0     3486.213
       159    682.8541   2120.2495     157.2727  21.5084     7.9480 0.9062 -15.300  1.253    0.8886197   0     682.8541
       160   3810.8511   2177.1194     629.5195  20.0025    12.6947 0.4820 +49.389  0.975    0.8837312   0     3810.851
       161    734.9507   2100.5344     140.0279  21.6345     8.7023 0.5638 -11.107  1.141    0.8860408   0     734.9507
       162    585.8394   2119.5159     143.2186  21.6100     7.6009 0.8647 -22.413  0.929    0.8781692   0     585.8394
       163    784.7988   2147.6270      111.531  21.8815     9.5752 0.6222 -78.415  1.009    0.9007586   0     784.7988
       164   1469.8894   2176.7954     256.1736  20.9787     8.9623 0.7458 -10.610  0.967     0.869238   0     1469.889
       165   2312.9409   2182.6899     132.4747  21.6947     6.0883 0.7755 +63.289  1.108    0.8782024   0     2312.941
       166   2435.0063   2176.0569     109.1075  21.9054     4.7662 0.9954 -20.136  1.037    0.8670068   0     2435.006
       167   2677.4226   2197.3450     242.8752  21.0365     5.5764 0.8374 +40.356  0.950    0.8804574   0     2677.423
       168   3146.1418   2193.5359     171.3392  21.4154     5.1281 0.9487  -3.016  0.975    0.8505864   0     3146.142
       169   3243.9058   2195.9910     130.5578  21.7105     5.1394 0.9366 +21.269  1.465    0.9013522   0     3243.906
       170    601.8540   2457.8845     17024.26  16.4223     8.4602 0.9432 -72.325  1.010     1.129939   0      601.854
       171    681.4467   2289.9438     1002.244  19.4976     9.4489 0.8696 +53.804  1.040     0.924162   0     681.4467
       172   1864.8379   2250.4453     174.7838  21.3937     8.6854 0.6990 -46.672  0.932    0.8707353   0     1864.838
       173   2532.7200   2236.1174     137.9266  21.6509     4.9978 0.9883 +87.302  1.036    0.8593438   0      2532.72
       174    766.8984   2329.8374     767.3968  19.7875    10.8442 0.6089 -31.641  1.029    0.8985204   0     766.8984
       175   2270.3721   2352.8723     392.9495  20.5142    11.7579 0.4885 -19.054  1.004    0.8631237   0     2270.372
       176   1475.0728   2366.9226     275.2701  20.9006    10.3273 0.5325 +67.314  1.202    0.8838874   0     1475.073
       177   3945.4526   2329.4961     112.7861  21.8694     4.4869 0.9783 +86.355  1.022      0.87507   0     3945.453
       178   1130.9735   2346.9094     147.2478  21.5799     6.1183 0.9588 +37.111  1.095    0.8730479   0     1130.974
       179    107.6143   2372.5571      159.012  21.4964     6.8130 0.8748 +18.166  0.938    0.8858954   0     107.6143
       180     39.7973   2400.1997      135.143  21.6730     8.7353 0.6248 +73.489  0.885    0.9064052   0      39.7973
       181   2884.3740   2421.6904     327.6077  20.7116     8.1154 0.9171  -4.352  1.076    0.8770587   0     2884.374
       182   4043.2749   2444.1714     242.2875  21.0392     6.3429 0.9029 -60.745  0.958    0.8775477   0     4043.275
       183    133.6237   2483.7112     137.3554  21.6554     8.4326 0.7879 +47.368  0.965    0.8523219   0     133.6237
       184   1117.7783   2442.7559     187.5477  21.3172     8.0727 0.7890 -13.966  0.931    0.8720269   0     1117.778
       185   3056.6218   2544.3113     2417.167  18.5417    11.4156 0.8240 +37.564  0.984    0.9364747   0     3056.622
       186   1849.9248   2452.9648     150.9731  21.5528     7.6994 0.7136 -45.544  1.004    0.8534328   0     1849.925
       187    754.6900   2457.4587     172.7785  21.4063     5.6458 0.7069 -41.631  0.922    0.8829215   0       754.69
       188   1201.1290   2472.5898     169.7075  21.4257     7.1364 0.9203 -35.777  1.015    0.8353484   0     1201.129
       189   1316.4349   2464.7622     145.7752  21.5908     8.2187 0.6852 -41.368  0.942    0.8769764   0     1316.435
       190   3125.5154   2524.5098     590.2219  20.0725     8.2799 0.7196 +23.171  1.039    0.9230566   0     3125.515
       191   3937.4180   2567.9695     2163.569  18.6621    12.3027 0.7341 +29.373  0.991    0.9190909   0     3937.418
       192   2950.9709   2500.4192      221.111  21.1385     7.7657 0.7185 -60.752  0.924    0.8577591   0     2950.971
       193   3733.2405   2504.3142     197.9044  21.2589     8.8286 0.7761 -30.487  0.984    0.8624935   0      3733.24
       194   3333.5977   2521.9385     283.6125  20.8682     8.8486 0.7007 +54.485  0.949    0.8715973   0     3333.598
       195   1338.8451   2508.0491     115.7453  21.8412     8.2899 0.7388 +63.841  0.857    0.8637462   0     1338.845
       196   1825.0878   2524.0803     155.3155  21.5220     6.2671 0.7221 -49.963  0.971    0.8512148   0     1825.088
       197   3256.3547   2565.2671     527.8981  20.1936     9.2945 0.7214 -57.274  0.752    0.9014542   0     3256.355
       198   3983.9497   2570.2776     453.6405  20.3582   127.3211 0.8091  -4.665  7.491    0.9122258   0      3983.95
       199    900.5471   2588.2529     209.9036  21.1950     8.2396 0.7608 +53.340  0.758    0.9198181   0     900.5471
       200   1098.5022   2617.0544      384.892  20.5367     8.3682 0.8347 -85.347  1.071    0.8810592   0     1098.502
       201   2985.7776   2581.7490     213.2466  21.1778     6.0351 0.8759 +36.428  0.873    0.8818991   0     2985.778
       202   2087.6604   2688.0439     1736.841  18.9006    11.1848 0.8645 -77.194  0.974    0.9350258   0      2087.66
       203   1568.1815   2601.6545     243.9131  21.0319     6.4788 0.9073 +65.813  0.981    0.8681298   0     1568.181
       204   1907.1992   2595.2085     132.9211  21.6910     5.0241 0.8873 -73.047  0.950     0.863932   0     1907.199
       205   2716.9465   2611.6106     196.7448  21.2652    10.4596 0.5710  +9.548  1.256    0.8553737   0     2716.947
       206   1748.3262   2627.5503     245.0086  21.0270     5.7133 0.8607 -46.295  0.924    0.8616895   0     1748.326
       207   2335.3386   2652.4897      261.525  20.9562     7.9170 0.6969 -80.466  0.768    0.8769348   0     2335.339
       208   3580.8887   2653.2102     311.0619  20.7679     6.2272 0.9021 -86.938  0.950    0.8867427   0     3580.889
       209    797.7431   2651.9604     119.7268  21.8045     7.3904 0.8796 -12.330  0.942    0.8918129   0     797.7431
       210    360.7657   2647.5063     248.3938  21.0121     7.5056 0.6201 -12.677  0.992    0.8802212   0     360.7657
       211   3180.1890   2693.7810     321.3804  20.7325     6.2950 0.7855 -81.377  0.949    0.9012038   0     3180.189
       212   3607.9607   2754.2180     450.8528  20.3649    11.1769 0.6296 +36.263  1.017    0.8672009   0     3607.961
       213   2888.6702   2690.9592     134.1558  21.6810     5.8740 0.9491 +26.647  0.965    0.8607304   0      2888.67
       214   2253.7834   2699.8354     180.8086  21.3570     6.6130 0.6696 -29.808  0.895    0.8568648   0     2253.783
       215    326.1100   2755.6926     1033.364  19.4644     7.9277 0.7393 +27.859  1.054    0.9327926   0       326.11
       216     50.2593   2727.0625     146.8614  21.5827     8.4181 0.5780 +59.212  0.939    0.9106905   0      50.2593
       217    723.0695   2728.8052     145.1452  21.5955     7.2004 0.7250 +16.031  0.987     0.871048   0     723.0695
       218    694.4576   2771.0090     385.7106  20.5343     7.9067 0.6808 -78.298  0.904    0.8744189   0     694.4576
       219   2928.3196   2854.4702     176.0975  21.3856     8.1677 0.8630 -61.906  1.037    0.8637438   0      2928.32
       220   3871.4136   2828.6580     1484.689  19.0709     7.7777 0.7883 +58.556  0.989    0.8868858   0     3871.414
       221   4184.6528   2801.0205     264.7594  20.9429     7.3395 0.6212 -71.989  0.941    0.8565343   0     4184.653
       222    581.8058   2799.4199     145.4549  21.5932     6.0394 0.7764 -89.445  1.029     0.871741   0     581.8058
       223    519.0561   2813.1663     220.9625  21.1392     8.5946 0.8100 +78.898  1.211    0.8710825   0     519.0561
       224    232.8531   2835.7644     301.1321  20.8031    10.2110 0.6611 +20.092  1.039    0.9186401   0     232.8531
       225    842.7240   2935.5068     1587.861  18.9980    11.9969 0.5640 -30.008  1.009    0.8877186   0      842.724
       226   3986.5232   2888.5308     190.0636  21.3028     8.9000 0.5373 +33.200  0.844    0.8642001   0     3986.523
       227   1843.7262   2887.9282     176.5379  21.3829     7.7585 0.7573  +5.752  0.978     0.869398   0     1843.726
       228   1453.8982   2929.3542     215.5184  21.1663     5.2318 0.9101 +63.451  1.066    0.8968455   0     1453.898
       229    335.3051   2930.3364      110.539  21.8912     6.0181 0.9081 -19.143  1.061    0.8652396   0     335.3051
       230   2451.1636   2935.2100      120.095  21.8012     4.8121 0.9105 -14.890  0.899    0.8381121   0     2451.164
       231   3298.8022   2973.1521     498.3807  20.2561    10.8882 0.5993 -19.000  0.849    0.8926133   0     3298.802
       232   3963.9028   3000.2632     497.0574  20.2590     7.8132 0.6955 -72.770  0.949    0.8582035   0     3963.903
       233   1992.0569   2977.7312     136.6788  21.6607     9.9302 0.4717 +55.312  0.893    0.9070717   0     1992.057
       234     43.9341   2974.7317     167.9317  21.4372    10.3891 0.6726  -6.822  1.361    0.8732161   0      43.9341
       235   1190.7148   2990.5422     127.7179  21.7344     7.7332 0.8834 -69.683  0.946    0.8862695   0     1190.715
       236   3338.0986   3007.1606     252.1718  20.9958     6.2217 0.7566 -49.951  1.003      0.91024   0     3338.099
       237    928.5048   3019.6106     217.3055  21.1573     8.4384 0.6551 +75.864  0.938    0.8681531   0     928.5048
       238    708.8519   2992.3586     145.6216  21.5919     5.0924 0.8739  +0.351  0.903    0.8881724   0     708.8519
       239   1272.5167   3027.5957     201.1115  21.2414     7.0595 0.7448  -2.597  1.082    0.8666764   0     1272.517
       240   2618.8052   3016.0864     169.9299  21.4243     8.6932 0.7231 -27.588  0.940    0.8583009   0     2618.805
       241   2799.7441   3028.5740     126.1895  21.7474     5.1562 0.8959 +60.558  0.991    0.8868412   0     2799.744
       242    567.3128   3049.2039      138.061  21.6498     8.3158 0.5693 +41.473  0.524     0.926497   0     567.3128
       243   1668.9060   3047.1655      111.601  21.8808     5.4905 0.8611 -38.040  0.953    0.8368676   0     1668.906
       244   4041.3296   3076.8171      143.015  21.6115     5.1609 0.9204 +45.327  0.926    0.8727552   0      4041.33
       245    328.2180   3086.8828     119.5513  21.8061     6.9316 0.6809 +79.549  1.128    0.8679096   0      328.218
       246    510.1051   3118.8289     216.8803  21.1594     5.1641 0.9718 +53.072  0.944    0.8396394   0     510.1051
       247   2096.2280   3157.0681      107.211  21.9244    11.2580 0.4532 -53.466  1.006    0.9109749   0     2096.228
       248   3782.7026   3138.4907     152.5789  21.5413     6.9854 0.9291 +23.700  1.130    0.8799413   0     3782.703
       249   3300.7524   4094.0000     231.6525  21.0879     9.2584 0.5720  -3.060  0.954    0.8725587   0     3300.752
       250   2226.4753   4069.3572     379.5401  20.5519     9.3685 0.6200  -9.553  0.982    0.8875967   0     2226.475
       251   3483.0989   3563.7078     717.4684  19.8605    10.1559 0.7856  +4.646  1.009    0.8932167   0     3483.099
       252   1966.3875   3436.0415     160.2719  21.4879     5.8052 0.6689 +34.297  0.975    0.8603943   0     1966.388
       253   3014.5295   3418.5889     133.6406  21.6852     5.8294 0.7502 -57.368  1.272    0.8593897   0      3014.53
       254   1839.5719   3488.6001     392.5907  20.5152     6.0955 0.8702 +67.344  0.954    0.9007454   0     1839.572
       255   2684.2476   3248.1570     158.5551  21.4995     7.0675 0.8169 +47.553  0.984    0.8793018   0     2684.248
       256   1840.1178   4019.6660     388.9461  20.5253     7.9441 0.7599 -26.314  1.025    0.8648651   0     1840.118
       257   3694.9214   3870.1750     186.2461  21.3248     6.8208 0.8931 -74.920  0.982    0.8381848   0     3694.921
       258    534.8199   3678.5327     240.7242  21.0462     8.2079 0.7464 +83.834  0.901    0.8784565   0     534.8199
       259   1856.4170   3803.8623     1094.881  19.4016    10.1711 0.6041 +52.739  0.981    0.8722486   0     1856.417
       260   2360.0837   3832.4749     109.2773  21.9037     6.6179 0.8724 +45.231  1.060    0.8613197   0     2360.084
       261   1498.1752   3868.0632     287.9421  20.8517    11.3297 0.4963 -68.587  1.001    0.8970196   0     1498.175
       262   3952.0486   3888.7080     168.1874  21.4355    10.0141 0.5758 +63.871  1.111    0.8692585   0     3952.049
       263    625.5742   3808.4788     375.9798  20.5621     8.4179 0.8883 +36.021  0.996    0.8949353   0     625.5742
       264   2328.7471   3768.0969     3374.327  18.1795     8.2353 0.7558 -41.323  0.994      1.06006   0     2328.747
       265    103.9323   3803.8997     154.5953  21.5270     7.0448 0.8094 +37.730  1.184    0.8537748   0     103.9323
       266   3445.4973   3793.4048     2232.105  18.6282     7.3322 0.8092 -85.681  0.980    0.9636421   0     3445.497
       267   2150.8896   3716.2898     115.0879  21.8474     6.1621 0.8197 +69.103  0.993    0.8510482   0      2150.89
       268   3112.3167   3713.5010     329.4953  20.7054    11.4091 0.6141 -41.667  1.162    0.9017549   0     3112.317
       269    577.1746   3759.8672     301.3657  20.8023     9.9468 0.6546 +64.750  0.909    0.8850609   0     577.1746
       270    284.8721   3676.8904     1276.651  19.2348     7.6388 0.8563 -52.033  1.047    0.9304056   0     284.8721
       271   1282.5162   3638.1172     153.3474  21.5358     7.3963 0.7711 -62.321  0.788    0.8629077   0     1282.516
       272   1650.9907   3554.0215      390.828  20.5200     6.9196 0.8222 +58.359  0.965    0.8868687   0     1650.991
       273   2052.2302   3923.8296     274.5477  20.9035     9.0517 0.7791 -21.656  1.059    0.8860647   0      2052.23
       274   2601.1470   3694.6064     184.3731  21.3358     6.7153 0.6708  +4.869  1.063      0.90244   0     2601.147
       275   3614.4905   3639.7490     115.7997  21.8407     4.5981 0.9489 -48.684  1.088     0.869386   0      3614.49
       276   3331.9482   3638.5293     195.4268  21.2725     8.7767 0.7398 -12.571  1.059    0.8743961   0     3331.948
       277   1090.4463   3676.4805     170.0309  21.4237     7.7831 0.7537 -11.451  0.918    0.8802842   0     1090.446
       278    187.7503   3693.4150     137.5376  21.6539     8.6297 0.6003 -49.654  0.772    0.8581593   0     187.7503
       279   3138.9404   3613.7671     145.6543  21.5917     8.9829 0.6220 -11.480  0.729     0.900409   0      3138.94
       280   3121.3762   3525.6482     148.4832  21.5708     5.1573 0.8860 -18.289  0.871    0.8721118   0     3121.376
       281   4147.0840   3591.1973     422.3957  20.4357     8.4689 0.6434 +71.560  0.948    0.8849245   0     4147.084
       282   3375.3462   3412.9182     109.2467  21.9040     6.4635 0.7680 -73.420  0.874    0.8444487   0     3375.346
       283   2585.2827   3466.1477     246.7429  21.0194     8.6387 0.6579 -73.938  0.916    0.8758885   0     2585.283
       284   3056.9622   3599.6831     185.6808  21.3281     7.6665 0.6251 +44.287  0.936    0.8539412   0     3056.962
       285    738.0535   3575.0161     114.0527  21.8572     6.6535 0.7132 -72.584  1.220    0.8836926   0     738.0535
       286   2007.1014   3564.8301     235.9049  21.0682     6.3909 0.9303 +85.974  0.904    0.9043263   0     2007.101
       287   1347.9823   3473.8030      477.703  20.3021     8.1137 0.6993 +48.126  0.986    0.8600377   0     1347.982
       288    110.1060   3545.6765     506.3974  20.2388     7.8974 0.7142 +43.370  1.079    0.9161521   0      110.106
       289   2707.8118   3472.5229      137.029  21.6580     9.7400 0.6632 +11.488  1.275    0.9299034   0     2707.812
       290   2647.9358   3528.8118     125.0939  21.7569     8.7505 0.5751  +3.875  0.893      0.90559   0     2647.936
       291   2172.0679   3551.7271     173.7909  21.3999     5.8426 0.8270 -31.112  1.208    0.8823123   0     2172.068
       292    550.1208   3450.1929      6786.36  17.4209    11.7398 0.8343 -50.120  0.994     0.940929   0     550.1208
       293   2671.6350   3470.5894     556.1163  20.1371     6.9440 0.7609 +47.707  0.966    0.9422884   0     2671.635
       294   3798.7961   3304.3628     963.1224  19.5408    10.9833 0.5939 +24.894  0.979    0.9131911   0     3798.796
       295   2020.3197   3445.6025     121.1797  21.7914     8.5440 0.5730 -38.934  0.988    0.8659514   0      2020.32
       296   1948.0895   4062.0361     160.8416  21.4840     7.5946 0.8966 -88.860  1.066    0.8754625   0      1948.09
       297   3568.5391   3363.1309     1804.934  18.8588     8.2038 0.6932 +30.659  0.977    0.9468287   0     3568.539
       298    988.4891   3250.7927     195.2545  21.2735     8.3441 0.6123 -45.383  1.060    0.8428561   0     988.4891
       299    102.8781   3282.9221     699.0796  19.8887    13.5284 0.4729 +48.742  0.967     0.899453   0     102.8781
       300   4011.1929   3341.8550     108.5116  21.9113     7.0055 0.5973 +84.739  0.920    0.8891425   0     4011.193
       301   3141.4688   3364.5281     199.0604  21.2525     6.6189 0.9447 +31.057  0.930    0.8730586   0     3141.469
       302   2743.3755   3949.3076     112.1652  21.8754     7.9750 0.6450 -69.939  1.167     0.913282   0     2743.376
       303   2681.2170   3996.9504     503.5398  20.2449     6.1773 0.8299 -19.255  0.978    0.9111221   0     2681.217
       304   1323.4771   3241.8826     122.0672  21.7835     4.5676 0.9861  +0.757  1.027    0.8565419   0     1323.477
       305   2905.9075   3224.7683     452.2924  20.3615     9.2320 0.6767 -21.959  1.004    0.8922018   0     2905.907
       306   1500.9791   3817.6001     2161.677  18.6630     8.2173 0.7391  +8.834  1.003    0.9545516   0     1500.979
       307   4162.9580   3153.0884     148.2662  21.5724     8.1172 0.6816 +24.446  0.960    0.8738466   0     4162.958
       308   3450.9453   3157.7871     105.1736  21.9452     5.6615 0.6655 -32.561  0.995    0.8792797   0     3450.945
       309   2900.4507   4074.2161     273.4573  20.9078     7.8332 0.6119 -26.554  0.953    0.9053395   0     2900.451
       310   2757.3655   3864.1233     215.6613  21.1656     7.1189 0.8732  -8.178  0.932    0.8571848   0     2757.365
       311   1001.7929   3850.8025     134.3059  21.6798     7.0938 0.7255 +56.052  0.890     0.841795   0     1001.793
       312   1520.7064   3925.1582      198.585  21.2551     7.0355 0.7886 -34.027  1.144    0.8812797   0     1520.706
       313   1058.9386   3979.0525     343.1259  20.6614     5.3454 0.9661  -7.456  1.007    0.8559658   0     1058.939
       314   3802.3250   3962.6157     124.0103  21.7664     9.7351 0.4875 -16.971  0.908    0.8614624   0     3802.325
       315   1339.7952   3981.7200     318.1372  20.7435     8.2441 0.7325 +19.337  0.815    0.8947402   0     1339.795
       316   1650.6146   3909.6140     120.7891  21.7949     9.2490 0.6303 +81.812  1.459    0.8845329   0     1650.615
       317   4080.8379   3928.6936     165.5647  21.4526     5.8020 0.7060  +7.399  0.979    0.8986102   0     4080.838
       318   2061.2056   3891.2856     118.4489  21.8162     9.1695 0.7051 -69.020  1.127    0.8942056   0     2061.206
       319   4045.5361   3790.3774     671.1386  19.9330     6.9756 0.8577 -59.341  1.134     0.918395   0     4045.536
