4024.6 337.1 11578.57000 9.178 0.81 78.2 1 185
2528.0 109.1 284.10560 7.133 0.73 89.0 1.2 143
2753.8 65.3 1616.26200 7.139 0.68 64.0 1 143
2281.7 64.3 343.93740 8.326 0.80 -56.2 1 137
1055.5 71.7 120.80410 4.896 0.69 -83.9 1.1 89
3847.9 54.6 224.50290 6.106 0.79 -2.6 1 103
1791.6 50.4 145.02780 6.066 0.62 41.7 0.9 95
3409.1 34.5 504.41050 6.653 0.71 -22.0 1 119
351.1 10.8 170.96400 5.192 0.68 -58.6 1.3 117
184.5 87.6 182.48430 7.186 0.58 30.9 1 131
710.5 72.7 106.08360 4.448 0.89 71.4 1.1 73
1632.2 205.1 966.37630 8.194 0.87 -23.4 1 141
3347.2 204.2 742.75620 8.566 0.60 86.1 1 173
2466.2 151.3 141.85050 5.681 0.96 -48.5 0.9 73
829.3 198.6 222.65360 8.279 0.85 -62.0 1.1 133
2693.4 162.5 127.34440 5.781 0.88 13.5 1.3 105
1492.4 184.0 140.02130 6.013 0.95 -62.3 1.1 95
762.5 234.9 914.08720 7.766 0.77 37.5 1 143
2609.3 217.1 248.65230 5.884 0.64 -58.5 1.1 115
261.9 255.7 625.57540 6.722 0.86 79.6 1.1 125
1086.0 270.6 139.09240 7.416 0.54 80.4 0.9 119
274.3 417.9 1165.57200 7.375 0.74 67.0 1.1 145
3846.5 293.0 601.50480 6.782 0.71 -3.8 1 123
2084.7 298.1 211.77170 7.081 0.58 62.1 0.9 119
327.1 276.7 108.57220 4.679 0.84 83.2 1 71
447.4 318.8 350.32200 8.847 0.59 65.3 1 167
1267.8 316.6 199.65780 5.591 0.69 24.6 1.1 109
1101.2 423.8 1073.06800 8.381 0.71 86.4 1 161
1509.4 385.8 496.38980 6.045 0.97 83.2 1 99
2939.7 375.6 125.68240 6.514 0.89 60.8 0.9 85
1689.6 432.3 169.52440 6.868 0.74 70.6 1 115
893.2 441.6 165.49480 7.449 0.63 -33.5 1.2 151
3563.7 453.4 207.81980 7.062 0.91 -33.6 1.2 125
3747.8 526.8 890.15950 9.411 0.85 -37.3 1 157
699.8 456.5 163.72100 6.172 0.78 0.9 1.1 107
2305.3 467.0 127.31990 5.968 0.76 -82.6 0.9 91
1037.5 530.7 1405.68400 7.817 0.94 -4.0 1 133
1514.8 494.3 129.37130 9.368 0.56 -64.0 2 279
1513.9 534.5 403.96920 8.130 0.82 -40.0 1.1 143
3153.2 515.9 261.23060 6.907 0.78 46.1 1 107
2912.6 675.1 9989.18300 11.594 0.75 -49.9 1 229
2691.8 556.4 116.25850 6.417 0.48 81.5 1.2 143
2474.0 564.2 226.47470 5.417 0.63 -13.5 1.3 131
525.2 537.6 120.13950 6.671 0.70 -23.5 1.1 115
1389.2 581.4 356.77940 6.528 0.97 -39.4 1 103
1798.3 591.0 278.47630 8.575 0.53 -40.8 1.1 177
1823.6 569.4 220.95030 5.995 0.95 -28.2 1.2 103
3480.6 589.0 364.77940 6.276 0.91 -65.4 1.1 107
2071.0 569.4 133.09730 5.315 0.96 33.8 0.9 71
2234.8 616.5 188.13080 8.124 0.82 45.0 1 125
3583.1 591.9 119.13070 6.742 0.72 7.4 1 107
3387.9 620.7 236.35370 7.600 0.61 49.5 0.9 129
964.4 600.7 103.57300 6.858 0.63 -13.0 0.9 101
1710.6 624.5 157.28020 5.424 0.79 -29.1 1 85
3644.9 642.0 180.33670 5.054 0.78 -21.3 1 85
1439.0 659.0 264.44270 6.564 0.97 81.4 1 99
145.0 674.0 545.82060 7.387 0.72 9.9 1 137
4187.7 693.1 133.87740 6.919 0.50 -32.6 0.9 123
744.4 711.3 143.35190 4.970 1.00 -5.6 1.2 87
2614.9 756.0 449.49920 8.553 0.83 -45.0 1 133
179.2 767.6 873.40870 7.669 0.93 11.2 1 129
1044.8 784.9 631.89900 9.341 0.79 -54.2 1 149
1689.9 784.8 103.04710 5.748 0.71 24.5 1 93
1980.2 789.2 351.21800 6.886 0.78 85.3 1 115
6.5 773.7 267.73800 6.206 0.99 -65.2 1.3 115
294.7 785.0 164.56740 6.731 0.96 -59.2 1.1 105
4028.0 808.7 112.46590 5.225 0.69 -70.1 1.1 93
3132.6 920.0 1630.28300 7.523 0.63 -83.0 1 149
479.9 850.2 193.82680 5.748 0.94 48.4 1.2 97
2288.4 982.5 900.06820 7.379 0.61 31.0 1 143
3452.3 1000.0 131.21670 6.582 0.81 44.3 1 99
1098.4 998.2 133.50700 9.249 0.71 72.6 1.6 211
3422.8 1049.5 249.05200 8.815 0.54 65.7 1.2 189
1116.5 1025.0 132.61950 8.186 0.70 26.3 1.4 173
284.3 1032.9 238.51580 8.009 0.61 -11.3 1 141
68.5 1063.7 279.22100 7.350 0.70 -38.4 1 125
2280.6 1099.6 791.53910 6.170 0.95 -3.2 1.1 107
3540.4 1141.4 1512.51800 6.618 0.89 -22.3 1 115
586.3 1163.3 112.90120 5.917 0.89 42.0 0.9 81
2267.2 1133.5 715.56700 6.149 0.67 -19.2 1.1 125
1659.2 1114.2 160.33330 6.746 0.78 45.4 1 107
2409.9 1155.6 341.58800 7.931 0.54 -73.3 1 155
1685.7 1217.3 1538.94600 8.598 0.54 65.0 1 187
1984.5 1129.7 109.20340 6.171 0.92 22.9 1.3 109
734.5 1201.6 796.43190 6.399 0.66 89.5 1.1 137
862.7 1191.6 540.36580 6.337 0.88 60.1 1 109
586.5 1213.4 129.80010 5.048 0.92 -78.3 1.1 81
3266.9 1575.4 7133.87300 9.229 0.61 34.4 1 205
3643.4 1383.7 3850.92500 8.760 0.75 -47.2 1 173
3231.2 1239.0 530.27070 5.748 0.83 -49.7 1 101
1858.2 1228.6 195.44380 7.690 0.73 -77.6 1 125
1471.5 1215.9 127.64290 7.095 0.79 82.4 1.1 119
49.6 1253.0 220.12850 7.505 0.62 -79.5 0.9 123
3965.3 1277.9 809.84300 7.345 0.71 -10.3 1 137
659.5 1329.6 500.31840 5.975 1.00 -6.3 1.1 99
3557.1 1294.4 186.61120 7.313 0.72 -10.9 0.9 113
1619.1 1308.0 189.20920 7.845 0.85 -33.8 1 121
1685.3 1520.6 1665.73100 7.889 0.96 73.4 1 131
2136.8 1307.8 145.35440 7.390 0.84 -20.4 1 111
160.8 1328.9 223.64780 6.692 0.58 -62.6 1 125
2376.9 1470.0 488.93350 6.588 0.67 89.3 1 121
620.4 1436.0 4155.32800 11.088 0.72 -26.4 1 215
2046.4 1400.3 133.51540 6.302 0.74 74.9 0.6 65
3281.1 1339.9 120.25700 5.278 0.91 -68.9 1 75
3182.0 1359.2 118.14680 6.169 0.92 -0.5 1 87
997.8 1376.2 271.50670 6.892 0.87 -18.1 1.1 111
215.9 1419.4 596.81880 5.851 0.78 87.2 1 109
2620.9 1381.3 168.14890 6.137 0.64 -10.1 1 109
247.9 1539.9 745.23740 9.538 0.72 47.7 1 167
3767.9 1472.6 304.40160 8.075 0.72 76.4 0.9 127
1230.0 1429.2 114.28030 4.818 0.44 -54.5 0.3 45
647.1 1664.7 5059.21600 8.069 0.82 -78.5 1 161
3336.2 1472.6 222.44400 6.468 0.94 -41.9 1.1 107
954.5 1604.5 474.31150 8.721 0.83 -70.3 1 137
4086.0 1543.4 108.11050 6.517 0.55 81.8 0.9 109
779.0 1487.9 151.92210 6.485 0.90 44.7 0.9 91
2389.3 1506.9 282.13520 7.326 0.73 -17.5 1.1 137
3448.3 1536.2 270.91510 5.167 0.66 -74.8 1 99
401.0 1540.4 143.56520 6.141 0.58 -25.5 1.1 117
715.1 1539.0 109.28200 4.826 0.92 -37.3 1 73
128.3 1589.4 173.26610 6.243 0.72 19.8 1 105
1513.2 1693.7 2675.73600 8.666 0.84 45.7 1 157
3148.7 1637.9 214.31300 6.805 0.85 -61.8 1 103
1011.8 1814.0 728.99730 9.436 0.72 -11.5 1 171
1272.6 1735.3 556.68930 6.591 0.95 81.6 1.1 113
2802.4 1727.6 931.87370 7.552 0.95 -54.7 1 119
1175.1 1775.5 2276.97100 6.617 0.73 19.3 1 135
1970.7 1702.9 148.35380 7.624 0.65 -82.6 1.1 137
336.6 1697.4 107.32850 5.263 0.84 32.1 1 83
42.1 1714.9 452.68010 5.520 0.82 -42.2 1.1 101
3639.3 1716.6 159.80430 5.458 0.76 -76.5 1.3 111
948.1 1716.2 118.86080 6.030 0.69 52.3 0.9 93
2395.3 1876.2 410.91710 5.557 0.79 85.3 0.9 89
4078.7 1774.0 417.21860 6.968 0.85 22.6 1 113
2441.5 1775.1 200.11400 8.267 0.66 -59.9 1.1 149
719.2 1818.0 341.94280 8.420 0.81 -31.5 1 133
2018.9 1819.2 999.32970 7.764 0.65 -22.6 1 151
885.4 1796.8 466.60760 5.625 0.86 26.7 1 97
1712.6 1803.7 341.59820 6.912 0.74 -25.0 1 117
2981.0 1895.7 151.03050 6.552 0.97 39.9 1.1 97
1183.2 1888.0 449.65020 6.567 0.62 5.5 1.2 149
3508.5 1944.3 261.13270 7.619 0.77 29.4 1 119
4134.1 1950.0 194.52590 5.453 0.88 28.4 1 83
2338.8 1903.6 127.49470 4.998 0.95 -0.8 1.2 83
1325.1 1934.0 140.90550 6.251 0.82 48.7 1.1 101
2878.0 1958.3 130.36240 6.819 0.61 -12.9 1 119
636.9 2004.8 142.40840 7.101 0.45 31.1 0.5 87
376.5 2002.3 114.31650 6.978 0.50 44.5 1 131
856.7 2021.1 171.68010 6.263 0.81 35.5 1 97
3517.9 2045.8 396.71780 5.953 0.89 8.9 0.9 89
1713.5 2016.3 111.22440 6.399 0.55 -16.8 0.9 107
2107.8 2061.5 152.71390 6.552 0.87 -80.0 0.9 93
1046.9 2061.8 188.55760 6.976 0.71 17.6 0.9 103
902.5 2034.1 105.14430 4.990 0.68 -6.3 1 83
111.6 2197.4 4936.80600 10.032 0.71 -81.9 1 207
563.9 2082.3 228.60490 6.855 0.72 83.8 1.1 129
734.8 2100.4 135.40860 6.451 0.54 -10.7 1.2 139
3486.2 2124.6 295.65950 6.438 0.83 62.6 1 101
3810.7 2177.0 622.72950 8.796 0.49 49.1 0.9 175
682.7 2119.7 148.00530 6.984 0.92 -8.4 1.2 113
586.0 2119.2 150.14380 7.345 0.85 -25.8 1.1 117
784.7 2147.7 106.27970 7.405 0.63 -81.4 0.9 115
2312.9 2182.7 140.04560 5.487 0.72 67.9 1.1 101
1469.7 2176.6 257.08230 7.860 0.80 -7.7 1 119
601.9 2457.9 17011.99000 8.206 0.94 -73.3 1 161
2677.3 2197.1 239.13690 5.037 0.86 40.0 1 81
2435.0 2175.9 105.30460 4.611 0.97 -83.9 1 69
3146.2 2193.3 166.50180 4.990 0.93 30.4 0.8 65
3244.9 2196.2 125.70110 4.732 0.94 29.0 1.2 81
681.4 2290.1 1000.83900 8.765 0.87 52.7 1 149
1864.4 2250.5 173.38850 7.384 0.72 -48.3 1 119
2532.8 2236.3 139.66820 4.865 0.97 -23.7 1 73
1475.0 2367.0 272.61170 7.669 0.52 67.6 1.3 189
766.9 2329.9 760.54570 8.438 0.61 -32.0 1 163
2884.6 2421.8 330.36480 7.736 0.91 -1.8 1.1 129
2270.7 2352.9 387.15100 8.197 0.49 -17.3 1 161
1130.8 2346.9 141.24230 5.910 0.94 42.6 1 87
3945.2 2329.4 113.70450 4.596 0.96 69.8 0.9 63
3937.4 2567.9 2148.67300 10.481 0.73 29.0 1 191
107.4 2372.8 156.65180 6.322 0.84 22.5 0.9 89
39.8 2400.7 134.82570 6.788 0.59 76.1 1 123
4043.3 2444.0 238.89340 5.976 0.88 -64.2 0.9 87
1117.8 2442.7 191.60960 7.479 0.79 -22.5 1 119
1849.8 2453.1 157.80360 6.743 0.71 -49.5 1.1 117
1201.0 2472.1 163.29690 6.579 0.94 -56.8 0.9 89
3056.6 2544.3 2417.43000 10.386 0.83 36.7 1 177
754.6 2457.4 174.57570 4.817 0.70 -39.8 1 83
1316.6 2465.0 151.89080 6.859 0.77 -45.0 1 111
3125.5 2524.5 592.95500 7.088 0.70 24.3 1 133
2951.1 2500.5 217.04900 6.417 0.71 -59.2 0.8 91
133.1 2484.2 127.58520 6.721 0.80 41.0 0.9 91
3733.2 2504.1 204.75990 8.202 0.77 -28.0 1 131
3333.6 2522.2 289.38040 7.328 0.66 56.0 1 129
1338.5 2507.5 117.38440 7.307 0.67 71.0 0.9 111
3256.3 2565.4 525.51880 7.905 0.73 -57.3 0.7 107
1824.9 2524.2 155.54700 5.316 0.71 -48.1 1 89
900.5 2588.2 212.32600 7.387 0.75 57.3 0.8 97
1098.3 2617.0 386.09970 7.750 0.83 -84.5 1.1 129
2985.9 2581.6 209.08630 5.598 0.91 39.0 0.8 71
1568.0 2601.5 244.26850 5.984 0.87 65.8 0.9 85
2087.7 2688.0 1711.70600 10.300 0.87 -77.0 1 167
1907.2 2595.2 133.51210 4.749 0.96 -75.6 1 69
2716.7 2611.8 206.73690 8.199 0.58 11.4 1.4 191
1748.0 2627.7 242.25050 5.146 0.85 -43.7 1 81
2335.3 2652.3 255.55150 6.491 0.69 -80.8 0.7 87
581.8 2799.5 147.09760 5.318 0.75 89.4 1 91
3581.0 2653.0 306.34580 5.843 0.89 89.3 0.9 85
360.3 2647.4 246.32020 5.751 0.60 -12.8 1 111
797.5 2651.8 115.33320 6.826 0.96 -15.1 0.9 87
723.1 2728.5 149.59590 6.208 0.70 12.5 0.9 97
3180.1 2693.8 323.58940 5.603 0.79 -80.8 1 97
50.2 2727.1 145.15840 6.079 0.58 57.4 1 109
2888.4 2690.7 130.82990 5.586 0.96 2.9 1 79
3608.1 2754.2 439.41270 8.769 0.63 35.1 1 161
2253.7 2699.9 174.12860 5.316 0.70 -26.7 0.9 83
326.1 2755.6 1028.52400 6.789 0.74 30.2 1 133
694.7 2770.6 413.16020 6.975 0.68 -78.9 1.1 135
3871.5 2828.5 1483.43900 6.911 0.78 58.3 1 127
4184.6 2801.1 272.73040 5.966 0.64 -73.2 1 107
519.1 2812.9 216.40900 7.439 0.75 88.4 1 123
842.7 2935.6 1587.43900 9.017 0.57 -29.9 1 187
233.1 2835.8 302.61820 8.411 0.69 20.5 1.1 153
2928.1 2854.2 183.31940 7.911 0.87 -64.3 1.1 127
3987.1 2889.0 201.20860 6.928 0.52 36.5 1 135
1843.5 2888.2 174.69660 6.645 0.73 6.8 1 105
1454.1 2929.3 212.61680 4.980 0.89 58.1 1 77
335.1 2930.6 109.50070 5.614 0.87 -27.0 1 87
3298.5 2973.5 499.91500 8.476 0.58 -19.2 0.8 139
2451.1 2935.3 122.30780 4.549 0.91 -44.1 1 71
3964.1 3000.2 493.98510 6.553 0.70 -74.5 0.9 113
1993.1 2979.1 130.71930 6.679 0.54 47.3 1 123
44.1 2974.5 145.98350 7.177 0.61 -4.0 1 127
1191.0 2990.4 134.41080 7.407 0.87 -80.8 1.3 133
3338.2 3007.2 253.81950 5.478 0.81 -54.5 0.9 83
928.7 3019.7 219.96130 7.082 0.65 77.8 1 125
708.8 2992.4 152.75380 4.812 0.88 -15.6 1 75
2618.8 3016.4 174.04960 7.513 0.68 -30.9 1 127
2906.4 3224.5 454.88900 7.619 0.67 -23.3 1 137
1668.9 3047.3 114.31390 5.129 0.82 -47.8 1 79
1272.7 3027.9 191.55050 5.823 0.74 -4.1 1 99
2799.5 3028.7 124.96960 4.731 0.91 60.1 1 71
567.5 3049.5 139.56840 6.341 0.55 40.7 0.6 79
4041.2 3077.3 145.61440 5.130 0.88 27.2 1 81
328.2 3086.8 113.10060 5.632 0.66 79.6 1 95
510.2 3119.0 215.15360 5.105 0.95 25.7 0.9 75
3782.7 3138.6 144.73160 6.313 0.99 -40.1 0.9 85
3300.7 4093.9 231.34850 6.945 0.58 1.9 1 131
2226.3 4069.4 392.59570 7.570 0.64 -11.2 1.1 147
2359.4 3832.3 113.34610 6.676 0.75 23.1 1.1 115
2150.9 3716.2 115.88610 5.560 0.75 87.1 1.1 95
1966.4 3436.1 168.85750 4.979 0.67 35.1 1.2 103
3014.6 3418.7 128.17550 4.911 0.75 -48.3 1.1 89
2684.5 3247.8 151.63420 6.064 0.82 53.7 0.9 85
2052.2 3923.7 269.29430 7.908 0.77 -25.1 1.1 133
1001.8 3850.9 134.54870 5.901 0.72 60.6 0.9 87
3694.7 3870.0 188.67320 6.347 0.88 -76.0 1 93
3953.2 3888.9 164.22170 7.453 0.62 64.2 1.1 135
1521.0 3925.1 204.56290 6.442 0.83 -36.8 1.2 115
4081.4 3928.9 168.71660 5.099 0.74 6.5 1 89
1856.5 3803.9 1094.62700 7.915 0.60 52.7 1 155
2757.6 3863.9 216.63860 6.706 0.82 -12.8 0.9 97
104.0 3803.8 153.88620 6.351 0.83 31.8 1.1 109
3445.6 3793.4 2239.41200 6.607 0.81 -86.1 1 121
625.7 3808.3 376.76660 7.951 0.86 24.5 1 119
3112.3 3713.6 318.26480 8.644 0.61 -41.7 1.1 173
2328.7 3768.2 3368.88200 7.159 0.76 -41.7 1 141
4045.6 3790.5 686.33170 6.632 0.83 -61.6 1.2 133
577.1 3759.5 308.07670 8.184 0.65 67.6 1 145
285.0 3676.9 1277.28800 7.094 0.86 -50.0 1.1 131
1501.0 3817.6 2159.51700 7.064 0.74 9.2 1 137
4147.1 3591.3 413.53580 6.696 0.66 70.0 1 121
187.3 3693.7 145.69250 6.933 0.60 -48.6 0.8 101
3330.9 3639.1 188.04610 7.246 0.75 -11.7 0.9 101
1090.4 3676.8 176.94340 6.874 0.74 -16.7 1 115
110.0 3545.8 506.08000 6.660 0.71 43.8 1.1 135
3802.7 3962.8 116.99490 6.392 0.53 -17.0 0.8 101
3483.1 3563.6 707.10210 8.902 0.78 3.4 1 149
534.9 3678.7 241.42590 7.217 0.77 -88.7 0.9 107
3614.4 3639.9 114.10280 4.451 0.93 -52.3 1 69
3138.2 3613.6 160.88480 7.571 0.63 -3.6 0.7 101
2647.7 3528.7 126.64220 6.837 0.55 1.2 1 119
738.2 3575.1 107.92350 5.356 0.76 -75.5 1 89
3057.0 3599.7 188.21240 6.136 0.61 47.0 0.9 101
1651.0 3554.1 396.90520 6.405 0.83 57.2 1 109
2006.6 3565.0 245.75170 6.433 0.94 44.2 1 99
2172.2 3551.8 169.48270 5.214 0.84 -32.2 1 85
103.0 3283.2 689.46500 9.183 0.47 48.3 1 187
3121.4 3525.7 151.65010 4.898 0.94 8.8 1 71
1347.9 3473.8 481.15540 6.840 0.70 48.7 1 123
2585.5 3466.0 246.07900 7.091 0.65 -73.0 0.9 113
550.1 3450.2 6786.16900 10.733 0.84 -50.4 1 201
2671.6 3470.6 562.97890 6.132 0.76 48.2 1 107
2708.1 3472.8 127.35140 7.238 0.70 14.0 1.2 133
1839.5 3488.6 393.05960 5.726 0.89 68.5 1 91
2020.1 3446.2 119.02090 6.508 0.61 -43.9 1 109
4011.4 3342.0 110.36320 5.486 0.64 88.5 0.9 91
3141.6 3364.5 196.45120 6.457 0.95 19.7 0.9 83
3568.5 3363.1 1811.19400 6.848 0.69 30.6 1 135
3798.9 3304.4 979.56160 8.589 0.60 25.0 1 167
1457.2 3277.6 106.98340 7.074 0.74 -23.9 1 109
4163.1 3153.2 143.31310 6.397 0.71 24.6 0.9 95
988.9 3250.5 200.90560 6.570 0.59 -46.0 1 125
1323.4 3242.1 118.49310 4.520 1.00 -82.7 0.8 57
3450.8 3158.0 107.03340 4.629 0.71 -24.7 1 77
2601.1 3694.7 185.44890 5.755 0.69 8.9 1.1 111
1340.4 3982.5 333.61320 7.342 0.71 19.1 0.9 121
1282.8 3637.8 154.27110 6.548 0.77 -55.5 0.8 85
2681.2 3996.9 508.93590 5.717 0.85 -17.5 1 95
1948.1 4062.3 159.22490 7.263 0.91 -88.8 1.2 119
1840.2 4019.7 393.14690 6.976 0.77 -27.8 1 121
2900.2 4074.3 277.08980 6.240 0.60 -27.1 1 117
1059.0 3979.2 342.69740 5.201 0.97 -47.7 1 81
1497.9 3868.1 303.69800 8.312 0.53 -69.0 1.1 169
2743.7 3949.1 111.22050 6.526 0.69 -70.9 1.2 127
