#   1 NUMBER                 Running object number                                     
#   2 X_IMAGE                Object position along x                                    [pixel]
#   3 Y_IMAGE                Object position along y                                    [pixel]
#   4 FLUX_SPHEROID          Spheroid total flux from fitting                           [count]
#   5 MAG_SPHEROID           Spheroid total magnitude from fitting                      [mag]
#   6 SPHEROID_REFF_IMAGE    Spheroid effective radius from fitting                     [pixel]
#   7 SPHEROID_ASPECT_IMAGE  Spheroid aspect ratio from fitting                        
#   8 SPHEROID_THETA_IMAGE   Spheroid position angle (CCW/x) from fitting               [deg]
#   9 SPHEROID_SERSICN       Spheroid Sersic index from fitting                        
#  10 CHI2_MODEL             Reduced Chi2 of the fit                                   
#  11 FLAGS_MODEL            Model-fitting flags                                       
#  12 VECTOR_ASSOC           ASSOCiated parameter vector                               
         1    795.1656    112.1875     729.9081  19.8418     9.4470 0.7881 +80.009  5.077    0.9283403   0     795.1656
         2   1918.0110     52.7256     327.6487  20.7115     6.5480 0.7855 -62.484  4.004    0.9041164   0     1918.011
         3   2199.9670     14.7613     1514.472  19.0493    16.1217 0.6174 -62.102  4.457    0.9523965   0     2199.967
         4   2247.6821     10.7810      490.754  20.2728    14.6738 0.5393 -71.785  4.732    0.9569947   0     2247.682
         5    995.4618     11.3179     476.4161  20.3050    14.1373 0.8043 +70.688  5.196    0.9062916   0     995.4618
         6    424.7460    166.0410     766.1745  19.7892    11.1459 0.7616 -36.901  4.309    0.9792994   0      424.746
         7   1191.1943    129.4607     245.9046  21.0231     5.6786 0.8724 +82.568  3.618    0.9227362   0     1191.194
         8   3260.3411    116.9965     122.4792  21.7798     5.0454 0.8170 -27.368  2.109    0.8880003   0     3260.341
         9   2963.3015    129.8648     161.3924  21.4803     8.9192 0.5879 +87.937  4.126     0.893211   0     2963.302
        10   1955.7261    163.9895      159.166  21.4954    13.3636 0.7368 -73.042  5.018    0.9007837   0     1955.726
        11   3381.9541    178.5612     156.2128  21.5157     5.9730 0.9373 -70.942  3.612    0.8819371   0     3381.954
        12   2043.0990    360.8654     2911.347  18.3398     7.7765 0.9476 +15.676  3.983    0.9813852   0     2043.099
        13   1491.7992    216.3896     173.7707  21.4001     7.8995 0.8912 +50.171  5.081    0.8970414   0     1491.799
        14    387.4673    454.2386     7628.407  17.2939    14.7466 0.5554 -41.172  4.134     1.318629   0     387.4673
        15    311.5504    263.3087     195.3822  21.2728     6.1513 0.8696 +34.757  4.995    0.8874195   0     311.5504
        16   3377.7844    262.8400     209.9633  21.1946     9.5995 0.5673 -25.006  3.729    0.8816692   0     3377.784
        17   1967.3961    324.3772     465.6304  20.3299     7.2955 0.9385 -39.138  4.283    0.9203456   0     1967.396
        18    200.3825    395.6476     1325.596  19.1940     9.8747 0.8330 +85.958  4.137    0.9824714   0     200.3825
        19   3502.6763    419.1216     1503.539  19.0572     8.0843 0.9009 +85.505  3.665    0.9360375   0     3502.676
        20    694.6493    321.7496     142.4422  21.6159     7.7405 0.5522 +29.632  4.086    0.8761669   0     694.6493
        21   2976.8411    380.7753     464.0704  20.3335     8.6860 0.8493 -44.560  3.775    0.8852659   0     2976.841
        22   2418.4570    363.2653     214.2171  21.1729     8.0294 0.7266 +31.712  4.213    0.8907946   0     2418.457
        23   3163.6895    376.8100     209.6038  21.1965    10.2249 0.5650 -51.160  3.962    0.8699973   0     3163.689
        24   1705.2894    443.2353     1183.553  19.3170     7.4579 0.9967 -86.792  4.052     1.009749   0     1705.289
        25    274.2315    428.6683      310.188  20.7709     6.6344 0.8124 -71.128  4.064    0.9350253   0     274.2315
        26   3900.1755    464.4456     375.1537  20.5645    10.3718 0.7105 -78.614  3.794    0.9035993   0     3900.175
        27    502.4109    425.6304     230.2746  21.0944    20.0223 0.7758 +42.997  9.070    0.9141493   0     502.4109
        28   2089.1924    724.8819     4225.927  17.9352    14.7589 0.5160 -49.357  3.717    0.9234803   0     2089.192
        29   2551.5710    510.6198     136.8905  21.6591     8.3054 0.5931 -73.187  3.406    0.8897313   0     2551.571
        30    119.0237    625.2614     268.2707  20.9286    11.0455 0.5953 -11.374  3.895    0.8902535   0     119.0237
        31   1839.6724    576.7261     661.0316  19.9494     5.8867 0.9481 -17.954  4.076    0.9199275   0     1839.672
        32   1747.7263    542.1321     156.9836  21.5104     4.5819 0.9523  -5.303  4.253    0.8755266   0     1747.726
        33   4139.2827    581.3526     121.6176  21.7875     7.4636 0.5851 -83.217  3.543    0.8504375   0     4139.283
        34   2327.7639    596.2936     149.2851  21.5650     6.3629 0.9612 +46.324  4.288    0.8819101   0     2327.764
        35   1889.7659    627.4691     410.1302  20.4677     5.5778 0.9973  +1.910  3.687    0.8954148   0     1889.766
        36   1767.0586    603.1124      194.878  21.2756    12.9565 0.4943 -29.460  4.945    0.8868003   0     1767.059
        37   3570.0842    683.5805     312.0201  20.7645     9.0549 0.6224 +28.107  4.268    0.8818411   0     3570.084
        38    261.6425    664.6260      278.091  20.8895     6.2482 0.6811 -61.661  4.410    0.8962436   0     261.6425
        39   1017.1622    675.2996     130.0549  21.7147     7.5814 0.8496 -41.062  2.862    0.8870844   0     1017.162
        40   3395.4827    774.2588     1253.904  19.2543     8.7510 0.8612 +72.098  3.674    0.9220739   0     3395.483
        41   1136.2788    699.4573     280.3326  20.8808    11.9710 0.6651 -42.851  5.872    0.8932198   0     1136.279
        42    373.9801    883.1526     2048.031  18.7217     7.8231 0.8592 -16.548  4.379     1.005469   0     373.9801
        43    126.7128    859.1131      474.925  20.3084     9.4245 0.9336 -40.200  5.136    0.8935799   0     126.7128
        44   2460.3208   1071.5306     5507.182  17.6477    11.5724 0.8165  -1.962  3.727     1.001796   0     2460.321
        45   3439.1143    920.2206     511.7367  20.2274     6.2156 0.8158 +31.881  3.366    0.8902316   0     3439.114
        46    954.0040    875.4156     105.5875  21.9410     6.9255 0.6147  -5.342  1.722    0.9032395   0      954.004
        47   1041.2164    923.8729     475.7941  20.3065     7.8574 0.8882 +80.501  4.160    0.8948574   0     1041.216
        48    599.0502    947.5388     754.2469  19.8062    10.4421 0.6460 -28.640  4.630    0.9396204   0     599.0502
        49    426.6434    916.5806     231.3233  21.0895    28.1254 0.7700 +53.770  9.606    0.9226755   0     426.6434
        50   4049.6484   1095.0173     3715.589  18.0749    10.1514 0.6542 -51.057  3.684    0.9343724   0     4049.648
        51   1855.4585   1020.2847     217.3309  21.1572     9.8433 0.5255 -78.779  3.741    0.8746927   0     1855.458
        52    986.3502   1045.2144     159.4442  21.4935     8.8546 0.7748 -61.284  4.306    0.8751246   0     986.3502
        53   1471.3429   1175.0275     4198.376  17.9423     8.4480 0.8351 +39.021  3.891    0.9603727   0     1471.343
        54   2346.0632   1160.6816     327.4919  20.7120     7.6919 0.8951 +48.310  3.798    0.8692459   0     2346.063
        55   3986.0730   1200.7628     1202.714  19.2996     8.1968 0.8643 +72.899  3.607    0.9472907   0     3986.073
        56    416.9701   1171.4305     359.9784  20.6093     7.2462 0.8202 -26.770  5.325      0.89191   0     416.9701
        57   3617.1726   1162.4650     175.9868  21.3863     7.1317 0.6067 -58.469  3.267    0.8970783   0     3617.173
        58   2598.1245   1221.8518     417.8661  20.4474     5.7351 0.8182 -23.952  3.662    0.8797295   0     2598.124
        59   2892.9500   1211.7900      141.313  21.6245     6.9911 0.7647 -18.149  3.621    0.8949366   0      2892.95
        60   2668.1829   1237.1847     260.7678  20.9594    10.3360 0.6007 +40.248  4.317    0.8854645   0     2668.183
        61    569.3745   1289.8542     168.3612  21.4344    15.7218 0.5836 -76.988  5.647    0.8815013   0     569.3745
        62   1675.6971   1334.5834     172.9308  21.4053     8.6252 0.6840  -4.235  5.198    0.8711174   0     1675.697
        63    424.5043   1389.0222     199.4374  21.2505     7.1426 0.7027 +28.508  4.380    0.8683958   0     424.5043
        64   3901.9885   1488.8140     829.3107  19.7032     7.0429 0.7628 -20.074  3.849    0.9258096   0     3901.988
        65   2271.9307   1438.6263      389.428  20.5239     6.3597 0.9044 -27.205  3.795    0.8983615   0     2271.931
        66   1005.3219   1434.0472     251.8823  20.9970     5.7857 0.8250 +19.083  4.236    0.9205663   0     1005.322
        67   2886.5281   1435.3394     175.2549  21.3908     5.5872 0.9925 -73.375  3.898    0.8906007   0     2886.528
        68   3716.4761   1480.5117     168.1388  21.4358     6.2553 0.7074 +70.556  3.191     0.897383   0     3716.476
        69   2266.4458   1515.3986     363.0393  20.6001     6.8127 0.7340 +48.410  3.594    0.9051245   0     2266.446
        70    311.5207   1593.8245     342.8548  20.6622     6.8701 0.6623 +23.614  4.220    0.8948234   0     311.5207
        71   2980.4092   1593.4288     221.7346  21.1354     8.7488 0.8402 -63.979  5.488    0.8987241   0     2980.409
        72   1068.1167   1619.6013     163.0023  21.4695     7.2236 0.6361 -51.277  4.129    0.8744211   0     1068.117
        73   1182.6215   1656.7797     409.2194  20.4701     7.2770 0.9781 +80.477  4.664    0.8712311   0     1182.621
        74    838.0311   1638.2345     208.3251  21.2031     7.4593 0.6263 +40.328  4.068    0.8807718   0     838.0311
        75   1881.9303   1684.0566     281.7699  20.8753     5.6200 0.9366  -9.723  4.018    0.8997108   0      1881.93
        76    171.2345   1729.8473     874.7562  19.6453     7.0414 0.8966 +71.778  4.518    0.9202998   0     171.2345
        77   1748.9528   1783.2051     265.3171  20.9406     6.1108 0.8440 +26.851  3.940    0.8865074   0     1748.953
        78    922.5222   1713.1660     151.2792  21.5506     8.6772 0.6808  +6.121  4.033    0.8766321   0     922.5222
        79    319.9660   1770.5480     178.2199  21.3726     8.5599 0.5473 -50.338  3.249    0.9088088   0      319.966
        80   3659.0923   1811.4980     331.7058  20.6981     9.1103 0.6310 +18.774  4.131    0.9118917   0     3659.092
        81   4173.4346   1897.0483     588.4618  20.0757     5.5784 0.7880 +60.860  3.397    0.9197795   0     4173.435
        82   2922.2415   1859.5753     228.6712  21.1020     6.1398 0.7471 -49.805  4.176    0.9130443   0     2922.242
        83   3019.3455   1872.0581     130.5022  21.7110     6.7740 0.4972 -49.592  2.754    0.8959849   0     3019.345
        84    169.3048   1928.7657     764.1188  19.7921     7.7363 0.7157 +43.544  4.618    0.9054989   0     169.3048
        85   1434.8534   1934.2471     610.4484  20.0359     6.7866 0.8168 +12.738  3.745    0.8808751   0     1434.853
        86    399.2938   1966.6459     739.8835  19.8271     6.7972 0.7960 -59.462  4.439    0.8894866   0     399.2938
        87   3023.0159   1944.9237     161.6717  21.4784     7.8850 0.7528 +75.418  3.927    0.8650698   0     3023.016
        88   1794.7797   1958.4332     248.5464  21.0115     5.4627 0.9427  +9.466  3.638    0.8890194   0      1794.78
        89   2794.3259   1960.2988     190.3449  21.3011     8.9659 0.8579 +19.946  5.242    0.9000145   0     2794.326
        90   1893.0388   1976.0531     121.9054  21.7849     5.2173 0.7581 +76.778  3.090    0.9168865   0     1893.039
        91   1664.1709   2019.5327     141.9061  21.6200     5.9968 0.6213 -73.109  2.630    0.8850058   0     1664.171
        92   4046.5283   2149.3655     1140.035  19.3577     9.8253 0.7555 -40.947  3.426    0.8870792   0     4046.528
        93   3242.0183   2139.7014     361.0837  20.6060    14.6981 0.5722 -64.626  4.765    0.9102919   0     3242.018
        94   2531.0664   2098.2947     170.1312  21.4230     4.9439 0.7354 +69.808  3.386    0.8672026   0     2531.066
        95   1606.1848   2102.0339      120.779  21.7950     4.2543 0.9875 -39.192  3.513    0.8926774   0     1606.185
        96    548.8035   2118.4973     200.9514  21.2423     6.3166 0.7886 -58.655  4.646     0.874545   0     548.8035
        97   3109.5515   2195.3469     128.7554  21.7256     7.5209 0.6582  -1.853  4.065    0.8862693   0     3109.552
        98   2632.4490   2239.0693     177.7892  21.3752    10.1027 0.8143 +80.021  3.894    0.8935925   0     2632.449
        99   1091.4187   2312.4114     266.4625  20.9359     8.3215 0.6807 +56.579  3.896    0.8794467   0     1091.419
       100    307.0147   2302.9646     330.7309  20.7013     6.1847 0.6755  -6.691  3.902    0.8806521   0     307.0147
       101   2213.4810   2344.8076     145.5615  21.5924     9.5064 0.5490 +64.104  4.191    0.8650799   0     2213.481
       102   1043.1462   2419.4563     237.0288  21.0630    13.4698 0.4939 -50.787  4.569    0.8846327   0     1043.146
       103   2774.5984   2422.2229     267.2832  20.9326     5.2015 0.9846 +37.728  3.708     0.899911   0     2774.598
       104    342.1430   2519.5073     806.6664  19.7333    11.3481 0.5732 +76.510  3.801    0.8973829   0      342.143
       105   3668.1018   2469.1885     240.3783  21.0478     5.4577 0.9768 +86.783  4.257    0.8818386   0     3668.102
       106   2010.6223   2446.8311     149.2036  21.5656     5.8306 0.7630 -12.730  4.196    0.9091996   0     2010.622
       107    526.7784   2786.6572     10802.74  16.9162    13.6271 0.5657 -38.385  3.692     1.012873   0     526.7784
       108   2400.0635   2588.3965     1338.157  19.1837     7.4377 0.6800 -59.450  3.749    0.9357636   0     2400.064
       109    239.9469   2530.6882     280.7134  20.8793     7.4195 0.6442 +21.197  4.372    0.8995835   0     239.9469
       110   4032.0244   2595.3782     284.5684  20.8645     9.3562 0.8604 +44.015  5.309    0.8882809   0     4032.024
       111   2040.7030   2568.7803     162.1454  21.4752     4.6036 0.9903 -28.476  3.546    0.8667436   0     2040.703
       112   1800.9037   2600.0928     267.0167  20.9337     5.4558 0.6531  -7.477  3.600    0.8962182   0     1800.904
       113   2386.3130   2621.2642     331.2678  20.6996    16.9068 0.6682 +63.783  5.387    0.9221235   0     2386.313
       114   2844.2944   2632.4221     267.7655  20.9306     6.4404 0.8257 +72.972  2.991    0.9039381   0     2844.294
       115    243.9218   2625.8083     224.0078  21.1243     8.0215 0.7228 -14.690  3.728    0.8784786   0     243.9218
       116    493.7760   2632.5571     266.1969  20.9370     6.6114 0.6618 -25.168  3.171    0.9036573   0      493.776
       117   3475.8491   2628.9172     140.5576  21.6304     5.4904 0.8164 -53.213  3.978    0.8875808   0     3475.849
       118    919.3891   2694.9724     284.6877  20.8641     8.2043 0.9340 +50.317  4.813    0.9177872   0     919.3891
       119   2991.9070   2731.4453     296.1693  20.8211     6.9655 0.8723 -41.145  4.240    0.8888982   0     2991.907
       120   1549.0964   2778.7200     370.0345  20.5794     9.7992 0.5235 -65.153  3.514    0.9075794   0     1549.096
       121    272.5389   2757.2246     191.2535  21.2960     4.6893 0.8189 +66.572  3.246    0.8855881   0     272.5389
       122   2313.1316   2774.4351     157.4127  21.5074     6.9725 0.7186 +86.710  3.502    0.8847802   0     2313.132
       123   3041.1580   2890.2969     2441.399  18.5309     7.7039 0.9878 -58.542  3.624    0.9210894   0     3041.158
       124   3451.5667   2797.9397     216.1971  21.1629     6.0389 0.9052 +85.585  4.390    0.9076545   0     3451.567
       125    854.4201   2942.5095     1747.041  18.8942    11.1072 0.7201 +65.146  3.915    0.9176688   0     854.4201
       126   3621.1885   2870.1963     145.5856  21.5922     5.8867 0.8652 -56.492  3.870    0.9044418   0     3621.189
       127   2362.0605   2902.3271     345.4305  20.6541     6.5980 0.6554 +13.428  3.779    0.9032679   0     2362.061
       128   1422.3118   2946.2988     202.6433  21.2332     8.2935 0.6369 -42.554  4.173    0.8852636   0     1422.312
       129   1783.3904   3041.7534     744.3777  19.8205     6.7996 0.8591  -5.350  3.391    0.8838971   0      1783.39
       130   2166.7817   3040.0088     269.4187  20.9239     6.7708 0.9085 +42.479  4.913    0.9006695   0     2166.782
       131   2266.0032   3089.7014     858.0507  19.6662     9.5970 0.7338 +40.139  3.760    0.9278614   0     2266.003
       132   1220.4264   3087.3164     425.9571  20.4266     7.1718 0.7262 +74.126  3.398    0.9048715   0     1220.426
       133   1365.0443   3059.1528     166.5341  21.4462     6.0696 0.8390 -64.129  3.187    0.8944001   0     1365.044
       134   3473.5273   3092.9204     192.9818  21.2862     7.8184 0.7855 -53.748  4.309    0.8998064   0     3473.527
       135   1846.0775   3129.6572      824.631  19.7094     9.5546 0.6169  +4.384  3.428    0.9035724   0     1846.078
       136   1437.0864   4063.4751     2360.698  18.5674    10.2003 0.8886 +24.200  3.484    0.9836308   0     1437.086
       137   1434.8242   3576.3640     183.6821  21.3398     5.9436 0.8647 -43.001  4.411    0.9019192   0     1434.824
       138   2031.3921   3667.7817     145.4589  21.5931     5.3390 0.7058 -79.801  3.476    0.8611053   0     2031.392
       139    658.7342   3698.4153     595.5168  20.0628    11.2013 0.5112 +56.507  3.744    0.8889014   0     658.7342
       140   3373.4260   3726.2412     180.5347  21.3586     4.9084 0.7305 -35.060  3.461    0.9042286   0     3373.426
       141   3201.0217   3631.5256     151.4094  21.5496     8.3834 0.5956 +66.572  4.260    0.8781746   0     3201.022
       142   2873.6228   3259.1682     193.7405  21.2819     5.3153 0.9765  +6.385  4.219    0.8829634   0     2873.623
       143   3394.4036   3670.3948     316.8954  20.7477     6.7053 0.8599 -78.601  3.600    0.8842297   0     3394.404
       144   3195.4807   3301.0298     709.6219  19.8724    10.2696 0.5943 +27.849  3.676    0.8977003   0     3195.481
       145   1711.9962   3468.5342     162.2623  21.4745     6.6462 0.8886 +34.657  3.854    0.8541468   0     1711.996
       146    314.7316   3489.3254     270.0253  20.9215     5.9317 0.8865 -40.142  4.057    0.9121871   0     314.7316
       147   1457.7084   3452.4578     165.5436  21.4527     6.2450 0.6133  -3.232  2.792    0.8892097   0     1457.708
       148   4004.3240   3410.5720     160.2219  21.4882     5.5959 0.8005 +30.509  4.196    0.8799222   0     4004.324
       149   1527.4332   3402.0903     126.7311  21.7428     5.8555 0.7471  +3.428  3.282    0.8494726   0     1527.433
       150   3371.6958   3369.6738     488.1125  20.2787     8.0967 0.6501 +77.395  3.607     0.909365   0     3371.696
       151   1366.8978   3602.3284     243.7873  21.0325     7.8174 0.8077 +50.929  3.942    0.8823379   0     1366.898
       152    160.0910   3378.4360     222.6815  21.1308     7.9596 0.6694 -73.849  5.334    0.8984807   0      160.091
       153   4097.0693   3346.8240     165.6283  21.4522     9.0785 0.5381 +71.790  3.678    0.8975607   0     4097.069
       154   3779.9973   3222.7000     543.1398  20.1627     7.7328 0.7307 -46.138  3.888    0.8966371   0     3779.997
       155    149.0919   3973.7400     236.3729  21.0660    10.6355 0.8451 -66.165  6.461    0.8917158   0     149.0919
       156   3471.7808   3287.3494     119.8497  21.8034     4.0064 0.8802 +61.153  2.759    0.8601414   0     3471.781
       157    398.7795   3285.5635      634.603  19.9937     7.9070 0.7842 -82.093  3.985    0.9250262   0     398.7795
       158   3388.6589   3281.8047     263.3029  20.9489     5.7537 0.9685 +37.945  3.577    0.8946906   0     3388.659
       159   2749.8430   3280.4937     187.6711  21.3165     7.3629 0.6658 -11.083  3.354    0.8609901   0     2749.843
       160   1733.4327   3855.8301     463.7297  20.3343     6.2512 0.9374 +87.431  3.496    0.8789925   0     1733.433
       161   3927.9033   3878.9800     889.6359  19.6270     8.0709 0.7816 -14.595  4.123    0.9190944   0     3927.903
       162   2015.6973   4050.3569     198.1009  21.2578     5.5564 0.8335 -49.702  3.772    0.8748975   0     2015.697
       163   1148.3140   4046.5918      1444.86  19.1004    10.1954 0.8233 +69.527  3.682    0.9511102   0     1148.314
       164   2386.9932   3912.5664     409.1252  20.4704     8.6817 0.8566 +32.257  3.905    0.8858376   0     2386.993
       165   3895.3896   4064.1301     136.2189  21.6644     5.3071 0.8450 -29.988  3.181    0.9082362   0      3895.39
       166   2819.1992   3986.5007        228.2  21.1042     9.0828 0.6042 -70.026  4.392    0.8854468   0     2819.199
       167   2588.4941   3559.2351     502.1278  20.2480    10.5754 0.5899 -68.887  4.165    0.8856874   0     2588.494
       168   3322.4158   3835.0288     422.1612  20.4363     7.7895 0.6568 -67.118  3.581    0.8876515   0     3322.416
       169   1227.2937   3972.5293     578.7582  20.0938     7.2341 0.8177  -2.227  3.559    0.9008708   0     1227.294
       170   3049.7034   3948.8311      362.457  20.6019    10.5431 0.7440 -82.783  4.158    0.8944072   0     3049.703
