1 795.1656 112.1875 20.1474
2 1918.011 52.7256 20.9165
3 2199.967 14.7613 19.5392
4 2247.6821 10.781 20.8609
5 995.4618 11.3179 20.8942
6 424.746 166.041 20.0261
7 1191.1943 129.4607 21.1909
8 3260.3411 116.9965 21.8598
9 2963.3015 129.8648 21.7294
10 1955.7261 163.9895 21.9722
11 3381.9541 178.5612 21.7238
12 2043.099 360.8654 18.5164
13 1491.7992 216.3896 21.7368
14 387.4673 454.2386 17.4672
15 311.5504 263.3087 21.519
16 3377.7844 262.84 21.4124
17 1967.3961 324.3772 20.5736
18 200.3825 395.6476 19.4205
19 3502.6763 419.1216 19.2335
20 694.6493 321.7496 21.8391
21 2976.8411 380.7753 20.5667
22 2418.457 363.2653 21.3744
23 3163.6895 376.81 21.4661
24 1705.2894 443.2353 19.5036
25 274.2315 428.6683 20.9978
26 3900.1755 464.4456 20.8015
27 502.4109 425.6304 21.8239
28 2089.1924 724.8819 18.1266
29 2551.571 510.6198 21.8655
30 119.0237 625.2614 21.1746
31 1839.6724 576.7261 20.1407
32 1747.7263 542.1321 21.6901
33 4139.2827 581.3526 21.9917
34 2327.7639 596.2936 21.8001
35 1889.7659 627.4691 20.6438
36 1767.0586 603.1124 21.6699
37 3570.0842 683.5805 21.0359
38 261.6425 664.626 21.1031
39 1017.1622 675.2996 21.9264
40 3395.4827 774.2588 19.4471
41 1136.2788 699.4573 21.2993
42 373.9801 883.1526 18.926
43 126.7128 859.1131 20.6608
44 2460.3208 1071.5306 17.8289
45 3439.1143 920.2206 20.3807
46 954.004 875.4156 21.9994
47 1041.2164 923.8729 20.5395
48 599.0502 947.5388 20.0845
49 426.6434 916.5806 21.9793
50 4049.6484 1095.0173 18.2331
51 1855.4585 1020.2847 21.3749
52 986.3502 1045.2144 21.8222
53 1471.3429 1175.0275 18.1022
54 2346.0632 1160.6816 20.9373
55 3986.073 1200.7628 19.481
56 416.9701 1171.4305 20.8906
57 3617.1726 1162.465 21.5554
58 2598.1245 1221.8518 20.6177
59 2892.95 1211.79 21.8595
60 2668.1829 1237.1847 21.2664
61 569.3745 1289.8542 21.9299
62 1675.6971 1334.5834 21.7116
63 424.5043 1389.0222 21.5153
64 3901.9885 1488.814 19.8837
65 2271.9307 1438.6263 20.7227
66 1005.3219 1434.0472 21.2027
67 2886.5281 1435.3394 21.6036
68 3716.4761 1480.5117 21.6048
69 2266.4458 1515.3986 20.7799
70 311.5207 1593.8245 20.8768
71 2980.4092 1593.4288 21.5293
72 1068.1167 1619.6013 21.7163
73 1182.6215 1656.7797 20.7257
74 838.0311 1638.2345 21.4268
75 1881.9303 1684.0566 21.0791
76 171.2345 1729.8473 19.8668
77 1748.9528 1783.2051 21.1537
78 922.5222 1713.166 21.7938
79 319.966 1770.548 21.5717
80 3659.0923 1811.498 20.9474
81 4173.4346 1897.0483 20.2259
82 2922.2415 1859.5753 21.3284
83 3019.3455 1872.0581 21.8414
84 169.3048 1928.7657 20.0181
85 1434.8534 1934.2471 20.2234
86 399.2938 1966.6459 20.0418
87 3023.0159 1944.9237 21.7484
88 1794.7797 1958.4332 21.1931
89 2794.3259 1960.2988 21.6719
90 1893.0388 1976.0531 21.9276
91 1664.1709 2019.5327 21.7332
92 4046.5283 2149.3655 19.5399
93 3242.0183 2139.7014 20.958
94 2531.0664 2098.2947 21.5674
95 1606.1848 2102.0339 21.9608
96 548.8035 2118.4973 21.484
97 3109.5515 2195.3469 21.9877
98 2632.449 2239.0693 21.6794
99 1091.4187 2312.4114 21.1879
100 307.0147 2302.9646 20.8827
101 2213.481 2344.8076 21.8937
102 1043.1462 2419.4563 21.4252
103 2774.5984 2422.2229 21.1351
104 342.143 2519.5073 19.9484
105 3668.1018 2469.1885 21.2702
106 2010.6223 2446.8311 21.7519
107 526.7784 2786.6572 17.0605
108 2400.0635 2588.3965 19.3458
109 239.9469 2530.6882 21.1149
110 4032.0244 2595.3782 21.2354
111 2040.703 2568.7803 21.6527
112 1800.9037 2600.0928 21.1
113 2386.313 2621.2642 21.2261
114 2844.2944 2632.4221 21.0789
115 243.9218 2625.8083 21.3373
116 493.776 2632.5571 21.0811
117 3475.8491 2628.9172 21.8177
118 919.3891 2694.9724 21.1691
119 2991.907 2731.4453 21.0496
120 1549.0964 2778.72 20.7754
121 272.5389 2757.2246 21.4278
122 2313.1316 2774.4351 21.7471
123 3041.158 2890.2969 18.6962
124 3451.5667 2797.9397 21.4143
125 854.4201 2942.5095 19.1175
126 3621.1885 2870.1963 21.8456
127 2362.0605 2902.3271 20.8329
128 1422.3118 2946.2988 21.4785
129 1783.3904 3041.7534 19.973
130 2166.7817 3040.0088 21.2089
131 2266.0032 3089.7014 19.8661
132 1220.4264 3087.3164 20.6032
133 1365.0443 3059.1528 21.6265
134 3473.5273 3092.9204 21.5747
135 1846.0775 3129.6572 19.8864
136 1437.0864 4063.4751 18.7653
137 1434.8242 3576.364 21.5329
138 2031.3921 3667.7817 21.7718
139 658.7342 3698.4153 20.2824
140 3373.426 3726.2412 21.5233
141 3201.0217 3631.5256 21.8476
142 2873.6228 3259.1682 21.4966
143 3394.4036 3670.3948 20.9428
144 3195.4807 3301.0298 20.0826
145 1711.9962 3468.5342 21.7337
146 314.7316 3489.3254 21.1174
147 1457.7084 3452.4578 21.5937
148 4004.324 3410.572 21.692
149 1527.4332 3402.0903 21.9309
150 3371.6958 3369.6738 20.4722
151 1366.8978 3602.3284 21.2974
152 160.091 3378.436 21.4377
153 4097.0693 3346.824 21.6875
154 3779.9973 3222.7 20.35
155 149.0919 3973.74 21.5094
156 3471.7808 3287.3494 21.922
157 398.7795 3285.5635 20.2088
158 3388.6589 3281.8047 21.1345
159 2749.843 3280.4937 21.5087
160 1733.4327 3855.8301 20.4975
161 3927.9033 3878.98 19.83
162 2015.6973 4050.3569 21.4432
163 1148.314 4046.5918 19.3159
164 2386.9932 3912.5664 20.711
165 3895.3896 4064.1301 21.8297
166 2819.1992 3986.5007 21.417
167 2588.4941 3559.2351 20.4945
168 3322.4158 3835.0288 20.6179
169 1227.2937 3972.5293 20.2682
170 3049.7034 3948.8311 20.8813
