795.1 112.2 667.60170 6.694 0.79 76.3 1.1 127
1918.1 52.7 342.14140 5.921 0.76 -60.6 1.1 113
1206.8 54.9 50.61442 4.756 0.81 35.9 1.9 119
3986.6 54.8 44.85667 5.668 0.61 88.8 0.6 61
3154.0 41.5 29.69983 3.440 0.79 83.7 1 51
2199.6 15.4 1480.04100 11.128 0.62 -61.5 1.1 229
123.5 30.0 94.70501 6.069 0.64 66.8 1.1 111
2247.6 11.8 441.49810 8.409 0.55 -74.3 1.1 177
995.3 12.0 417.14190 9.081 0.83 77.2 1.1 153
1797.3 29.4 22.08283 5.402 0.74 -31.2 1.7 113
704.4 18.2 25.19931 12.033 0.27 9.9 4.1 485
276.9 8.5 121.86140 5.756 0.95 19.7 1.6 123
2726.1 10.4 23.43937 2.728 0.72 -83.3 1.3 57
1990.8 9.6 33.62992 8.493 0.58 -86.9 4.4 317
641.9 10.3 10.82836 3.902 0.80 83.4 0.3 27
1406.5 9.7 9.00099 2.435 0.55 -58.6 1.2 49
3993.5 4.7 43.31467 4.113 0.61 3.8 1.1 75
3572.4 6.5 15.64747 3.153 0.89 -33.8 1.7 67
3322.8 9.6 21.32798 11.215 0.59 83.9 4.5 333
1681.7 47.5 65.70412 2.618 0.92 -15.5 1.3 53
450.6 31.7 26.97099 5.237 0.62 -35.3 3.8 215
3601.2 52.2 59.55169 4.716 0.86 13.0 1 69
2177.2 62.5 96.90578 5.448 0.73 -73.1 3 227
2448.6 42.8 28.92414 4.028 0.57 -33.8 0.7 53
2106.1 92.0 66.95135 8.665 0.64 69.2 0.9 127
2962.9 128.9 166.40870 6.806 0.50 88.5 1.2 151
1409.6 56.9 44.90195 5.060 0.70 -22.4 0.7 61
2405.7 44.7 13.39728 1.928 0.55 33.6 1 37
2745.5 46.4 11.83231 2.809 0.69 79.4 0.7 33
971.8 38.3 52.66646 35.454 0.38 -26.9 4.5 797
2519.2 28.6 8.45141 1.607 0.08 2.3 1.6 125
3824.0 36.1 9.78426 3.318 0.75 18.1 1.1 51
3987.7 48.9 42.78096 5.807 0.66 -86.2 1 91
1462.9 58.5 15.48009 3.695 0.77 -44.2 0.3 25
3420.7 56.6 40.06873 14.296 0.34 65.3 4.4 547
3914.2 99.6 36.33199 6.282 0.47 27.3 1.1 117
538.2 47.5 8.30682 1.954 0.44 9.5 3.1 101
424.8 165.9 774.62510 9.152 0.78 -42.6 1.1 165
1191.1 129.6 268.87120 6.125 0.86 -85.3 1.1 103
2921.6 75.0 45.48166 3.054 0.87 11.9 1 49
3575.5 73.0 36.53638 14.953 0.77 68.5 2.9 307
804.3 77.1 102.68400 34.318 0.68 -60.6 3.8 689
2381.1 68.1 33.61275 10.083 0.36 58.4 4.5 469
2465.5 59.7 16.59269 6.491 0.61 30.3 4.1 219
795.4 76.0 137.33900 64.656 0.85 -72.1 4.5 889
2390.1 82.3 35.62261 7.343 0.55 66.8 4.5 325
4156.5 68.1 14.83955 4.205 0.44 -1.7 3.1 175
3645.6 103.2 87.82254 4.865 0.88 -22.9 1 73
3360.6 76.6 33.53876 28.560 0.27 -6.7 4.5 763
3425.5 72.4 25.74802 8.314 0.60 73.2 1.4 147
3260.4 116.7 149.70270 6.102 0.79 -16.0 1 99
1473.8 73.3 28.79622 22.905 0.36 29.8 4.5 597
734.0 90.7 32.76831 6.256 0.47 -10.6 1.1 115
3325.8 79.0 17.83530 3.938 0.84 -19.5 4.5 199
2012.9 110.4 46.79865 5.261 0.42 38.0 1 105
245.5 96.0 23.20337 2.887 0.96 -4.6 1.7 63
3162.6 86.8 32.34433 18.236 0.27 -0.1 4.5 629
1780.9 104.7 39.28377 4.292 0.96 24.2 0.8 49
2104.7 106.9 61.38448 10.664 0.51 -89.1 4.5 463
1262.6 91.2 10.98993 2.278 0.75 -88.3 1 37
2673.0 107.4 24.12945 4.582 0.71 70.9 1 67
550.3 112.3 42.71018 2.303 0.76 10.4 3.2 121
2743.7 99.6 23.43139 8.337 0.79 11.1 4.5 259
3135.0 118.6 38.63350 4.010 0.85 15.8 1.1 63
2719.6 98.8 34.82673 23.093 0.25 5.3 4.5 729
3004.0 106.5 53.38308 14.938 0.33 -12.8 3 521
474.1 123.2 39.13054 3.183 0.90 -74.1 1.6 73
465.1 109.5 22.62883 5.814 0.55 61.5 3.1 207
865.5 126.8 44.79031 5.291 0.67 -31.1 0.8 71
1583.4 118.1 23.17715 3.630 0.70 -2.1 1.4 73
170.5 120.1 20.63977 4.873 0.77 62.8 0.9 63
2572.5 103.8 9.05198 3.309 0.59 -28.4 0.3 25
123.7 133.5 53.07800 2.469 0.76 -9.7 1.5 65
565.7 129.2 40.30162 5.715 0.78 38.2 4.1 231
1954.7 164.1 142.20230 8.214 0.83 -78.1 1.2 143
1115.7 118.5 20.82501 4.355 0.20 -24.1 4.5 469
1970.0 145.9 95.12032 4.776 0.77 -28.4 2.8 195
3382.0 178.9 161.27260 6.112 0.93 80.9 1 91
3371.9 135.8 21.37734 4.640 0.80 -60.3 0.9 59
2027.0 149.0 45.45317 3.216 0.86 74.2 1.2 57
2248.6 127.8 19.47196 5.895 0.12 71.3 4.5 599
1694.2 136.4 16.94989 3.476 0.69 17.2 0.6 39
933.0 132.6 20.76361 9.563 0.33 -25.2 4.5 421
3862.5 135.5 13.44506 5.237 0.54 -32.7 0.5 53
3513.4 176.4 90.31211 6.234 0.60 -10.7 0.8 89
858.3 151.8 22.88075 4.463 0.69 -75.1 2 113
57.0 133.9 6.69321 0.998 0.82 11.7 2.3 37
2917.2 168.0 16.77277 4.979 0.31 -54.6 0.3 51
1099.4 158.3 27.33277 5.483 0.61 69.3 0.8 73
3864.4 138.4 14.32029 5.277 0.55 -30.5 0.8 71
3717.4 174.4 53.94142 3.486 0.75 51.7 1.8 101
2097.8 153.7 14.81816 3.473 0.67 52.4 1.3 67
2339.2 159.5 23.99733 6.233 0.68 -43.3 2.3 161
587.7 170.6 41.41417 2.550 0.94 0.4 1 39
2328.5 192.7 59.65990 5.574 0.63 73.8 0.9 83
3797.9 187.5 101.90210 4.433 0.77 -13.5 0.9 67
3967.2 176.2 108.07550 18.651 0.56 17.2 4 603
3705.0 161.2 33.85085 9.143 0.64 27.8 3.5 283
3169.7 159.5 19.98455 4.471 0.30 -4.1 0.3 49
1366.5 168.6 16.96931 3.170 0.90 -50.6 0.7 35
1983.0 162.5 59.23938 47.905 0.91 -25.7 4.5 567
2685.9 173.5 26.50900 4.022 0.81 43.8 1.2 69
2872.8 160.9 17.15952 4.111 0.53 14.3 2.6 145
244.7 174.1 27.76100 2.948 0.94 -75.2 1.6 65
3975.2 186.7 95.44820 13.297 0.49 33.6 2 361
3943.4 181.8 73.33026 25.141 0.49 -18.2 4.5 715
1100.9 163.2 27.18201 5.712 0.58 68.4 0.8 75
326.6 159.3 17.06516 6.988 0.48 26.8 3.7 247
1045.8 169.7 16.97632 2.757 0.99 74.8 1.3 47
1805.4 233.6 105.78440 4.195 0.85 1.4 1 63
1491.7 216.6 153.32760 5.537 0.93 45.6 1.1 91
3898.8 174.7 24.72369 4.700 0.65 12.5 1.6 107
1399.8 188.8 58.10650 3.024 0.86 -28.4 1.2 57
3193.0 177.4 33.37933 8.044 0.48 46.4 2.5 253
4179.1 172.3 24.71618 5.416 0.53 15.4 2.7 189
2994.6 173.7 11.36722 0.897 0.24 8.6 4 117
4113.9 182.1 19.40651 3.618 0.76 -72.7 0.5 33
2937.7 177.7 20.40957 4.125 0.55 49.3 4.1 199
4071.2 197.4 47.76083 3.985 0.83 -41.9 0.8 49
43.4 190.4 23.46245 3.448 0.88 62.8 1.2 57
1246.8 202.5 59.53103 2.737 0.90 20.9 1.1 49
4141.9 201.1 29.81796 5.143 0.83 89.9 0.4 39
3114.1 198.8 27.41221 2.905 0.83 16.4 1 47
2937.2 221.9 73.82877 6.477 0.92 -41.2 0.8 77
896.5 213.7 79.91488 2.566 0.95 31.7 1.5 63
3143.9 189.1 10.67340 3.195 0.55 -30.6 0.4 31
1197.1 220.5 88.83732 9.818 0.57 8.8 1.4 207
1452.4 187.9 10.99784 4.212 0.38 62.4 4.5 239
2384.0 200.5 28.13786 7.180 0.43 35.3 2.2 217
4190.4 195.5 9.78117 2.873 0.63 -42.6 0.3 23
1939.4 212.0 27.01372 3.277 0.87 84.9 0.8 39
1907.0 219.9 28.25232 3.041 0.89 71.2 0.9 41
1388.5 211.9 29.14442 6.413 0.65 57.6 1.8 145
349.7 197.8 16.56697 5.829 0.81 38.1 4 181
2285.5 195.5 24.00428 10.128 0.21 -45.1 4.5 561
2267.4 210.5 26.73036 12.324 0.54 -52.2 4.1 353
1767.6 246.3 89.20779 6.794 0.86 -58.4 1.3 119
311.4 263.3 199.60570 5.520 0.89 43.9 1.3 109
3378.0 262.7 224.88980 7.615 0.55 -26.6 1.2 169
1534.9 209.8 12.33603 3.127 0.51 -15.3 4.5 215
3592.1 213.0 13.14523 3.599 0.57 48.1 0.7 45
1705.4 443.1 1211.12700 7.371 1.00 77.2 1.1 131
1331.5 213.5 15.01954 3.407 0.63 7.2 1 57
3901.6 235.2 32.86578 3.270 0.86 69.8 1.1 55
3176.4 220.8 21.75144 6.676 0.42 16.5 0.4 63
3164.7 219.2 21.04801 6.743 0.43 10.1 0.3 57
1851.7 227.1 11.23402 2.915 0.38 -73.0 1.2 69
941.1 237.9 31.72310 8.267 0.75 57.2 4.5 329
2519.9 247.5 35.83360 4.819 0.55 -22.0 0.4 41
367.8 254.7 64.02687 3.622 0.42 26.9 2 149
1853.9 230.4 10.94186 1.904 0.32 79.8 3.8 143
1034.9 230.9 9.48614 1.968 0.37 81.4 3.2 115
2514.3 249.7 34.28741 4.724 0.70 -29.4 0.8 61
2407.5 245.0 32.69088 11.190 0.35 -51.4 1.9 303
2043.1 360.8 2959.97600 7.594 0.94 19.3 1 137
1893.4 240.6 30.90940 10.696 0.56 -39.4 2.3 253
760.7 235.2 31.90120 30.798 0.78 -89.4 4.5 447
2916.0 249.6 12.79133 1.713 0.55 81.9 4.5 165
1145.0 246.3 36.32721 12.226 0.22 76.5 4.5 621
3392.6 269.9 113.59930 13.343 0.58 -8.0 0.3 97
3248.1 283.0 48.05040 3.904 0.64 -82.9 0.9 61
3320.1 262.3 88.98830 24.425 0.38 9.7 4.5 883
1000.3 246.7 28.23059 17.846 0.43 35.0 4.5 489
941.3 265.8 64.25582 16.027 0.91 -19.7 4.5 409
1967.3 324.3 451.03700 6.602 0.90 -37.4 1 103
389.6 271.7 42.39022 5.233 0.51 51.6 2.6 201
2753.9 272.7 42.26360 3.129 0.98 -82.0 1.1 51
1433.8 247.6 6.04142 0.465 0.69 -72.1 4.5 51
200.6 395.9 1372.42900 9.144 0.82 86.8 1 163
1645.2 263.9 15.86351 4.486 0.71 84.8 1.6 91
1874.1 270.1 18.25010 2.548 0.63 84.6 2.8 105
1589.5 289.2 61.37494 3.173 0.84 60.3 0.9 45
1669.1 276.0 23.70225 4.276 0.83 46.6 3.9 167
1503.8 264.3 12.59381 4.869 0.38 -87.2 4.5 269
677.7 256.8 13.10860 4.223 0.13 50.8 4.5 471
3940.2 286.7 47.53368 3.725 0.80 13.8 1.1 63
2705.8 267.1 26.61016 22.793 0.89 21.9 4.5 363
508.8 258.3 53.76446 47.562 0.41 75.1 4.5 831
1348.5 287.1 50.53594 2.222 0.98 40.8 1.2 41
387.6 454.2 7617.78300 10.425 0.56 -41.4 1 249
2830.3 270.1 12.56410 2.610 0.43 47.4 1.5 73
614.0 271.3 12.57362 2.854 0.61 59.6 0.3 23
2880.6 261.6 10.39580 3.436 0.77 -87.5 0.5 31
1754.7 285.4 22.97892 3.558 0.80 25.8 1.4 71
275.6 293.6 27.27857 4.019 0.54 65.8 1.1 75
695.0 321.7 147.54200 6.010 0.54 31.2 1.1 121
2912.4 296.4 38.98796 4.793 0.73 69.2 2.1 133
2897.9 283.9 87.54160 37.842 0.28 48.0 3.1 1017
1245.9 282.9 15.24104 1.297 0.44 83.8 3.1 91
64.5 297.4 30.93895 2.843 0.83 12.2 1 43
3588.1 309.2 38.97209 3.904 0.85 -72.9 1.2 69
3991.2 322.7 64.48317 5.339 0.86 37.5 1 75
1396.3 296.5 12.13744 2.214 0.85 68.7 1.2 37
3163.8 376.8 218.95800 7.964 0.54 -53.4 1 147
2817.4 304.2 12.92623 3.821 0.58 -67.5 0.4 33
1471.8 296.2 27.59614 19.638 0.83 -76.2 4.5 373
479.6 298.7 12.70559 3.672 0.92 75.9 1.4 59
3502.9 419.1 1575.52100 8.138 0.90 85.9 1 143
2694.7 290.5 13.69559 5.097 0.46 -1.6 0.8 71
2976.7 381.0 472.07870 8.183 0.86 -46.0 1 129
2727.5 331.7 63.00454 3.749 0.76 89.1 1 61
2296.3 310.6 21.76885 4.444 0.60 -12.4 0.7 57
2605.7 300.6 8.44782 2.091 0.97 -66.8 1.9 49
3072.4 310.4 29.13338 17.484 0.67 -89.5 4.5 397
2418.7 363.1 214.55960 6.303 0.68 33.3 1.1 119
4166.1 312.3 11.63525 3.881 0.49 -66.3 2.3 125
458.7 323.2 20.64273 4.635 0.56 -15.4 1.3 93
1351.9 315.9 8.35296 2.903 1.00 13.9 1.8 59
65.3 353.3 62.47702 5.337 0.71 47.4 1.4 109
2122.8 327.6 11.38853 1.509 0.28 -32.1 3.7 131
4072.0 354.8 55.11345 4.574 0.65 -48.5 0.9 73
1339.3 343.4 19.41681 2.991 0.73 -30.5 0.4 25
1470.8 328.6 12.22472 1.524 0.05 -54.9 4.5 471
2324.5 345.1 24.39980 2.738 0.72 -17.9 1 45
3902.7 342.5 11.01379 2.198 0.22 -23.8 1.8 105
2966.0 336.5 65.53164 34.575 0.49 88.2 4.5 731
1682.4 375.7 72.98676 5.954 0.87 78.6 0.9 81
2591.3 373.1 33.27719 5.919 0.60 -79.5 1.8 145
4051.7 380.6 43.64904 3.701 0.98 -27.0 1.1 55
2554.0 376.6 29.98554 3.465 0.81 64.1 0.4 29
2591.6 390.4 72.86745 4.311 0.85 -30.7 1.1 73
274.2 428.9 335.29500 6.690 0.82 -73.0 1 113
1413.7 393.9 46.60183 6.581 0.27 42.3 1 155
2914.5 359.0 10.19897 3.126 0.72 -51.9 0.3 23
2392.9 384.4 64.32713 13.844 0.45 -65.1 4.5 553
3900.1 464.6 380.86970 8.574 0.72 -79.6 1 145
341.7 376.9 19.57190 3.054 0.64 12.8 0.8 43
2922.6 403.1 94.01785 5.523 0.64 -34.2 0.9 91
1241.0 386.3 22.35310 4.448 0.29 -66.1 1 105
4132.0 369.3 11.93713 3.093 0.54 13.6 0.6 37
3410.2 379.3 15.52630 3.022 0.48 66.0 1.8 95
394.2 387.4 49.92453 2.129 0.66 -88.2 4.5 189
1066.5 395.9 45.22280 3.545 0.78 -68.9 1.3 71
502.6 425.6 142.83890 5.645 0.75 46.8 1.1 103
342.3 413.0 79.57080 10.388 0.46 71.9 2.4 349
3751.9 399.8 25.55937 4.299 0.93 87.7 0.7 45
295.0 392.5 19.34069 2.138 0.67 14.9 0.7 29
3628.6 390.1 8.57135 2.832 0.64 -45.6 0.3 21
1404.6 418.5 53.00574 2.794 0.82 -50.7 3.3 141
4034.1 406.2 29.64353 3.437 0.62 9.2 1.1 63
2662.8 405.2 13.71221 3.646 0.52 -71.7 0.6 45
2733.5 414.8 23.45338 3.634 0.68 90.0 0.9 53
4074.2 410.9 21.35452 3.855 0.64 -66.9 2.8 141
1884.6 421.3 31.36139 3.968 0.37 -7.9 1.6 127
2477.0 401.3 8.29950 1.202 0.40 28.4 3.7 93
345.5 431.3 90.53696 23.602 0.47 79.4 3.9 689
664.6 477.9 76.24719 3.709 0.75 -62.5 2 119
3464.6 451.9 66.07940 5.185 0.83 62.0 1 75
2596.2 446.8 26.43672 5.138 0.56 -75.1 0.4 45
52.2 429.1 11.66661 2.951 0.50 62.8 0.5 31
1389.8 450.7 39.68445 5.053 0.58 71.0 1.1 95
2551.7 509.7 146.55100 7.605 0.57 -71.9 1 133
4074.6 432.9 49.25429 37.669 0.19 -83.6 4.5 1135
1618.6 444.7 15.17159 1.675 0.64 83.4 1.9 57
233.0 449.4 57.44440 17.780 0.45 33.2 4.5 655
1759.7 454.1 19.10802 2.399 0.67 -60.5 1.4 55
4151.0 454.6 65.47739 41.143 0.48 20.4 4.5 805
1819.4 459.8 34.25249 7.803 0.79 81.7 1 99
1481.4 454.6 18.99269 2.215 0.78 -21.5 0.9 35
1932.9 483.8 105.28870 5.962 0.70 33.4 1.6 145
1991.1 475.1 44.78240 4.927 0.58 -23.2 0.9 81
1393.6 458.7 46.27264 17.652 0.53 82.1 4.5 523
2505.1 456.3 11.45708 2.353 0.86 66.6 0.7 27
4067.7 449.6 14.07875 5.085 0.82 -72.4 3.1 139
3683.8 456.3 10.59384 3.241 0.70 -65.5 0.6 33
1919.7 484.2 60.04746 6.736 0.75 -32.5 1.3 123
4170.5 464.5 39.41788 12.185 0.24 27.2 1.8 383
790.3 474.4 13.66855 2.975 0.85 73.1 0.3 21
1559.3 492.7 44.61499 3.808 0.77 44.4 0.8 49
4180.4 468.0 68.67339 29.355 0.21 24.0 3.9 1039
4086.9 489.8 24.59356 3.600 0.87 -79.0 0.8 45
1722.8 499.7 25.19333 4.086 0.86 3.9 0.7 43
2457.4 486.0 10.00329 3.543 0.73 3.2 1 49
1944.4 519.7 48.65951 7.772 0.96 -16.6 0.9 91
1747.7 542.2 168.93070 4.954 1.00 -36.1 1.1 81
2153.0 514.1 43.69478 3.042 0.93 19.4 1.1 51
1839.6 576.7 676.94700 5.928 0.96 -28.8 1 99
521.5 520.3 63.95576 11.549 0.62 -58.3 2.9 337
1114.2 695.0 143.98320 21.233 0.61 0.8 2.1 469
1318.6 513.2 18.14065 3.680 0.54 -88.5 0.9 57
559.5 507.6 22.00832 5.128 0.44 -81.5 0.3 45
3490.6 499.6 9.45631 3.335 0.59 71.1 3.3 125
559.0 512.5 21.86411 5.330 0.44 -81.5 0.3 45
4139.4 581.1 129.02490 6.337 0.61 -86.5 1 111
1598.0 530.1 26.12252 4.269 0.62 -79.2 1.1 77
2511.5 512.8 26.39971 12.702 0.25 77.8 4.5 549
3174.0 522.4 22.98104 2.616 0.73 -56.4 0.9 39
3292.5 532.7 40.12937 3.869 0.62 -2.5 0.8 57
1206.2 525.8 29.81985 11.000 0.45 27.0 4.5 447
814.4 518.3 8.68198 0.770 0.05 -64.5 2.2 123
865.7 514.8 10.51102 2.993 0.81 -33.5 0.6 29
2662.4 529.3 14.72590 3.248 0.76 45.6 0.3 23
2089.2 725.0 4439.44300 11.319 0.51 -49.4 1 259
1015.2 571.8 73.36456 4.601 0.50 60.9 1.2 103
297.6 549.5 38.04574 2.616 0.82 -8.8 0.8 35
1226.1 536.7 14.44852 2.890 0.47 45.6 1.7 85
3222.5 544.5 30.39661 5.304 0.71 73.1 0.9 71
249.0 543.2 16.20849 2.531 0.70 57.9 4.5 141
1724.8 546.0 40.05722 9.570 0.49 -19.3 4.5 385
60.9 545.9 49.83914 21.659 0.36 26.8 4.5 667
1360.1 543.8 35.31579 10.229 0.28 82.6 2.6 387
1767.2 603.0 189.79800 7.901 0.54 -30.6 1 147
501.7 562.7 52.10563 6.643 0.61 56.8 2.5 215
3872.2 543.1 25.34928 6.974 0.78 -34.5 0.4 51
1438.5 577.5 86.21613 4.410 0.97 13.7 0.9 59
2091.5 564.8 48.00742 2.823 0.94 28.0 0.9 41
3406.9 564.9 28.37727 3.993 0.75 -45.0 1.2 69
3864.6 550.6 26.26126 6.518 0.78 -36.0 0.5 57
2357.0 554.1 19.31408 4.044 0.68 59.0 1.1 69
2327.8 596.3 147.51300 5.745 0.94 -6.2 1 83
2986.1 558.0 26.13116 7.469 0.75 57.3 3.4 217
3794.4 546.4 25.17145 13.337 0.53 -80.6 3.8 351
3358.2 577.0 54.05527 3.262 0.66 -65.8 1.1 65
2036.4 555.5 17.41658 5.106 0.39 75.9 0.3 47
1889.8 627.3 435.32080 6.036 0.99 58.1 1 95
760.2 568.5 24.33045 3.263 0.68 -7.1 1.1 59
3637.3 562.6 45.51985 20.466 0.73 -89.8 4.5 463
119.1 625.4 284.42200 8.852 0.57 -13.6 1 167
3563.6 566.6 17.12004 2.490 0.67 -36.3 1.3 53
1367.8 559.8 40.41595 19.832 0.39 57.2 4.5 603
3637.9 582.7 62.84822 6.533 0.63 58.6 2.4 213
1536.5 556.1 29.10237 16.076 0.27 -0.5 4.5 639
1497.5 584.9 52.51939 3.779 0.75 -35.0 0.9 55
675.8 590.8 59.93136 4.255 0.95 35.0 1.3 79
1050.2 583.2 33.54076 3.183 0.91 -76.8 0.6 33
82.6 573.7 15.58487 3.036 1.00 -8.2 0.6 29
4023.0 598.7 55.92427 4.494 0.93 -49.5 2.4 135
3148.8 588.3 30.38557 5.576 0.89 7.9 1.4 95
4042.4 589.7 68.26247 16.017 0.71 -20.5 4.5 473
1978.7 576.4 18.62810 6.396 0.74 -23.9 0.5 51
1973.1 577.5 18.53206 6.195 0.71 -27.0 0.4 47
3908.9 596.0 22.83605 2.582 0.76 -54.5 0.5 25
3643.6 594.6 47.44572 11.649 0.52 82.7 3.3 373
2511.0 578.6 9.13528 3.054 0.61 -29.1 0.7 39
328.9 620.7 45.28322 5.974 0.36 77.5 2.5 257
144.3 585.6 17.83251 9.190 0.35 -86.1 4.5 369
941.8 608.2 36.77903 2.820 0.80 -68.0 0.8 39
537.4 592.2 12.83526 3.899 0.64 55.3 0.3 29
1352.7 617.8 73.78969 5.988 0.51 -12.7 3.1 279
3693.4 589.4 8.72417 2.032 0.35 56.4 4.5 205
3124.3 607.9 22.79570 2.663 0.85 -14.4 0.8 35
1335.5 623.0 59.20419 5.617 0.67 -39.7 1.4 121
261.6 664.6 289.75020 5.388 0.70 -60.0 1.2 113
2814.2 644.4 116.47280 5.824 0.64 -32.6 0.7 73
4111.9 638.1 101.14450 4.928 0.92 68.8 0.8 63
4050.4 605.1 57.13828 42.974 0.48 53.2 4.5 769
2784.4 605.8 9.78995 2.219 0.43 -53.8 3.4 121
521.6 635.8 28.91357 3.969 0.86 -51.0 0.7 43
1732.9 617.2 61.30294 25.227 0.34 -0.8 4.5 825
1624.7 642.8 41.99162 5.089 0.53 -55.0 1 89
626.3 662.5 118.68680 4.710 0.78 -24.3 1.1 85
3570.0 683.6 310.56180 6.760 0.62 31.6 1 121
2725.7 656.4 97.42155 6.312 0.64 20.0 1.1 117
1017.1 675.2 136.46150 7.226 0.75 -55.8 0.9 101
3331.4 619.9 8.98533 2.382 0.63 -60.1 0.9 37
2891.3 631.4 13.80383 3.592 0.99 -20.4 1.7 69
676.5 651.8 46.32982 2.657 0.88 -22.8 1.5 61
2588.9 670.6 81.44455 4.303 0.90 85.0 0.9 61
2387.0 645.0 17.55471 4.232 0.66 6.7 0.5 41
334.6 666.7 53.22495 3.534 0.78 -72.2 1.3 75
1136.4 699.2 234.28460 6.368 0.70 -40.2 1.2 127
429.8 678.5 90.80819 5.401 0.97 -34.2 1.1 83
2508.2 637.5 9.38643 1.326 0.08 -79.7 1.9 119
656.4 681.0 59.71132 6.363 0.62 -31.5 1.5 145
1404.0 671.8 17.47542 3.444 0.36 -74.1 0.7 57
3395.5 774.2 1289.11400 8.474 0.85 70.8 1 143
1273.9 673.2 24.54105 3.526 0.54 -44.4 0.8 55
165.6 681.8 73.25693 2.419 0.94 -25.4 1.4 55
1431.9 676.3 65.00854 16.788 0.82 76.8 4.5 465
2296.2 664.0 15.80533 2.731 0.64 -62.8 2.8 107
4123.9 675.2 32.37681 3.882 0.84 76.4 2 103
3603.3 663.7 46.31485 28.400 0.65 -62.2 4.5 551
3607.1 678.6 49.54827 10.895 0.83 60.1 4.5 401
2172.9 675.8 15.36163 3.648 0.33 -72.1 3 183
846.1 665.5 18.37261 9.645 0.46 3.0 4.5 329
1553.5 691.3 54.50055 5.526 0.76 -48.6 1.8 133
3076.2 698.1 38.30087 6.498 0.36 64.9 0.8 113
3339.3 687.1 22.54911 3.354 0.78 -52.0 0.7 39
2529.4 676.1 14.97009 2.535 0.84 19.8 1.1 41
2587.4 722.0 83.60637 4.166 0.53 87.1 1.3 105
2723.1 697.5 39.27794 2.979 0.96 21.4 1.2 51
1767.8 694.9 81.45635 28.827 0.42 -76.4 4.5 865
1067.7 688.8 36.27897 11.038 0.99 -76.9 2.4 207
2834.1 685.1 10.77488 2.942 0.68 32.8 0.3 21
1432.0 706.1 38.61592 6.126 0.41 -71.1 1.1 125
1832.7 714.4 40.85698 4.071 0.56 54.2 0.9 65
468.6 716.2 68.47698 7.677 0.57 49.2 2.2 233
575.0 737.2 114.55290 6.186 0.64 41.6 1.2 119
1535.4 704.4 50.03119 15.839 0.61 -29.0 4.3 449
465.5 706.5 73.41998 17.371 0.43 53.8 3.5 571
2495.2 699.0 18.19098 5.000 0.87 69.7 0.8 55
1433.3 698.5 44.78536 7.317 0.36 -75.0 1.9 239
1799.8 707.5 16.51111 1.969 0.62 46.2 4 121
480.4 718.3 42.83080 6.952 0.61 37.5 3.2 253
86.3 719.1 39.30740 8.352 0.83 -83.6 4 265
1938.0 748.0 109.80250 5.495 0.90 33.5 1 81
551.4 720.8 49.76559 7.401 0.59 37.8 4.5 399
1759.4 720.5 30.09304 9.522 0.20 -58.4 3.5 493
2418.9 719.7 11.21361 3.302 0.69 58.0 0.9 47
4059.6 738.8 22.91389 3.994 0.83 58.9 1.3 71
2252.7 716.9 20.20171 11.571 0.25 -60.2 4.5 519
482.4 747.7 25.68956 3.829 0.45 63.8 0.8 65
1135.1 750.9 53.12191 5.087 0.83 -0.1 0.9 69
1015.8 724.3 13.18018 4.720 0.25 40.6 4.5 307
344.5 737.1 27.48286 8.733 0.55 11.9 4.5 363
1756.5 764.1 71.48312 5.335 0.48 -1.2 1.7 165
2829.3 756.1 48.04601 2.614 0.90 -8.1 0.9 39
363.9 734.3 52.61511 39.856 0.37 -75.9 4.5 831
3071.4 747.2 23.44611 3.573 0.47 -80.7 4.5 225
2623.8 751.6 19.06397 3.497 0.87 82.7 1.4 65
3240.5 781.1 92.52222 6.688 0.80 -46.9 0.9 93
1651.4 741.6 18.79495 4.735 0.31 -42.2 3.7 257
362.8 748.9 17.24209 4.305 0.47 -68.2 1.3 95
3733.3 769.6 51.78841 4.205 0.69 4.5 1.6 105
2875.4 753.1 21.50999 4.399 0.60 -13.2 1.4 93
2327.6 768.0 70.42932 2.504 0.98 5.7 1.1 43
1773.9 766.7 53.02259 7.595 0.69 -14.4 1.5 153
1047.6 752.6 11.64614 2.626 0.76 18.2 0.6 29
3719.3 775.5 79.11816 7.074 0.61 -32.6 1.6 171
3177.0 756.7 14.77663 3.420 0.90 -4.5 0.7 35
3894.6 761.0 22.20580 3.297 0.70 32.4 1.2 61
3265.0 748.3 52.69359 25.419 0.20 -14.3 3.2 883
3446.7 766.9 28.79391 5.663 0.48 50.5 0.3 49
3069.7 777.2 35.43999 3.158 0.82 -63.7 1 49
715.8 797.3 85.68130 6.517 0.61 39.2 1 113
3453.0 772.4 28.97884 5.669 0.48 53.0 0.3 47
114.3 768.2 17.72676 1.566 0.26 -1.5 4.5 221
2579.5 780.4 34.44123 8.360 0.65 -18.6 4.5 337
373.9 883.1 2025.45700 6.915 0.87 -18.8 1.1 133
1973.3 767.2 15.31262 4.741 0.17 -16.0 3.8 335
1498.6 790.1 24.19945 3.618 0.70 79.5 1.1 61
3100.8 767.6 9.84760 2.511 0.68 13.2 4.1 117
2534.8 787.2 23.50600 3.690 0.70 -4.7 0.5 37
3504.4 779.6 14.79013 3.622 0.72 -40.7 0.7 41
126.5 859.1 423.86800 7.057 0.97 -56.0 1 107
2257.2 784.0 25.71195 8.002 0.38 -6.3 4.5 399
2240.9 783.5 35.81511 11.158 0.39 4.9 4.5 469
2576.0 789.2 27.82197 6.013 0.67 -53.1 3.3 205
3118.9 790.9 20.01180 2.734 0.78 24.7 0.5 27
2370.8 785.2 11.32585 2.534 0.81 26.9 1.1 41
2404.3 836.0 122.87160 6.551 0.96 -61.2 0.9 85
2927.9 832.9 108.06520 6.153 0.83 -23.4 0.8 79
1613.6 794.4 15.75245 4.861 0.66 79.7 2.4 133
2969.2 818.6 38.11985 4.066 0.75 88.2 0.6 43
2788.8 817.4 27.61876 4.960 0.62 6.7 0.6 57
2481.4 810.2 13.92722 3.232 0.74 -56.3 0.9 45
263.9 827.3 30.33930 3.990 0.55 -73.6 0.9 65
3017.2 807.4 28.05672 7.755 0.70 -5.0 0.7 85
509.2 805.4 9.31151 2.055 0.25 -84.3 3.3 147
1433.5 816.2 13.16585 4.085 0.61 -77.8 3.1 143
313.2 819.1 22.27140 4.289 0.47 0.9 1.9 131
4151.0 828.5 51.00616 17.785 0.86 -51.1 4.5 421
3326.7 825.0 11.49346 2.122 0.10 86.5 4 285
4165.1 820.4 91.46079 45.046 0.32 -54.3 3.4 1045
2121.6 839.1 15.35882 4.547 0.69 -69.2 0.7 53
3199.8 835.6 14.31150 3.573 0.73 47.0 0.7 43
3986.5 829.0 9.80189 3.265 0.79 -33.8 0.5 29
954.3 875.5 122.67330 6.251 0.66 -4.6 0.9 95
1041.4 923.9 478.46130 7.383 0.90 79.1 1 117
30.2 869.3 82.85240 5.848 0.83 29.0 1 85
3127.7 843.8 16.12190 3.154 0.78 -78.5 0.9 41
1385.2 848.2 12.30123 3.089 0.66 2.3 0.3 23
1471.0 838.7 20.37400 4.419 0.63 -32.5 1.6 99
1707.8 841.5 15.75834 5.430 0.37 57.6 1.4 131
599.2 947.5 698.89500 7.114 0.65 -28.4 1 131
2921.9 869.2 36.05952 3.447 0.90 -62.2 1.5 71
1715.0 850.0 16.04601 3.562 0.19 0.8 4.2 303
3439.2 920.0 548.48070 6.347 0.82 31.2 1 103
547.6 847.0 9.80687 3.580 0.74 -7.1 1 53
450.7 867.2 23.62893 2.368 0.91 -27.0 0.8 31
878.9 860.3 19.90931 4.092 0.96 16.9 4.5 173
908.3 861.3 28.59309 14.437 0.70 7.4 4.5 359
698.4 882.1 24.74480 2.815 0.88 81.0 1.2 49
2163.5 875.0 20.92229 4.391 0.75 -65.9 1.2 73
967.7 877.3 51.26471 6.146 0.76 22.7 3.6 237
3198.2 869.3 17.76922 5.663 0.47 -85.4 0.4 53
426.2 916.5 122.61480 5.941 0.77 54.8 1 93
1217.2 879.0 23.32316 6.326 0.41 22.6 0.3 55
2543.5 869.8 11.80346 3.354 0.70 -34.4 1.6 71
2792.2 890.2 56.51569 2.491 0.84 -81.1 1.7 69
1291.9 898.7 52.76789 2.369 0.82 -83.4 1 41
1477.8 885.7 22.32220 3.513 0.91 -54.6 1.5 67
1633.5 897.4 35.29730 3.477 0.66 -50.1 0.9 53
1227.0 882.3 29.88230 6.340 0.46 20.6 1.9 179
77.7 903.7 62.75515 3.949 0.67 -17.3 3.5 205
2987.5 886.0 12.14177 2.602 0.69 -35.6 0.7 33
3068.8 884.4 15.17547 4.838 0.42 40.3 3.1 195
1346.7 888.2 13.21657 3.425 0.57 -30.7 0.7 43
3559.7 894.0 20.12056 4.404 0.61 11.3 0.4 39
2102.5 890.4 15.97555 4.148 0.80 27.5 1.6 83
4049.0 902.9 15.05603 4.155 0.76 34.2 1.2 69
786.0 901.9 21.72228 4.824 0.64 64.5 3 167
3871.0 920.5 41.46874 6.865 0.75 84.2 0.8 83
2839.3 922.5 37.30470 4.761 0.60 39.5 0.8 67
2762.8 892.4 25.49218 26.352 0.33 1.1 4.5 603
1451.6 905.2 9.27243 2.966 0.82 8.6 0.3 21
2460.3 1071.5 5784.94600 11.225 0.82 -1.6 1 209
247.3 917.7 28.47918 7.457 0.31 -29.6 0.3 73
4196.6 913.6 14.44600 3.549 0.86 -84.3 0.3 23
3338.6 916.0 21.47741 6.445 0.63 -79.3 2.7 185
2697.8 909.1 15.22616 3.468 0.38 -19.4 4.5 233
3201.7 917.5 24.39172 3.866 0.72 80.9 4 173
2667.3 921.7 14.73897 3.205 0.61 -62.7 1 53
529.6 913.0 10.43058 3.014 0.75 -27.3 1.1 49
650.1 921.4 10.13303 3.102 0.43 -36.8 0.3 29
3324.5 954.8 111.61480 5.907 0.90 -28.2 1 87
943.1 935.0 21.30745 2.601 0.59 86.6 0.9 43
1403.4 921.3 11.69391 2.729 0.61 53.1 0.9 43
1750.1 916.7 8.66282 2.671 0.78 -12.6 0.9 35
2365.2 929.5 19.09115 4.059 0.72 12.9 1.6 85
806.8 922.3 14.61906 7.172 0.36 49.1 4.5 319
1855.5 1020.5 224.94230 7.846 0.55 -76.3 1 139
2310.9 937.7 21.40953 9.745 0.34 52.2 4.5 393
545.5 955.6 34.36015 3.376 0.50 51.9 2.5 147
1175.7 958.1 21.69516 3.938 0.80 18.6 0.3 27
3910.7 932.7 16.72491 7.150 0.41 -23.7 4.5 341
173.2 947.5 13.54424 1.891 0.47 41.1 4 131
3914.3 933.6 12.14741 3.951 0.66 -10.3 0.3 29
4049.5 1095.0 3857.79500 8.744 0.66 -51.7 1 181
3000.5 995.9 22.56686 4.745 0.64 -16.0 0.6 53
532.4 942.5 43.15435 43.444 0.69 -76.0 4.5 571
442.9 943.1 112.32560 99.839 0.18 40.2 4.5 1901
519.1 961.7 25.30421 3.635 0.67 19.8 0.9 53
3203.3 942.7 13.15345 4.715 0.27 63.1 4.5 299
466.9 965.7 22.36345 5.574 0.44 -18.2 1.4 125
1920.0 966.3 16.60409 4.665 0.51 7.2 0.3 37
861.8 975.5 28.69019 4.256 0.78 18.1 2.3 121
4166.4 996.4 57.82177 4.147 0.85 63.2 1 65
873.6 979.1 25.03967 6.697 0.70 -8.3 1.4 119
1148.6 995.5 39.90789 5.204 0.62 23.1 1.3 103
457.6 969.7 62.83438 23.254 0.27 -25.9 3.5 789
1963.2 984.8 9.21862 1.337 0.79 21.3 4.5 107
275.2 988.2 16.65945 3.596 0.77 -56.8 1.4 67
441.2 985.3 15.67493 5.041 0.25 -41.7 4.5 335
804.9 1021.0 41.17591 5.222 0.40 -83.1 0.9 97
2365.6 1012.9 55.39897 3.413 0.89 27.9 0.8 43
3428.4 1005.0 35.64834 3.242 0.81 34.0 0.7 39
2556.1 993.4 22.27534 3.896 0.54 -17.5 0.7 51
986.5 1044.8 159.10030 7.596 0.79 -58.3 1 117
3921.3 1007.3 39.76286 4.785 0.46 -18.5 1.3 115
596.6 996.8 12.44144 4.005 0.85 50.6 0.3 25
3641.5 991.4 11.95241 4.787 0.46 26.7 0.3 39
738.0 999.1 9.33736 2.724 0.44 67.9 1 53
15.9 1024.3 49.94750 4.693 0.60 -74.8 2.6 181
1739.6 1014.5 21.94439 3.390 0.55 -0.1 0.3 27
992.9 1018.1 32.68095 5.586 0.89 69.9 3.7 193
18.3 1042.1 98.66640 28.883 0.31 87.6 4.5 1045
757.4 1036.6 74.80055 5.541 0.81 6.6 1.2 97
1568.7 1002.8 30.68640 18.850 0.30 54.3 4.4 585
1799.5 1036.7 32.20374 8.363 0.45 79.9 0.3 69
3500.4 1030.4 25.26697 4.628 0.75 30.2 0.9 65
1607.3 1008.3 43.94027 17.584 0.58 43.3 1.9 327
1809.4 1047.2 39.44988 7.058 0.57 63.8 2.1 197
1580.4 1015.9 12.98549 5.489 0.86 20.1 4.5 183
2977.3 1062.6 80.72969 5.163 0.94 29.4 1 71
3031.9 1028.9 13.41790 3.026 0.08 -51.4 4.5 539
61.9 1037.4 12.68242 3.249 0.85 -42.0 0.6 31
1448.7 1032.4 8.78729 1.069 0.12 37.4 4.5 233
2007.0 1034.4 11.03303 2.908 0.89 4.0 2 69
2555.7 1095.7 97.58463 5.922 0.57 86.3 1.1 111
307.5 1073.8 86.14483 6.542 0.84 13.3 1.1 101
509.4 1046.4 13.63532 3.373 0.72 -34.1 0.3 25
1471.3 1175.1 4316.41300 8.028 0.83 40.4 1 155
1198.0 1057.9 29.10516 4.768 0.74 54.1 1.3 85
571.5 1057.5 36.42073 3.439 0.71 -12.6 0.8 47
471.7 1066.5 55.94738 6.513 0.49 23.9 1.6 171
3254.5 1076.6 69.24747 3.913 0.81 -86.6 0.8 53
1058.1 1043.9 10.57160 2.356 0.35 -70.5 4.5 203
1958.5 1046.5 12.54059 3.267 0.66 82.4 1.2 57
2211.1 1068.4 34.03873 4.674 0.58 -23.8 0.3 37
1380.3 1098.4 39.36709 8.710 0.56 -60.9 0.7 105
11.4 1075.0 69.80579 2.465 0.94 85.6 1.5 59
3963.0 1065.6 23.42819 2.674 0.66 -40.2 0.7 37
2906.1 1062.8 18.46485 4.717 0.49 -43.3 4.1 219
891.9 1074.6 35.53244 5.547 0.68 35.4 0.6 59
2608.4 1101.2 107.71880 6.570 0.62 30.5 1.1 119
1773.4 1072.9 35.26236 5.221 0.61 -7.2 0.7 65
930.5 1070.9 19.60195 2.391 0.86 11.3 0.5 21
3626.4 1078.1 18.41191 2.967 0.95 -31.6 2.4 87
1025.2 1084.5 28.67767 8.757 0.66 2.0 4.5 291
1149.8 1077.9 8.34468 1.262 0.36 -4.7 3.5 97
2345.7 1160.6 326.86370 7.004 0.88 50.6 1 113
3214.6 1091.1 16.89912 3.941 0.65 -7.6 1 63
1018.9 1086.6 24.30166 7.554 0.47 6.5 2.4 223
576.2 1097.8 15.91331 3.385 0.63 -1.9 1.2 65
3985.9 1200.7 1270.48700 8.166 0.85 67.9 1 141
3773.1 1085.9 10.18286 3.075 0.54 17.3 1.3 63
687.4 1087.2 11.35891 3.879 0.67 -84.0 3.5 139
3617.1 1162.6 193.66530 6.475 0.56 -58.6 1 121
2641.8 1105.8 59.47011 24.301 0.53 11.4 4.5 667
113.9 1117.4 37.66265 3.463 0.88 75.0 1.3 65
3931.5 1138.7 37.94817 4.432 0.66 -67.3 0.8 63
2735.8 1114.1 14.89662 3.525 0.95 71.4 0.6 33
417.0 1171.3 331.65830 5.401 0.86 -28.5 1.1 101
3331.4 1107.0 19.26617 4.659 0.41 -62.5 0.7 67
204.7 1137.6 82.20431 6.964 0.49 8.6 1.4 169
1779.0 1110.4 29.44813 8.622 0.40 68.2 2.1 253
770.1 1131.8 24.03144 3.853 0.92 -27.7 1.5 73
3820.4 1115.7 9.60799 1.146 0.69 53.0 4.5 101
3994.8 1134.8 93.84261 33.081 0.44 -60.9 4.5 915
3987.2 1147.9 69.37026 5.235 0.89 -51.7 1.2 85
2572.3 1143.7 13.09118 3.194 0.49 -84.6 0.3 27
1797.3 1140.5 16.09814 4.062 0.82 -2.1 0.3 27
3242.7 1144.4 15.75137 1.520 0.71 68.3 4.5 123
2158.3 1165.3 60.64854 3.251 0.75 -32.6 0.8 47
4155.3 1159.3 38.30050 4.887 0.58 -8.6 0.3 39
3019.0 1145.0 16.55720 4.806 0.39 -16.0 0.7 69
2828.5 1161.3 31.68929 4.271 0.54 31.6 4.5 245
1008.8 1143.2 8.05911 1.512 0.18 69.6 1.7 81
1693.9 1160.3 14.64178 3.284 0.51 -54.8 1.2 67
531.2 1149.8 14.91049 3.658 0.17 56.9 3.1 259
1820.1 1161.8 21.09609 2.400 0.65 -61.7 1 45
880.9 1159.8 19.66801 3.056 0.74 8.1 0.7 37
3160.6 1151.4 16.49685 4.679 0.60 28.3 1.5 101
2598.1 1221.9 427.83910 5.425 0.83 -29.7 1 95
1353.7 1207.0 103.37740 5.889 0.59 -78.7 1.1 115
3509.0 1155.8 12.00586 3.561 0.50 -61.8 3.5 153
3893.1 1172.8 33.72596 3.287 0.75 9.3 0.8 43
846.1 1160.5 9.50812 1.676 0.26 28.4 4.5 179
185.6 1158.4 31.96524 22.392 0.83 48.3 4.5 395
942.9 1171.4 10.35351 1.988 0.43 48.1 1.8 71
2893.0 1211.3 146.27900 6.424 0.65 -12.0 1.1 123
2668.1 1237.1 240.27480 6.642 0.58 42.1 0.9 115
322.8 1183.3 19.47146 3.517 0.72 71.3 1.6 79
2682.9 1207.7 81.10374 12.301 0.66 -59.9 2.1 291
848.7 1192.2 40.35924 7.476 0.58 -39.7 2.8 245
1821.2 1188.7 13.96347 4.303 0.66 -13.0 0.6 43
2865.9 1182.0 15.23980 3.239 0.67 -26.2 1 51
231.0 1185.1 15.68256 3.988 0.33 23.5 4.5 251
835.7 1199.2 43.33351 7.855 0.60 -31.8 1.2 135
632.5 1219.1 78.29501 4.093 0.97 -27.9 1 59
1562.8 1185.7 9.92032 2.771 0.58 53.0 1 45
1631.7 1207.4 28.99119 6.621 0.56 75.0 1.1 113
2003.0 1259.4 146.05540 7.723 0.60 -70.8 2.1 257
3431.3 1201.0 20.15592 3.786 0.45 -4.1 1.7 111
284.3 1210.7 22.67907 3.489 0.74 75.9 0.7 41
3218.0 1223.7 40.78518 3.327 0.65 74.3 1.3 73
2787.9 1198.4 8.89494 2.952 0.58 2.8 0.8 43
3193.1 1237.6 83.98839 5.111 0.59 -17.8 1.8 153
2928.6 1221.5 37.97115 9.425 0.58 2.6 3.6 313
578.9 1237.9 57.61633 10.927 0.65 54.3 3.8 363
3861.9 1225.0 22.01676 2.731 0.94 13.5 0.9 35
2821.5 1211.0 13.43281 5.699 0.43 14.4 4.5 269
2534.2 1222.1 28.05311 7.853 0.39 26.9 3.7 325
454.3 1244.6 52.60193 3.845 0.98 -29.7 0.9 51
569.4 1289.8 132.76610 7.317 0.61 -74.1 1.1 133
817.6 1258.2 112.28870 5.425 0.95 -75.4 2.3 161
2400.1 1238.8 33.37925 4.333 0.55 21.4 1.5 109
2547.5 1230.8 50.70796 32.731 0.29 25.1 4.5 883
1451.8 1253.3 48.65504 4.303 0.53 -1.8 1 79
699.1 1239.8 13.54431 3.119 0.88 -28.5 0.5 27
3955.9 1235.4 35.42267 12.969 0.57 1.8 4.5 393
2413.1 1242.9 27.09847 6.719 0.47 28.4 1.1 123
3944.5 1228.8 26.42897 10.194 0.19 23.2 3.3 497
586.9 1247.1 62.73063 15.816 0.77 86.9 4.5 435
1985.8 1280.5 123.78900 9.711 0.89 23.1 1.8 205
793.8 1237.8 27.29516 21.931 0.74 41.2 4.5 401
2520.1 1234.3 20.99376 12.605 0.35 -18.5 4.5 459
3157.9 1238.0 10.08903 2.620 0.88 41.5 3.2 91
3182.5 1243.6 70.19498 36.643 0.56 -11.8 4.5 749
1860.6 1258.7 37.66264 2.910 0.85 69.2 0.9 41
83.8 1261.2 20.10658 3.109 0.65 -50.4 1.3 65
3586.3 1276.9 50.38587 4.083 0.78 45.6 0.9 61
3751.5 1266.2 64.44925 32.643 0.80 -34.1 4.5 585
1422.2 1264.8 57.66528 11.776 0.34 -11.1 3.1 467
1541.3 1255.1 29.28393 12.920 0.23 -47.9 3.2 511
2609.1 1274.2 41.10748 3.665 0.54 18.0 0.6 47
3221.4 1267.1 24.48773 4.771 0.86 34.2 0.9 59
3761.2 1256.2 81.53919 40.838 0.60 2.9 4.3 745
312.6 1281.1 30.67999 3.562 0.59 36.4 1.1 65
3465.7 1284.0 30.06441 2.153 0.82 -48.2 1.1 39
4165.2 1279.8 21.88117 3.199 0.80 48.4 0.4 27
816.8 1277.3 150.79010 17.611 0.22 89.9 0.3 205
2321.0 1282.1 15.09507 3.534 0.80 76.4 0.3 25
159.2 1297.7 22.24771 6.490 0.36 -53.3 0.5 81
488.8 1282.9 43.56065 28.933 0.24 77.9 4.5 875
3116.8 1316.1 71.95558 3.923 0.80 -40.5 1 61
324.1 1330.5 90.73051 5.427 0.84 3.3 2.1 157
963.2 1285.1 15.81758 3.835 0.44 45.0 4.5 273
1097.0 1281.5 8.70745 2.743 0.63 -56.8 0.3 21
1675.6 1334.8 149.54720 5.023 0.67 -6.2 1 87
353.4 1318.6 53.63406 7.675 0.85 1.6 0.7 81
3576.4 1306.7 29.21003 4.247 0.69 3.5 0.7 53
3534.7 1300.8 6.65445 0.122 0.52 88.5 4.5 53
3938.3 1307.2 24.83925 6.032 0.55 -23.0 2.3 175
4114.8 1305.0 10.37267 2.819 0.99 28.3 0.3 19
2268.8 1305.6 9.63992 1.519 0.19 -21.7 2.1 97
3282.1 1341.4 59.15288 5.978 0.90 -24.5 1 79
729.3 1309.9 29.62205 10.537 0.55 74.3 4.5 399
1525.6 1329.7 30.23986 3.815 0.79 36.1 1 59
28.9 1326.4 30.48099 4.460 0.61 -67.9 2.3 143
2291.8 1328.0 18.88353 4.267 0.50 -64.2 0.6 53
3931.9 1312.9 21.94393 5.871 0.47 -38.2 0.3 49
1045.6 1340.3 42.87074 5.264 0.89 32.0 1 73
58.1 1320.6 31.45673 11.631 0.87 -88.0 4.5 313
3005.1 1321.9 15.24679 4.093 0.55 -81.5 1.7 103
592.2 1346.9 53.14273 3.155 0.85 88.5 1.2 57
891.8 1344.6 50.33661 4.549 0.65 -44.1 1.7 121
4196.8 1340.6 27.17495 5.730 0.66 -89.3 0.5 51
2171.5 1321.8 10.64805 3.972 0.85 -2.6 0.4 29
1340.1 1353.8 58.45650 2.633 0.60 -13.8 1.3 65
950.9 1324.3 9.65115 2.377 0.26 20.6 4 181
737.0 1335.7 26.54636 10.338 0.74 -36.9 4.5 329
3076.3 1357.6 52.46022 5.973 0.54 70.6 0.4 57
3661.4 1338.4 10.30714 2.901 0.62 67.3 0.8 41
694.2 1336.8 11.58337 3.650 0.89 -4.1 0.4 29
424.4 1388.8 189.25070 5.524 0.74 28.0 0.9 89
134.1 1350.2 24.02097 4.484 0.70 83.1 1 67
3336.7 1370.4 66.07317 3.217 0.93 4.5 0.9 45
1259.5 1357.9 28.61759 3.553 0.88 54.2 0.6 35
4004.7 1350.0 13.38764 3.443 0.67 -51.6 0.9 47
3313.4 1348.3 30.31211 21.129 0.36 24.6 4.5 597
3080.2 1366.0 45.92641 6.343 0.65 72.1 1 101
348.0 1419.8 29.75445 3.762 0.80 10.4 0.8 49
3172.3 1351.4 14.79340 4.920 0.35 -52.6 4.5 277
3425.9 1369.8 63.10528 11.317 0.32 35.9 2.4 413
889.5 1378.4 33.94854 2.928 0.84 -85.6 0.5 25
184.9 1364.8 17.42836 3.093 0.54 -21.3 0.3 25
3751.4 1370.1 22.03294 3.593 0.47 -27.3 4.5 225
1862.6 1371.0 17.66247 3.045 0.71 20.0 0.3 23
2886.5 1435.6 173.12470 5.548 0.91 78.8 1 83
3521.8 1388.7 51.31583 3.079 0.85 -36.9 1 47
4094.5 1379.3 36.30299 2.581 0.99 78.0 1.1 43
1224.9 1398.7 73.06187 4.238 0.73 87.8 1.2 83
2271.9 1438.7 395.98830 6.147 0.95 -6.8 1 95
741.4 1370.5 18.15704 3.664 0.56 -12.8 1.3 79
3902.0 1488.8 834.73210 6.064 0.74 -18.9 1 113
3604.1 1389.0 28.26128 5.039 0.73 -52.9 1.7 111
3439.8 1384.8 49.78862 10.026 0.39 45.3 0.3 89
3341.2 1403.3 54.42340 4.514 0.88 62.6 1.1 69
1005.5 1434.3 255.90000 5.464 0.85 21.2 1 91
2220.4 1391.5 25.25968 3.163 0.73 -76.8 1 51
3997.0 1391.2 33.72166 4.918 0.72 72.5 1.2 85
825.4 1375.7 19.24203 6.912 0.67 53.5 3.2 201
3680.0 1376.9 9.69866 3.407 0.71 -87.0 0.9 47
2645.0 1386.0 22.64701 7.955 0.94 15.4 4.5 261
1768.7 1389.9 11.27790 2.850 0.72 -64.0 0.5 29
2629.1 1407.9 31.34463 4.516 0.45 44.8 0.4 45
253.3 1395.1 11.93177 1.274 0.27 71.7 0.9 33
2281.3 1389.5 10.39705 3.340 0.63 53.7 0.6 37
3996.8 1398.7 36.98587 7.395 0.54 77.3 2.3 217
3886.5 1395.7 9.51156 2.483 0.89 13.7 1.7 53
1062.4 1437.6 64.14164 5.055 0.44 -84.8 0.8 87
834.2 1392.7 10.52654 2.203 0.12 21.2 4.5 325
2816.1 1399.1 10.72087 2.883 0.67 4.5 1.4 59
857.9 1422.0 32.87896 3.547 0.73 36.3 1.7 87
249.6 1436.3 88.06067 4.637 0.83 54.5 1.4 97
886.8 1409.1 50.31927 19.550 0.26 -34.4 4.5 779
879.4 1415.2 52.78659 14.767 0.36 -30.2 4.5 651
948.1 1433.0 98.12373 10.522 0.61 -34.7 3.9 431
3151.2 1412.1 25.22714 9.311 0.34 62.3 4.5 423
3715.9 1435.7 33.78782 6.244 0.47 -57.5 1.5 153
3160.3 1436.6 37.69885 3.596 0.68 79.1 1.5 85
3716.2 1480.5 180.14920 5.833 0.74 72.1 1 97
1725.8 1436.6 19.05815 3.630 0.71 -68.5 0.9 49
2036.2 1440.0 37.76018 5.083 0.59 44.0 2.1 155
1977.4 1460.1 30.64181 4.388 0.52 -82.0 0.8 63
2732.2 1432.4 23.19715 9.134 0.53 53.9 4.5 319
3894.3 1451.0 42.14436 3.003 0.89 63.7 2 87
425.4 1466.0 49.66268 5.491 0.55 -75.2 1 99
4104.5 1433.7 16.61843 5.295 0.11 11.7 4.5 521
2462.3 1475.1 83.83965 5.190 0.84 87.6 1 79
273.5 1450.9 36.53408 7.636 0.30 5.1 2.5 311
2696.3 1430.3 19.78887 6.482 0.37 -40.6 0.3 59
4016.1 1445.1 13.28465 3.249 0.74 89.6 3.4 121
2266.3 1515.4 370.25090 5.990 0.74 49.2 1 105
311.5 1593.9 354.03930 5.830 0.67 24.5 1 111
2318.9 1457.0 21.80359 5.555 0.87 60.4 0.7 57
934.3 1445.9 114.29630 41.074 0.29 -45.1 2.9 1089
465.9 1481.3 79.17583 4.473 1.00 -63.1 1.4 85
754.7 1449.7 18.02233 2.553 0.04 -47.1 4 529
238.8 1461.3 30.85739 6.329 0.97 86.1 4.2 207
3608.7 1475.1 20.62204 2.447 0.64 61.5 0.7 35
138.2 1464.3 22.45953 4.983 0.44 89.6 1 91
1127.8 1465.0 11.12291 1.337 0.46 -11.7 1.8 51
2556.9 1489.1 51.22900 5.778 0.93 -15.6 1.1 85
921.0 1460.0 36.30009 10.003 0.69 -43.5 0.3 67
2646.5 1482.9 35.22954 6.507 0.67 13.0 2.3 179
1791.0 1489.3 49.15480 2.551 0.88 -6.3 0.8 35
919.9 1465.6 31.16460 9.369 0.74 -2.0 0.3 59
1727.1 1486.7 38.61102 3.721 0.76 38.4 3.1 153
2545.0 1491.8 38.56431 6.288 0.67 -14.4 2.3 179
1703.2 1502.3 68.88686 7.266 0.39 34.2 2.2 275
2798.8 1474.6 11.94552 3.449 0.63 41.5 0.5 33
2869.2 1523.8 131.65810 8.528 0.87 -14.8 1.4 161
819.6 1492.6 54.97242 8.248 0.73 -11.9 3.5 281
3906.2 1531.8 165.02900 16.401 0.87 56.6 2.4 383
874.7 1475.4 7.17244 2.607 0.71 52.4 0.6 27
1060.8 1493.9 20.37608 4.814 0.67 73.3 0.9 67
2488.0 1489.6 24.81997 6.624 0.44 42.5 4.4 305
3878.2 1519.4 62.55879 3.996 0.74 -52.6 1.9 117
837.0 1487.9 55.18224 28.942 0.59 -29.4 4.5 629
2664.6 1490.6 51.35324 19.980 0.41 25.9 4.3 601
3397.1 1491.9 20.33529 7.035 0.56 -12.0 4.5 263
3393.2 1493.7 28.76840 15.536 0.57 -19.2 4.5 411
812.5 1513.7 72.52046 6.471 0.61 -38.1 4.5 397
259.1 1506.8 10.32839 0.628 0.07 58.4 2.4 97
228.7 1518.8 28.00411 2.982 0.46 -52.0 1.9 109
1006.6 1517.0 17.58650 2.520 0.96 27.7 0.7 27
3108.2 1522.4 44.73076 4.298 0.77 26.4 2.6 149
1724.3 1512.1 56.39286 27.282 0.46 25.5 4.5 709
3378.3 1509.0 13.67877 2.906 0.16 -53.5 4.4 293
2429.3 1517.0 18.79669 3.875 0.79 -39.4 0.4 29
1406.0 1525.3 27.61514 5.197 0.50 -26.8 0.9 85
3564.3 1551.5 107.70440 4.577 0.94 -68.8 1.2 77
1598.5 1506.7 12.92369 4.783 0.41 21.0 2.8 175
3420.6 1525.5 48.32915 9.695 0.38 -45.3 2.7 355
3921.1 1539.0 120.52070 16.554 0.49 15.2 4.5 665
1180.5 1556.6 60.96061 3.921 0.63 58.4 0.9 63
789.2 1524.7 20.22599 7.651 0.71 -49.0 4.5 247
3807.1 1567.2 111.75810 6.837 0.77 36.8 1.4 137
739.6 1523.7 12.65284 3.916 0.67 3.0 1.1 63
3584.0 1535.6 34.70613 7.191 0.58 -32.6 3.8 279
551.9 1529.4 40.12297 24.247 0.57 -38.6 4.5 543
41.5 1528.2 16.08429 8.524 0.92 41.8 4.5 227
2650.9 1534.0 9.27848 1.815 0.62 86.3 0.8 27
3411.8 1538.2 40.08459 11.856 0.48 -28.9 2 281
520.7 1541.6 36.12434 27.765 0.83 3.0 4.5 445
2980.7 1593.7 189.38140 5.828 0.83 -51.8 0.9 87
377.6 1540.2 12.48921 5.409 0.69 -81.2 4 175
1883.3 1541.3 11.28019 2.830 0.98 -60.8 1 39
2876.6 1544.2 116.22340 88.128 0.51 41.0 4.5 1153
1423.9 1550.8 16.12761 2.823 0.98 -69.9 2.8 89
3112.9 1584.1 51.68994 10.425 0.31 32.6 0.3 103
3187.1 1551.6 12.85315 3.482 0.84 21.5 0.3 23
3079.3 1541.3 42.55964 47.702 0.56 69.3 4.5 651
3949.9 1541.9 31.28145 20.369 0.57 31.9 4.5 465
2965.3 1564.2 45.71163 8.631 0.68 -23.5 4.5 331
1980.4 1570.9 31.02791 3.750 0.59 64.9 1.4 85
1125.4 1552.5 8.11850 1.739 0.46 -89.3 4.5 129
1334.2 1563.2 16.48498 4.157 0.72 45.4 1.1 67
2438.1 1576.2 15.66142 4.382 0.38 66.2 0.3 41
1206.6 1593.2 54.36652 3.603 0.66 76.4 0.7 49
3087.2 1569.7 53.73001 11.665 0.30 30.2 0.3 115
2589.7 1591.4 66.15443 2.910 0.92 -87.7 1.1 49
1068.3 1619.5 162.52920 5.807 0.66 -51.6 1 101
3091.6 1569.0 73.93304 14.471 0.25 29.9 0.5 205
838.0 1638.3 220.27320 6.683 0.68 45.0 1 113
841.4 1581.0 14.06884 2.806 0.20 -47.9 1.6 121
1768.4 1570.3 10.65827 3.439 0.34 16.0 2.9 157
1182.4 1656.7 380.04440 6.172 0.93 -65.2 1.1 103
3821.7 1583.7 65.63621 12.808 0.48 51.0 0.3 101
3689.3 1580.4 9.06409 2.195 0.16 84.3 4.5 255
2055.1 1596.7 17.29129 3.118 0.56 -83.4 0.9 49
2294.2 1622.6 77.91080 6.349 0.59 -30.3 1 109
3566.1 1589.8 12.24540 3.217 0.98 -57.9 1.5 57
353.2 1604.2 39.21817 2.581 0.91 -19.9 0.9 39
1722.0 1593.9 18.66110 5.260 0.44 47.6 1.7 141
3768.0 1604.5 16.77820 2.783 0.86 76.5 0.7 33
1580.7 1667.2 40.84879 4.759 0.87 4.0 2.1 125
3352.4 1622.3 47.57707 3.594 0.76 -78.1 0.8 47
652.1 1614.5 21.66780 4.057 0.81 -65.9 1.1 63
1174.9 1625.9 87.32302 12.585 0.86 -73.5 2.8 315
3070.8 1620.7 22.04643 2.820 0.70 -62.7 0.6 31
80.4 1618.1 18.66320 3.245 0.63 67.9 4.5 227
1362.6 1619.2 10.80539 2.490 0.56 -13.1 1.3 55
1882.0 1683.9 290.18400 5.797 0.96 -8.8 1 89
3937.4 1633.5 24.26354 3.447 0.73 39.9 0.9 51
917.1 1630.7 16.80784 2.546 0.80 8.9 0.8 35
1400.7 1630.4 13.52085 2.067 0.42 -63.4 4.5 161
1601.3 1664.0 53.10722 7.883 0.66 -66.6 2 197
3324.0 1639.0 23.47856 9.737 0.96 -67.8 2.8 195
171.3 1729.9 860.31680 6.340 0.89 73.5 1.1 113
3021.9 1631.1 12.86478 3.667 0.23 9.9 3.7 241
1250.9 1678.2 61.74336 4.485 0.94 -16.8 1 63
407.1 1653.6 25.09962 7.332 0.50 38.8 0.3 57
2991.4 1651.8 34.29230 13.492 0.34 -18.9 4.5 575
1152.8 1653.5 31.95927 12.609 0.98 -8.2 4.5 299
2147.2 1669.3 26.89219 4.483 0.58 -20.4 0.8 65
3369.1 1651.0 12.02654 2.622 0.25 -13.9 3.3 177
1429.6 1658.0 11.53787 2.815 0.71 -27.9 0.5 27
591.3 1675.9 43.38082 4.526 0.73 -32.2 1.9 119
28.1 1667.5 14.32545 2.868 0.60 -47.8 0.4 27
3728.8 1670.6 30.49632 4.264 0.57 -20.6 1.8 121
1101.8 1661.4 10.69330 2.150 0.46 -13.2 3.2 113
3524.5 1655.5 17.66646 7.513 0.65 31.2 1.8 149
2246.7 1678.7 24.61544 4.805 0.62 67.8 0.7 61
2964.6 1660.4 16.09720 5.291 0.60 86.6 1.5 105
633.7 1666.9 17.26197 6.658 0.28 -8.6 4.5 377
922.5 1712.8 159.40810 7.444 0.68 6.0 1.1 131
415.6 1664.5 26.09466 8.056 0.53 46.9 0.3 61
3765.5 1678.5 20.96659 5.941 0.47 16.2 4.5 311
2800.8 1674.4 13.41866 2.346 0.17 61.2 3.4 209
3768.7 1677.7 16.30357 3.915 0.58 29.0 3 147
2164.2 1687.5 40.92177 23.124 0.45 15.9 4.5 611
2183.2 1687.1 22.33518 10.000 0.29 -15.4 4.5 499
4048.2 1689.3 13.51154 3.123 0.73 15.4 0.3 23
2745.2 1691.2 10.44406 2.796 0.57 47.2 0.5 29
2663.1 1723.2 75.21869 3.617 0.94 -5.9 1.2 63
804.8 1721.0 58.63633 4.972 0.71 -24.6 0.6 53
1561.2 1695.7 15.91540 5.028 0.37 45.6 3 209
868.6 1696.8 13.11999 2.098 0.21 36.3 4.5 277
93.6 1706.5 13.73466 3.538 0.56 -58.0 1 57
4071.6 1717.6 22.77065 4.514 0.82 -87.7 1.1 67
3056.7 1735.6 64.44227 3.550 0.86 16.5 1.4 75
213.9 1713.4 14.47012 1.908 0.18 -42.7 4.5 275
3702.6 1715.0 13.98443 2.952 0.78 -69.8 0.8 39
320.0 1770.5 183.43030 6.774 0.57 -51.2 0.8 105
1088.2 1726.8 28.19756 2.650 0.70 -20.9 0.6 31
1420.8 1740.1 52.35769 5.241 0.45 41.1 1 101
3183.6 1718.5 14.48706 2.961 0.40 44.2 2.9 143
3922.8 1711.8 19.89345 11.646 0.48 -70.9 4.5 389
1842.3 1713.2 9.15974 1.369 0.28 -26.8 1.9 67
2937.6 1748.6 61.78275 3.817 0.83 -67.1 0.9 53
1744.2 1716.1 14.64066 4.352 0.49 -59.0 0.3 35
2130.9 1717.8 10.84882 3.583 0.51 -75.6 0.9 59
3288.2 1739.5 41.08971 4.351 0.67 -11.4 0.9 65
17.7 1745.8 34.17875 5.741 0.96 68.9 0.6 49
132.8 1722.3 22.53230 8.821 0.35 -22.0 4.5 417
2694.8 1719.5 30.09465 14.582 0.18 -19.3 4.5 739
1749.0 1783.2 271.19080 5.869 0.84 22.5 1 99
2762.8 1737.2 16.51242 2.921 0.82 -59.5 0.7 33
1247.3 1738.3 9.93081 3.257 0.60 -61.0 0.3 25
621.4 1734.2 11.30239 3.314 0.76 -11.4 0.3 23
1823.5 1741.0 17.95193 2.516 0.79 33.5 0.6 27
108.3 1734.3 9.56205 1.933 0.25 50.4 3.2 139
727.6 1737.8 32.81171 16.340 0.80 -76.0 4.5 375
3813.8 1760.6 33.94815 4.189 0.61 88.9 1.2 83
2318.7 1753.9 31.58925 2.616 0.75 -71.4 1.3 55
493.0 1737.5 14.42312 4.038 0.86 32.5 0.6 37
3658.8 1812.6 336.12770 7.156 0.66 19.1 1 133
2175.6 1736.7 8.88770 1.031 0.09 -7.8 1 53
3095.6 1737.1 43.98890 29.908 0.66 -11.9 4.5 529
3902.6 1753.5 10.90735 1.941 0.23 67.6 0.6 39
268.3 1756.4 23.23193 3.968 0.99 -19.4 0.9 49
473.4 1748.5 17.88897 5.748 0.88 -51.9 4.5 201
1266.2 1763.5 19.31812 2.963 0.85 85.9 0.5 27
3131.0 1756.5 13.39189 4.765 0.49 62.6 3.1 173
2982.6 1754.6 12.15964 1.398 0.09 44.2 2.6 165
725.0 1757.7 34.95562 11.826 0.60 -54.2 3.2 321
62.0 1759.7 9.13281 0.900 0.09 84.6 1.9 89
3497.5 1785.0 42.00908 5.830 0.52 85.8 1.4 129
1062.6 1763.4 12.59082 2.878 0.59 39.0 2 85
3261.4 1760.7 10.63119 2.885 0.68 57.1 3.1 107
2002.4 1771.8 16.27360 2.254 0.27 38.9 2 109
2037.9 1777.2 19.88227 3.754 0.46 -75.0 1.2 83
2841.5 1789.0 37.91771 3.870 0.67 -65.9 0.5 41
1769.6 1774.6 67.24068 26.722 0.84 -14.9 3.7 493
2501.3 1782.6 17.80429 3.944 0.35 -60.3 2.6 173
1227.8 1780.6 15.33776 3.401 0.70 -86.4 0.7 43
1334.2 1788.9 39.75695 4.099 0.63 -8.9 0.8 59
1884.6 1779.4 10.28371 2.965 0.78 -81.4 0.3 21
1524.4 1791.7 39.06017 12.184 0.50 77.0 2.9 347
399.2 1966.7 728.25420 5.802 0.82 -56.4 1 107
46.2 1799.0 29.26234 5.512 0.61 -28.9 0.4 45
2030.1 1854.2 65.58826 20.854 0.52 -83.7 4.5 619
2883.0 1790.0 18.05790 2.367 0.24 -26.4 3.7 205
823.2 1839.0 115.29150 7.385 0.72 -33.5 1.5 165
1101.2 1802.6 29.87191 4.476 0.63 11.0 1.4 93
1528.4 1808.9 40.09686 5.990 0.57 -60.6 1.2 115
1453.5 1820.6 61.48993 4.575 0.60 1.0 1 79
2421.8 1810.9 30.46243 2.994 0.99 78.0 0.9 41
2922.2 1859.7 227.51890 5.013 0.79 -39.7 1.2 97
837.6 1824.8 65.60635 8.087 0.72 -35.8 2.4 227
2930.7 1824.1 69.79837 4.279 0.76 -12.4 0.8 59
558.6 1795.3 7.79593 2.398 0.83 85.7 0.9 33
3578.1 1809.3 24.78924 4.328 0.64 -4.1 0.7 55
724.5 1823.6 47.85702 7.032 0.61 -3.5 1.7 163
3032.5 1814.5 20.15980 2.951 0.75 70.9 0.7 35
1591.4 1805.4 40.34193 29.099 0.35 -44.0 4.5 727
1106.0 1802.5 29.76145 3.535 0.44 4.1 1.6 105
2367.0 1816.1 51.38679 23.680 0.34 -79.6 4.5 741
1004.1 1823.4 22.07798 5.176 0.64 72.7 0.4 47
3019.3 1872.4 165.96780 7.222 0.50 -45.2 1 137
4173.5 1897.1 639.53160 5.666 0.79 60.3 1 101
1388.2 1817.6 24.20500 12.114 0.63 -70.6 4.5 337
2544.5 1815.7 21.06171 4.938 0.40 23.6 2.8 201
1008.7 1823.8 21.98139 5.255 0.66 70.4 0.8 67
1211.5 1824.9 24.03080 4.004 0.82 41.8 1.1 61
3152.7 1863.6 107.16140 6.392 0.60 26.5 0.9 99
738.5 1828.4 41.76728 10.409 0.41 41.7 0.9 161
385.0 1838.8 25.39343 2.389 0.79 -40.1 1 39
945.9 1826.6 12.44796 4.530 0.48 -55.3 4.5 227
617.0 1837.1 48.72967 26.602 0.80 36.6 4.5 505
509.6 1865.4 62.19432 4.876 0.90 -77.2 1 71
1757.3 1853.2 23.67810 3.724 0.73 -20.3 1.3 69
3023.0 1944.6 173.34220 7.470 0.73 80.6 1.2 137
1662.7 1838.4 12.63995 2.782 0.73 57.7 1.4 55
1635.8 1891.8 119.00250 6.880 0.65 73.1 1 111
838.6 1851.2 82.64326 37.191 0.71 49.7 4.5 709
1136.6 1834.1 11.91012 2.149 0.27 -32.7 4.5 249
754.4 1850.6 25.69678 3.539 0.52 -18.1 0.3 29
2363.8 1838.9 12.89163 4.495 0.47 -11.4 0.3 39
169.3 1928.6 754.30590 6.257 0.71 45.6 1.1 123
3796.9 1868.5 59.54930 5.246 0.79 -27.7 1.2 91
3312.8 1847.4 10.90650 1.436 0.12 61.8 4.5 333
1886.1 1838.9 26.34615 21.870 0.34 -63.6 4.5 583
2306.7 1859.9 23.67193 2.778 0.84 66.7 0.7 33
1988.8 1843.8 39.16470 17.805 0.65 47.8 2.6 355
2012.0 1873.2 87.47910 3.477 0.95 7.8 3.4 167
2916.6 1875.2 69.84764 4.410 0.68 -61.2 1.1 81
4083.0 1876.0 96.70638 6.116 0.71 10.2 0.8 83
1110.3 1857.1 11.61778 3.266 0.64 -10.3 0.6 37
4079.8 1884.9 102.26050 6.089 0.79 -7.6 0.9 81
3735.0 1860.3 19.86753 5.298 0.53 -79.5 0.7 67
800.7 1877.4 25.74370 3.551 0.58 67.8 0.6 41
1435.0 1934.2 634.14810 6.604 0.82 13.5 1 111
1878.2 1855.2 21.46365 10.060 0.28 -56.3 4.5 487
778.3 1868.2 9.31762 1.536 0.46 50.6 2.4 73
1912.4 1867.8 10.55448 2.933 0.57 81.9 2.6 103
987.9 1892.4 44.71566 4.272 0.72 -39.7 1.5 99
1149.4 1899.5 51.42063 4.028 0.57 70.4 1.2 85
329.1 1891.7 40.28021 5.855 0.59 -72.1 2.3 183
2689.1 1898.7 60.85882 4.112 0.91 -37.1 0.8 49
1518.1 1876.4 11.37530 2.777 0.69 14.2 0.3 21
2582.7 1882.8 24.15228 4.730 0.65 -43.1 1.9 119
2346.5 1888.5 28.23167 5.813 0.57 47.7 0.8 79
2524.3 1890.0 34.13566 3.799 0.79 -88.8 3.5 161
3083.4 1881.0 11.20338 0.724 0.09 -21.9 3.3 141
3967.0 1873.5 8.90967 1.199 0.11 -62.9 3.2 159
3061.2 1883.4 8.19784 0.923 0.28 77.8 2.5 65
1287.3 1921.9 47.00320 5.355 0.64 -69.9 1.4 111
1002.6 1887.7 41.38924 16.514 0.22 5.6 3.9 689
3983.3 1915.7 46.01828 4.049 0.72 42.7 1 67
2794.1 1959.8 176.05710 6.616 0.83 26.9 1.2 121
1794.9 1958.1 263.55390 5.930 0.95 17.5 1 87
1709.4 1949.3 74.90855 3.612 0.72 -40.5 1.4 85
3700.7 1904.5 14.87954 2.416 0.87 56.7 2.4 75
2273.7 1928.8 44.90084 4.477 0.89 -71.1 0.8 55
3839.7 1908.1 15.68754 4.492 0.49 63.8 2.2 141
2521.4 1923.6 20.15676 2.825 0.71 58.1 0.3 21
3470.3 1911.2 43.28281 17.665 0.23 -16.8 4 709
1893.0 1976.1 137.34980 6.047 0.79 82.0 0.8 83
3635.4 1921.1 18.59027 4.256 0.84 4.3 2 101
4053.6 1922.9 12.29212 2.950 0.53 48.8 0.9 49
127.1 1931.2 97.08098 49.886 0.64 8.6 4.5 845
3936.2 1927.7 21.06014 5.694 0.68 46.6 1.2 93
75.0 1933.3 18.20736 2.909 0.87 -16.9 0.3 19
3455.6 1916.6 49.49525 18.565 0.20 -18.0 2.4 661
682.6 1946.3 39.78462 4.349 0.90 40.7 1.5 85
2492.4 1939.1 32.49323 6.225 0.74 -26.6 4.2 239
2341.0 1935.3 16.29656 4.800 0.67 34.2 0.9 65
2297.4 1983.5 116.96760 5.695 0.70 55.6 0.9 87
286.4 1932.3 7.20212 2.342 0.62 35.6 0.5 23
2547.7 1940.7 17.32061 4.907 0.38 -82.6 0.3 47
1664.1 2019.2 163.76060 6.513 0.60 -71.8 0.8 101
1223.0 1947.6 10.50434 2.295 0.46 -70.9 0.7 33
2547.8 1949.7 18.54513 4.544 0.33 -86.3 0.3 47
790.7 1943.4 10.53951 3.898 0.56 50.0 0.3 31
62.8 1969.3 36.54293 2.545 0.99 49.2 1.1 43
1838.1 1959.0 25.06437 7.084 0.97 -73.1 4.5 223
2167.6 1948.5 11.91804 3.662 0.82 20.9 1.2 57
2781.7 1984.0 65.15400 5.566 0.78 11.4 1.7 131
3959.3 1963.9 41.28383 20.135 0.55 -81.5 4.5 505
2254.8 1975.4 43.76112 8.795 0.47 32.9 0.6 107
3269.6 1963.3 77.30539 46.555 0.23 42.6 4.5 1279
3962.3 1987.0 43.40302 3.508 0.59 80.8 1.2 77
678.5 1984.2 27.12406 2.593 0.84 -14.0 0.7 31
994.5 1984.4 31.96928 4.060 0.66 54.2 1.3 85
2246.1 1973.0 50.87354 12.446 0.82 22.3 2.2 251
3474.1 1978.5 18.72106 4.440 0.73 4.4 3.9 169
3768.9 1981.7 15.73080 2.805 0.77 -69.0 1.3 53
813.8 1985.4 26.87633 6.512 0.38 33.3 0.4 67
4170.0 1979.5 12.55278 3.168 0.14 -52.6 3.9 291
1521.0 1974.3 24.09988 20.719 0.34 22.9 4.5 555
1237.1 1988.8 32.33586 9.363 0.76 -30.9 4.5 333
2222.5 1991.8 25.46939 3.090 0.70 46.0 2.5 113
1264.6 1986.7 13.20857 2.808 0.61 69.4 2.6 101
3282.4 1978.7 27.24130 11.025 0.18 34.9 4.1 575
4159.5 2025.1 96.98495 6.595 0.53 42.8 1 115
3391.1 1985.2 20.25131 3.759 0.38 1.4 3.3 199
173.0 1987.1 9.28300 3.083 0.78 -22.8 0.8 37
2712.0 2010.8 34.13449 3.759 0.80 87.4 0.8 47
13.2 1986.6 19.36899 5.335 0.51 37.5 4.5 249
2694.5 2036.7 107.98140 6.043 0.67 -51.2 1 101
3774.8 2017.0 39.36851 2.679 0.93 79.1 1.3 51
3712.1 2004.9 12.28378 2.514 0.45 39.7 1.1 53
1960.5 2003.9 17.19913 5.237 0.22 -56.4 4.5 401
1223.7 2018.0 24.79133 3.145 0.78 -20.5 2.4 101
1282.8 2012.4 11.35502 2.932 0.80 -82.5 0.6 29
158.6 2036.4 64.24484 2.709 0.70 -30.4 1.7 83
200.4 2011.4 28.68079 18.851 0.25 -77.6 4.5 681
2662.4 2019.8 22.30272 4.292 0.47 -54.0 1.1 83
3817.6 2024.8 26.74347 3.740 0.79 -21.2 1.1 61
3811.2 2020.2 39.11583 17.595 0.65 28.8 4.5 441
949.6 2042.1 21.74235 2.945 0.88 -81.3 0.7 33
1886.7 2073.8 97.16166 5.524 0.66 45.7 1.1 103
4046.6 2149.4 1223.41700 9.837 0.77 -39.9 1 167
2345.9 2027.1 9.39033 2.979 0.64 -31.1 0.5 29
169.4 2032.1 66.96302 31.171 0.36 -4.7 4.5 887
856.6 2042.7 19.69696 4.140 0.58 -49.4 1.4 89
3414.4 2037.8 13.44794 3.658 0.76 -57.7 0.7 39
4065.8 2029.5 10.93583 3.728 0.79 39.8 0.5 31
1956.5 2029.6 12.59570 5.168 0.49 25.7 4.5 251
195.9 2029.8 21.34113 9.154 0.67 2.2 4.1 261
74.2 2031.2 9.05369 1.373 0.20 45.2 2.6 107
1868.2 2037.6 10.64047 3.028 0.87 -72.8 0.3 21
2531.1 2098.4 181.95790 4.873 0.78 69.8 0.9 77
2960.0 2040.8 12.19459 3.268 0.71 45.4 0.5 31
3168.5 2081.8 57.70451 4.042 0.93 71.0 1.6 87
995.9 2041.6 12.09334 3.057 0.59 26.9 2.7 111
4180.3 2039.8 35.00914 9.563 0.39 22.8 0.3 83
1686.8 2070.6 41.52073 2.490 0.87 -76.7 1 41
3112.9 2051.0 13.96545 3.915 0.45 -0.1 0.3 35
171.4 2072.3 30.65479 3.518 0.82 -66.2 0.9 49
3241.8 2140.1 314.41750 8.133 0.56 -68.1 0.9 145
1492.0 2077.0 55.98002 2.641 0.96 19.3 1.1 45
1941.3 2055.0 22.00187 7.720 0.43 82.3 4.5 319
2142.0 2052.3 11.46520 3.314 0.61 46.7 0.4 29
1048.3 2057.9 11.62873 2.877 0.87 35.2 3.3 101
1606.2 2102.1 127.93890 4.860 0.92 -52.5 1 73
548.8 2118.6 195.28990 5.449 0.79 -53.6 1 85
3752.3 2106.3 103.73020 6.573 0.81 55.0 0.9 89
3980.3 2064.5 12.55329 2.602 0.54 20.0 0.8 39
3075.2 2077.9 24.74448 5.471 0.63 -89.4 1.2 97
52.6 2063.8 10.18889 1.542 0.10 30.8 1.1 73
4172.2 2081.4 22.59087 3.281 0.65 -38.9 1.2 63
2727.4 2080.9 26.82874 3.336 0.80 -30.4 0.8 41
3444.6 2065.4 12.77711 1.671 0.41 -26.2 3.6 117
3593.3 2081.2 21.18863 3.474 0.69 -89.9 1 55
2080.6 2079.5 13.16519 4.074 0.48 -51.3 1.1 79
2957.3 2090.9 40.96541 5.742 0.68 -18.2 1.8 141
2552.4 2086.0 38.73251 13.782 0.37 -14.4 4.5 551
2804.8 2106.8 41.01003 4.098 0.90 -9.0 0.9 53
2931.8 2103.8 34.79747 4.293 0.95 74.0 0.9 51
1617.0 2078.6 33.66608 15.146 0.24 -89.3 4.5 689
3654.5 2090.9 25.11185 6.894 0.63 -42.5 1.8 149
884.7 2108.2 48.01664 3.660 0.60 -5.3 0.9 59
51.1 2107.3 20.76030 3.158 0.64 -8.0 1.1 59
845.6 2122.2 78.35305 30.330 0.26 84.7 3.9 979
3638.7 2113.8 14.58316 3.683 0.57 -68.5 2.5 123
3807.5 2137.4 25.97267 5.780 0.31 -62.0 0.8 101
1218.5 2156.5 110.29420 6.764 0.66 16.0 1.2 127
484.5 2157.0 39.92299 7.893 0.56 -83.9 3.4 287
1323.6 2122.8 9.05523 2.737 0.91 -36.5 0.8 33
965.0 2141.0 27.68583 3.634 0.49 -29.8 0.6 49
3956.1 2128.8 12.45328 3.022 0.85 -80.1 0.3 21
1645.2 2124.6 13.82866 3.221 0.18 -66.4 2.6 207
3915.0 2124.9 14.70339 4.787 0.19 -58.4 4.5 449
408.3 2141.5 27.58028 3.313 0.60 -24.6 1.2 69
848.2 2137.3 65.85048 28.221 0.38 75.0 4.2 763
3731.6 2142.0 14.04555 2.236 0.54 -51.5 4.5 179
1516.7 2164.2 35.16467 6.458 0.66 82.7 1.1 101
475.7 2168.5 45.00371 5.483 0.72 0.0 1.6 121
1253.0 2138.7 32.40811 20.793 1.00 43.7 4.5 351
3390.1 2155.8 22.27489 3.204 0.94 87.0 0.9 43
3005.7 2151.2 13.51105 3.878 0.70 2.3 0.6 41
3900.9 2150.5 15.20222 4.235 0.42 -75.3 3.3 187
2170.5 2146.0 14.56696 6.202 0.49 58.1 4.5 245
2890.0 2145.7 13.21047 4.231 0.50 72.1 4.3 193
1717.1 2191.2 94.20132 4.507 0.92 -52.7 1.1 73
3611.2 2154.3 12.90795 3.384 0.64 -0.9 0.7 41
1514.8 2151.8 28.75185 6.995 0.47 83.8 0.3 57
2997.7 2164.0 18.20586 4.411 0.53 -70.6 2.4 143
3069.6 2173.6 29.61102 3.932 0.70 19.1 0.7 47
3109.5 2195.0 130.79810 6.301 0.66 5.2 1 107
2798.4 2170.4 31.32489 5.251 0.72 -10.0 1.9 129
100.1 2185.8 45.50843 3.253 0.89 -10.9 0.7 35
3957.3 2174.1 18.64542 2.548 0.75 -85.1 1.2 49
3397.0 2205.2 98.30939 6.690 0.98 4.8 1.3 109
1233.5 2169.5 79.12890 35.437 0.47 28.8 4.5 811
440.9 2212.8 93.91114 6.530 0.69 -89.1 1.2 123
2926.9 2188.7 49.53671 2.700 0.92 7.2 0.8 33
1828.6 2161.0 53.58102 22.796 0.27 79.9 2.4 649
2891.6 2166.3 11.17760 2.799 0.29 33.4 4.5 231
1267.5 2183.2 27.83713 2.714 0.89 -88.9 0.9 39
2117.2 2178.7 11.36013 2.325 0.77 -73.3 1.2 41
3460.8 2179.5 9.57072 3.061 0.78 65.3 0.8 37
1829.1 2175.1 24.95204 8.376 0.37 -74.5 3.6 331
2632.4 2239.3 174.10160 7.932 0.76 73.7 1 127
2956.1 2201.0 41.24047 2.545 0.88 -78.2 0.8 35
2332.9 2179.4 83.78690 54.599 0.55 -7.5 4.5 877
2155.8 2199.7 30.59307 2.368 0.75 -77.9 0.7 31
1355.1 2192.9 17.95406 4.081 0.60 82.3 0.8 55
1357.3 2189.7 17.74092 4.070 0.59 80.9 0.8 57
780.7 2191.7 18.63747 5.124 0.69 -34.2 2.6 145
3796.1 2314.0 62.86209 5.116 0.69 54.9 1 85
2269.4 2198.3 12.19701 2.541 0.54 6.6 0.5 29
1944.7 2218.5 25.11135 3.554 0.71 66.9 1 59
2421.6 2203.6 13.07370 3.776 0.48 -78.2 0.7 55
3724.9 2207.7 10.16371 1.278 0.29 63.9 4.5 171
3420.5 2227.4 117.68760 20.643 0.66 48.9 4.2 607
47.1 2208.7 10.59659 2.843 0.32 -37.5 2 113
2246.0 2231.8 50.41568 2.914 0.85 -44.0 0.9 41
977.4 2221.9 26.26506 10.678 0.99 -35.4 4.5 269
2069.9 2252.5 74.99705 3.643 0.71 -86.1 0.9 55
2917.5 2252.4 90.12021 4.253 0.88 -81.4 0.9 61
743.9 2232.5 18.57060 6.088 0.40 4.3 0.4 59
1238.9 2234.8 47.99573 20.804 0.46 -68.6 4.5 579
1476.4 2219.7 8.37178 3.311 0.67 38.4 0.3 25
3007.0 2251.4 52.15493 3.168 0.98 -58.6 0.9 41
3991.0 2226.2 29.56086 12.961 0.40 73.7 3.1 387
30.8 2265.7 58.58687 4.554 0.90 77.9 0.9 61
1091.8 2312.4 271.72520 6.848 0.66 58.2 1 127
1249.6 2287.6 121.76850 7.240 0.74 57.3 1.2 133
117.0 2249.9 18.90382 2.293 0.69 -76.7 0.6 27
3433.8 2254.7 33.25666 5.198 0.96 22.3 1 65
3942.8 2245.1 12.13895 2.452 0.29 -53.2 4.5 277
3170.3 2256.2 15.63932 2.695 0.77 84.0 0.8 33
1200.9 2252.9 15.69683 4.308 0.58 2.1 0.3 33
2850.9 2299.1 126.87540 5.232 0.80 -73.9 1 85
307.0 2302.9 338.56390 5.230 0.69 -7.9 1 101
1774.6 2257.4 16.43261 4.548 0.79 35.2 2 105
2349.2 2253.4 9.65428 2.831 0.47 69.9 2.1 95
4062.1 2256.1 10.72373 1.081 0.15 -52.5 3.2 131
1228.0 2268.1 159.60330 77.105 0.58 43.4 4.5 1181
1924.0 2268.2 127.76180 92.892 0.27 30.8 4.5 1649
811.8 2280.6 30.61435 3.296 0.83 30.2 1 49
2766.7 2289.0 40.20677 3.920 0.91 -86.5 0.9 51
2125.2 2276.9 23.42143 4.189 0.72 32.2 2.4 125
1633.3 2298.5 93.15762 5.503 0.72 -0.0 1 91
2777.7 2280.4 33.18088 5.894 0.64 -34.3 1.4 119
2930.2 2288.9 43.61530 3.517 0.88 34.0 0.9 49
2511.4 2315.1 134.06910 7.136 0.48 30.8 1.1 153
2022.2 2282.1 25.86057 4.921 0.49 -26.2 0.9 81
1732.0 2276.4 12.02032 3.581 0.74 63.6 1.1 55
650.2 2270.3 10.26737 3.503 0.61 -2.0 1 53
500.1 2281.5 11.58868 2.558 0.94 -16.3 0.3 17
425.9 2281.4 47.10622 17.468 0.29 39.4 4.5 697
1946.8 2282.2 48.89948 27.021 0.46 29.3 4.5 673
758.7 2277.7 9.13073 1.758 0.41 -38.6 2.3 79
150.5 2297.8 26.47392 3.621 0.43 62.6 1.5 103
1561.4 2298.9 51.69344 5.093 0.83 60.8 3.6 209
1442.5 2278.2 33.85479 8.648 0.28 -39.8 0.3 89
2213.3 2345.0 142.21050 6.985 0.57 59.6 0.9 121
1426.5 2287.2 32.86279 8.055 0.29 -40.9 0.3 83
2715.8 2286.8 18.95246 6.571 0.79 78.1 0.6 59
2013.7 2286.6 24.14083 5.563 0.41 -24.4 0.3 49
1544.7 2290.0 46.04709 45.685 0.36 54.7 4.5 821
2063.8 2291.5 7.59827 2.056 0.80 -33.2 1.4 41
1735.5 2301.5 24.01552 5.330 0.69 -23.3 0.8 67
3888.3 2298.4 11.67429 3.212 0.89 57.9 0.5 27
2657.6 2288.8 55.77246 30.979 0.56 -65.2 3.8 603
1325.0 2292.7 9.37165 3.039 0.86 -61.3 1.7 63
4131.8 2340.4 122.50250 5.896 0.81 -15.4 1.1 97
966.3 2300.2 12.92661 4.594 0.81 -12.5 0.9 57
3726.0 2348.4 119.29820 5.991 0.86 -38.9 1 87
2462.7 2320.8 27.58850 5.347 0.43 26.3 0.3 47
488.7 2315.3 17.86739 4.015 0.50 -11.6 1.2 81
1552.4 2314.9 18.98010 6.140 0.38 -76.8 0.9 103
1705.0 2334.1 18.39665 2.897 0.60 -34.3 1.2 57
1043.3 2419.2 225.07610 8.322 0.56 -52.9 1.1 165
2430.3 2340.7 37.88194 6.761 0.58 -42.4 2.6 215
1091.1 2334.8 143.44980 65.506 0.40 26.2 4.5 1313
1023.6 2361.6 64.72814 3.653 0.96 88.2 0.8 45
665.4 2342.4 20.04413 3.811 0.78 -32.5 0.9 51
785.2 2356.3 54.79442 3.645 0.58 -16.6 0.9 65
870.2 2342.6 13.38868 2.838 0.74 -59.9 0.4 23
2138.1 2341.3 15.24850 3.358 0.21 44.9 2.4 183
3863.1 2354.9 21.68583 3.971 0.77 -15.8 0.7 43
4191.8 2345.7 43.03976 16.851 0.24 -25.6 4.5 739
1108.6 2340.1 56.66191 48.391 0.32 20.9 4.5 959
1682.4 2346.9 10.51861 2.434 0.16 -40.5 4 239
225.5 2345.7 8.33282 1.423 0.22 48.4 2.5 99
1471.9 2348.2 23.79003 11.311 0.24 87.9 4.5 569
271.3 2383.3 54.02107 4.645 0.70 -47.8 1.3 95
1764.6 2350.4 7.64798 1.719 0.47 -42.3 2.9 85
2432.5 2363.6 53.05658 24.292 0.60 87.6 4.5 591
3821.0 2358.4 26.98664 9.294 0.59 -26.1 2.4 229
3789.2 2378.4 31.57365 5.073 0.93 -5.5 0.6 47
1083.5 2389.3 52.02312 3.470 1.00 48.2 0.8 43
3036.7 2370.6 15.54903 3.888 0.83 -9.2 0.3 25
1203.0 2363.8 11.84002 4.539 0.30 -52.7 4.5 311
2774.6 2422.1 277.08950 5.333 0.93 27.6 1 83
2789.1 2390.7 31.25455 3.119 0.72 -69.0 1 51
1774.8 2392.2 37.57516 3.592 0.73 -75.7 1 57
1799.0 2371.6 29.64627 12.171 0.94 -61.5 4.5 289
304.4 2379.7 32.30208 9.484 0.63 21.6 4.5 335
2219.4 2381.8 24.46661 9.691 0.24 -85.7 4.5 569
2222.5 2382.0 27.57905 10.144 0.29 85.6 4.5 523
342.1 2519.5 847.02330 9.458 0.59 76.7 1 177
1045.9 2396.7 115.66620 41.494 0.81 -55.8 4.5 759
3907.5 2389.1 26.26193 7.642 0.50 25.4 1.4 157
931.2 2389.8 23.02147 8.752 0.43 29.1 2.8 271
1490.0 2393.1 64.72314 41.160 0.41 13.0 4.5 859
1454.0 2389.6 52.98325 40.824 0.37 -0.2 4.5 847
795.2 2408.2 21.96499 5.405 0.47 -54.4 0.6 69
2010.8 2446.8 151.47020 5.083 0.86 -18.8 1.2 93
521.6 2414.9 14.83584 3.723 0.53 61.9 0.3 31
3367.8 2433.8 41.49029 6.040 0.70 31.6 0.4 47
3668.2 2469.6 233.51820 5.053 0.99 -21.9 1 79
232.2 2420.6 18.41251 3.946 0.70 5.1 1.5 81
3007.7 2417.3 10.77404 3.546 0.72 85.5 0.3 25
1643.5 2429.8 28.01916 3.655 0.87 -50.2 1 55
2625.9 2412.3 15.14385 5.693 0.44 -12.3 3.3 213
235.5 2422.5 17.71863 3.782 0.54 9.9 1.3 81
3814.6 2462.6 105.25430 5.166 0.93 -58.9 0.9 69
2751.6 2442.6 97.98930 28.543 0.57 -28.0 4.5 787
3030.1 2460.5 89.86884 7.319 0.66 16.7 1 113
4064.7 2418.0 9.11964 3.353 0.73 30.5 0.7 35
354.5 2438.3 21.90083 2.003 0.62 -28.2 2.4 83
2144.6 2437.3 13.50321 3.174 0.64 -77.5 0.5 31
3323.9 2467.6 67.31866 5.688 0.71 86.0 1.2 101
3309.6 2450.2 75.47279 21.682 0.79 0.6 4.5 539
62.3 2429.6 15.83836 4.504 0.63 1.5 0.5 45
3659.6 2449.2 101.92490 47.431 0.66 -83.8 3.8 787
1371.8 2462.1 32.88214 5.036 0.66 76.1 1 77
723.0 2450.8 25.71243 7.542 0.69 34.7 0.3 51
1887.1 2440.6 14.57977 2.884 0.73 -22.8 0.6 31
5.6 2467.3 38.98414 3.238 0.66 75.7 1 57
3289.6 2457.4 30.19724 2.907 0.82 -22.2 1.2 55
2836.7 2461.0 12.60659 4.067 0.53 -85.1 0.3 33
2400.1 2588.3 1378.98000 6.430 0.68 -58.7 1 129
1482.8 2459.5 15.05364 2.930 0.84 26.8 0.7 31
1392.1 2481.8 56.17454 4.635 0.94 -77.5 2.2 129
1768.2 2472.4 24.72276 4.849 0.78 -26.4 0.7 55
3016.5 2472.5 78.94546 26.115 0.96 -89.3 3.9 487
548.0 2463.5 40.32082 21.044 0.36 78.5 2.8 529
1347.2 2472.3 21.99851 6.035 0.32 0.9 1.9 201
522.6 2472.7 51.42604 32.667 0.32 -7.5 4.5 841
4024.0 2464.5 9.55904 2.437 0.26 -11.1 4.5 243
3417.5 2505.3 59.99523 5.719 0.63 90.0 1.8 151
1218.5 2479.6 28.20399 7.067 0.36 -58.9 3.7 327
2868.2 2503.6 49.49366 6.095 0.68 -46.7 0.9 89
4197.3 2501.5 45.63592 2.679 0.48 -88.0 0.9 49
3748.7 2495.9 61.44674 4.540 0.49 -18.5 0.8 71
1391.5 2497.1 38.66357 5.122 0.76 -84.3 3.3 193
240.0 2530.8 283.27660 5.970 0.65 24.2 1 111
548.6 2477.4 43.01584 27.945 0.26 14.9 4.5 855
2146.5 2480.1 8.28477 2.808 0.82 43.2 0.3 19
3426.6 2484.4 54.79522 32.083 0.50 -70.3 4.5 695
2477.7 2495.1 24.05925 2.782 0.95 70.8 0.9 37
1823.9 2486.9 9.26211 1.571 0.30 27.9 2.9 105
453.8 2497.9 17.35906 5.404 0.43 -56.3 0.3 47
3914.1 2510.1 15.48285 2.428 0.89 -74.4 2 63
3491.0 2507.0 18.47132 5.058 0.35 15.6 2.5 197
450.5 2505.1 17.25179 5.120 0.40 -60.3 0.3 47
4023.8 2520.0 23.91102 6.741 0.76 -86.2 2.4 163
2040.6 2568.8 164.88670 4.678 0.96 51.5 1 69
1039.2 2548.0 59.08874 3.440 0.68 28.7 0.9 55
3548.6 2543.4 22.63048 2.988 0.87 -42.3 0.8 39
2437.6 2555.6 38.83189 3.071 0.82 35.8 1.3 61
1863.5 2542.8 20.45510 4.056 0.62 45.9 1.6 93
4032.0 2595.5 246.68290 6.427 0.85 45.7 1 103
2660.8 2572.0 40.00006 6.273 0.63 68.2 0.5 61
1907.3 2549.3 12.46479 2.933 0.82 -39.4 0.6 31
3331.9 2577.2 101.37750 4.348 0.83 62.4 1 71
526.9 2786.7 11454.67000 11.263 0.57 -38.6 1 263
2088.3 2577.8 57.59660 4.458 0.78 -89.1 1.2 81
19.7 2553.2 14.64916 4.371 0.57 -38.2 1.2 81
2386.2 2621.5 220.07560 6.932 0.65 67.6 1.1 127
1801.0 2600.2 282.06390 4.987 0.68 -9.0 1 93
924.0 2580.9 71.45488 3.265 0.76 -62.9 0.8 47
2306.8 2571.4 21.41317 4.395 0.48 -56.6 0.6 57
2261.7 2567.0 16.65324 3.941 0.70 35.6 3.4 147
4171.1 2557.0 12.90108 3.276 0.39 3.7 0.9 63
244.2 2625.7 244.24890 8.031 0.79 -17.3 0.9 119
4049.4 2586.6 124.28940 44.919 0.69 9.6 4.1 817
2844.4 2632.6 292.90110 6.757 0.84 66.2 0.9 103
3229.1 2592.9 34.86031 2.373 0.98 43.1 0.9 33
493.5 2632.7 298.92650 6.665 0.68 -25.0 1 117
3992.7 2581.4 18.25807 2.608 0.50 -30.9 3.4 141
2093.8 2593.1 40.68896 11.860 0.42 84.7 3 383
993.9 2584.6 16.24146 3.526 0.74 4.1 0.7 39
1719.5 2594.0 34.63924 8.011 0.73 -58.9 1.4 139
3549.9 2625.2 106.33010 4.805 0.84 -18.9 1.1 83
806.2 2606.6 55.56533 6.242 0.44 -6.6 1.4 161
3475.9 2629.1 145.61810 5.279 0.95 -18.1 1 79
2998.7 2597.4 26.66689 3.176 0.79 -73.1 2.1 91
2313.4 2774.6 173.56310 7.138 0.71 -87.1 1 121
978.2 2606.1 23.72180 5.213 0.54 65.0 0.3 41
842.7 2606.1 26.58304 3.587 0.43 -1.0 1.7 115
3740.8 2620.3 146.24390 27.049 0.61 7.2 2 535
974.3 2599.3 21.13041 5.395 0.58 67.2 0.3 41
446.9 2601.9 13.27280 2.594 0.68 39.0 0.8 37
3464.9 2599.0 18.29552 3.933 0.96 -72.5 4.5 193
3801.0 2608.8 17.49113 2.505 0.84 -75.9 0.9 33
3953.6 2602.8 13.79716 2.472 0.70 -18.4 1.1 43
1567.6 2606.2 36.50314 22.114 0.33 50.5 4.5 669
2898.3 2602.5 14.01104 4.114 0.68 -41.0 0.6 41
403.6 2606.4 22.09957 4.296 0.73 19.0 4.5 247
2424.5 2626.6 56.53809 4.270 0.78 48.2 2.2 131
778.0 2638.2 79.87511 3.905 0.98 -52.6 1 57
3110.4 2618.6 29.87967 3.475 0.87 -0.9 1 49
926.3 2634.9 63.35957 5.078 0.64 37.1 1.1 95
1717.4 2606.1 30.85942 8.456 0.67 -66.1 0.3 57
1711.8 2604.4 73.14986 27.620 0.39 -50.5 3.2 717
2271.7 2631.7 38.98358 3.573 0.75 83.3 0.9 51
2562.4 2606.2 11.09279 3.446 0.68 1.1 0.3 25
3619.8 2642.0 42.52713 4.044 0.88 87.4 1.1 65
937.2 2641.7 65.27876 7.395 0.45 29.5 0.3 63
1974.7 2628.5 20.79403 3.379 0.62 27.6 0.9 51
2765.4 2621.6 9.95173 2.248 0.60 54.8 3.6 109
3859.6 2643.7 54.21346 2.716 0.94 3.2 0.9 39
919.3 2694.8 268.48740 6.699 0.89 58.5 1.1 109
3699.6 2622.2 132.06360 24.206 0.42 -7.8 0.4 215
2983.3 2627.9 10.02003 1.931 0.65 -45.1 0.5 21
3137.2 2647.8 24.45887 4.154 0.54 -24.8 1.7 109
2555.1 2634.4 13.42118 3.084 0.70 -5.5 1.1 51
2228.7 2639.0 14.32567 3.356 0.57 64.6 1.6 83
3090.3 2647.6 19.95405 3.383 0.80 -68.3 1.8 81
3186.9 2646.7 22.13440 3.516 0.50 82.5 1.6 95
1346.8 2659.6 46.81790 3.165 0.94 -40.5 1.2 53
2686.2 2643.0 15.01275 4.669 0.65 81.8 0.3 33
2329.7 2646.7 12.20431 2.733 0.64 -71.1 0.5 29
2991.7 2731.3 295.60740 6.424 0.85 -53.9 1 103
2919.2 2647.0 14.23710 3.837 0.55 -24.7 0.4 35
3597.9 2660.3 32.83772 6.127 0.72 72.7 1.9 141
4074.5 2647.4 66.51571 36.078 0.39 -78.3 4.5 831
1792.4 2668.8 36.10767 2.854 0.85 -79.4 1.1 47
541.9 2642.2 37.48541 22.459 0.40 -20.8 4.5 593
96.9 2647.1 10.35845 3.016 0.35 41.6 4.5 201
1441.9 2661.5 13.13592 2.413 0.75 -65.4 1.2 43
1505.6 2655.0 14.18678 3.153 0.33 -5.6 3.8 195
1747.3 2669.2 18.01469 3.258 0.94 -60.5 0.3 21
435.4 2671.4 24.38018 2.290 0.79 -38.9 0.8 33
598.7 2670.2 22.36877 3.079 0.66 -38.6 1.2 59
1778.0 2657.9 16.09902 5.589 0.65 29.9 4.5 239
1850.6 2674.5 18.34323 3.933 0.62 -66.1 0.6 43
740.1 2697.9 55.71193 4.222 0.75 63.3 0.8 55
984.3 2707.6 88.86266 4.624 0.87 -39.2 0.8 61
1292.5 2717.6 110.26250 5.152 0.94 -46.8 0.9 69
4067.0 2672.8 21.57202 7.768 0.77 -88.6 2.2 163
3488.7 2688.8 43.39624 4.627 0.44 -12.0 0.8 77
1549.3 2778.5 401.70460 8.499 0.54 -63.8 1 163
2497.3 2690.7 23.06661 3.192 0.36 -23.6 4.3 229
2297.1 2690.6 12.68407 3.665 0.70 -70.2 0.3 27
2947.3 2729.6 61.03675 5.028 0.80 -89.0 1 75
4126.6 2686.3 16.40950 4.564 0.17 -4.2 4.5 421
1998.2 2714.9 34.55381 5.410 0.44 29.2 1.6 149
3327.8 2727.3 87.30376 4.814 0.89 44.4 0.8 59
3109.6 2716.5 26.52898 5.052 0.43 -58.0 0.6 65
272.5 2757.3 209.40570 5.050 0.74 70.1 1 83
4174.8 2719.3 60.31295 5.156 0.79 -0.7 0.8 67
3384.8 2698.9 11.10399 2.560 0.79 6.0 1.3 47
2767.6 2721.5 48.83680 2.461 0.92 -20.4 0.9 37
2899.6 2716.2 21.08746 3.694 0.66 -76.3 0.6 39
1351.7 2732.4 41.58030 5.300 0.78 23.6 0.6 51
832.9 2699.2 9.37317 3.188 0.61 40.8 0.3 25
3064.6 2712.7 40.16544 13.629 0.47 -72.2 4.5 513
2675.7 2732.9 64.71648 4.161 1.00 -45.1 3.4 171
3054.4 2728.9 42.61738 7.720 0.59 -42.7 1.5 163
782.7 2720.2 13.57900 2.737 0.86 -79.5 0.6 27
1535.8 2735.9 36.53588 5.226 0.74 -1.6 0.6 53
132.1 2735.5 38.99461 6.295 0.58 -9.0 0.9 91
4050.1 2733.7 25.36483 2.809 0.98 31.8 1.1 43
854.3 2941.8 1805.67800 9.841 0.72 65.7 1 187
705.6 2728.4 10.05315 3.148 0.72 -52.5 0.3 23
3907.1 2738.8 18.42503 3.995 0.82 -68.7 0.7 41
115.5 2734.0 30.90475 7.932 0.47 7.4 0.3 65
903.4 2743.4 25.56024 1.918 0.98 26.8 4.5 159
2175.1 2733.5 36.19705 25.396 0.55 -16.3 4.5 531
1375.5 2743.6 10.42920 1.911 0.14 41.4 4.2 233
3451.6 2798.1 206.89100 5.113 0.86 81.6 0.9 77
2309.1 2744.2 45.93386 17.599 0.46 -71.6 2.7 439
3470.8 2756.5 18.81706 3.576 0.83 -42.3 0.5 33
2594.7 2756.5 19.89937 3.045 0.76 -43.2 2.5 101
2854.3 2770.6 24.51509 3.792 0.81 -72.5 0.7 43
2038.6 2790.0 36.73678 3.157 0.92 -37.2 1.2 55
1791.4 2758.3 18.45810 4.950 0.65 -12.0 0.6 51
3041.2 2890.3 2573.21400 8.475 0.99 -30.8 1 139
3089.4 2775.6 24.13548 3.101 0.38 -39.5 1.2 81
2564.7 2763.9 13.15694 2.985 0.77 9.4 0.6 31
3310.3 2771.9 16.77135 3.133 0.79 -30.2 0.3 23
1642.4 2781.4 33.40959 2.890 0.89 -53.3 0.7 33
1677.2 2760.7 36.14194 25.528 0.33 42.8 4.5 697
601.6 2784.8 41.06124 5.936 0.69 79.3 3.1 209
2471.6 2805.3 100.35520 5.661 0.98 -64.0 1 77
2960.0 2764.3 8.73218 2.426 0.58 -20.9 0.3 21
377.1 2766.2 9.43909 2.695 0.52 -14.6 0.9 45
1615.2 2783.0 12.37444 3.248 0.76 58.3 0.8 39
3125.0 2807.9 59.22319 3.495 0.85 -7.0 1.6 85
346.4 2787.1 15.65527 2.934 0.66 -84.4 0.9 45
1460.3 2798.2 24.63730 4.612 0.92 18.5 0.3 29
3812.0 2790.6 23.75063 5.346 0.68 32.7 2.4 151
2708.7 2793.0 27.80137 5.359 0.46 32.9 0.5 57
3427.1 2804.6 57.76195 10.906 0.74 -46.6 2.5 269
1224.6 2820.1 82.07186 6.563 0.61 34.1 1 111
3505.4 2805.3 39.39572 5.710 0.84 -14.2 2 137
2397.1 2820.0 72.83034 2.606 0.90 5.6 0.9 39
3621.0 2870.3 136.94050 5.409 0.82 -63.0 0.9 75
1686.9 2815.6 34.86496 4.693 0.71 75.5 1.1 79
3359.8 2810.4 22.54934 3.220 0.92 -11.4 1 45
3426.9 2819.2 49.12868 11.718 0.72 -77.1 4.1 351
4123.1 2812.7 21.00270 4.409 0.80 -35.9 0.4 33
390.3 2802.0 13.76898 3.343 0.11 25.5 4.2 357
3107.0 2815.0 62.52290 17.003 0.96 49.3 3 341
3611.7 2800.2 16.19928 3.765 0.62 -10.7 0.4 31
2320.4 2815.1 44.05570 10.924 0.46 87.5 3 359
3101.4 2809.9 53.28140 12.975 0.74 50.7 2.3 279
2070.7 2800.8 14.39666 4.230 0.18 70.8 4.5 371
1885.3 2807.7 10.56842 2.987 0.30 15.2 3.5 175
64.2 2832.1 30.94416 4.925 0.64 43.6 1.8 121
2542.7 2824.1 18.06178 2.566 0.78 46.6 1.3 51
2672.9 2842.0 38.12669 5.740 0.72 -60.9 1.3 105
105.5 2811.2 10.53991 3.832 0.69 -88.7 4.5 175
216.1 2850.7 67.76934 4.100 0.78 58.8 1 67
50.8 2816.0 39.93618 33.768 0.27 49.2 4.5 851
413.5 2817.1 10.92514 3.320 0.61 58.9 2 89
1282.5 2837.0 24.91343 4.326 0.65 -12.1 0.5 39
729.9 2832.7 15.61008 3.597 0.59 55.2 1.1 61
668.4 2821.2 8.94328 3.148 0.57 17.6 0.3 25
260.6 2831.8 10.46702 1.544 0.76 36.1 2.4 57
422.4 2872.7 52.87423 4.694 0.56 81.3 0.9 77
2044.3 2831.9 19.91768 5.950 0.47 54.3 1.6 139
2657.6 2840.8 72.58427 30.526 0.75 24.7 4.5 623
2849.8 2857.2 42.18022 2.340 0.82 -81.6 0.9 37
4034.2 2859.9 27.70979 4.411 0.65 84.5 0.8 57
3256.1 2833.5 14.36124 5.354 0.74 -25.0 1.7 107
3060.9 2848.9 38.47509 12.796 0.61 -79.6 4.2 377
2362.1 2902.2 346.67290 5.430 0.66 12.5 1 99
300.9 2854.1 31.10375 4.071 0.80 -79.6 4.5 199
1116.6 2884.0 126.03850 6.253 0.72 28.1 1 101
997.3 2877.9 92.29644 6.940 0.83 32.6 1.5 139
1045.9 2850.5 14.00348 3.337 0.66 63.0 0.5 33
3132.2 2851.3 17.42897 3.677 0.38 37.0 4.3 221
3558.0 2862.1 20.07394 2.938 0.98 48.2 1.1 43
660.0 2859.1 20.54795 4.766 0.57 -71.8 3.7 197
1090.2 2854.0 21.54856 8.434 0.23 -36.5 4.5 529
3670.4 2885.9 92.30817 6.264 0.71 -16.0 1.5 137
2775.9 2867.9 17.63348 2.032 0.78 66.8 0.8 29
1422.4 2946.9 209.65220 6.979 0.65 -40.7 1.3 149
815.5 2864.7 12.30465 4.049 0.80 37.5 0.4 31
3466.2 2857.0 8.10775 1.484 0.24 -49.8 4.5 189
624.8 2857.0 24.05441 21.308 0.82 9.1 4.5 361
3654.8 2886.2 131.29940 35.223 0.48 10.6 3.5 871
1740.8 2881.9 38.71592 3.186 0.88 -52.3 2.7 117
838.1 2869.7 34.96113 16.862 0.27 13.7 4.5 665
2478.5 2876.7 21.43682 4.651 0.63 -8.1 1 71
178.1 2878.3 18.82982 5.298 0.45 -88.6 0.8 79
1289.9 2879.3 28.44500 7.119 0.79 -7.8 2.7 187
18.8 2886.2 44.44072 10.194 0.29 -66.3 0.3 103
1026.8 2889.7 123.12030 19.065 0.30 23.6 0.3 187
4197.1 2878.8 69.72923 14.700 0.71 -85.5 0.3 97
3730.2 2877.1 7.84638 2.094 0.58 64.7 1.9 61
1560.3 2882.4 9.01375 2.471 0.83 18.0 3.4 93
3143.1 2895.9 39.25945 3.701 0.75 -9.1 1.8 97
114.6 2880.9 25.78473 8.206 0.34 -0.6 1.6 217
2586.3 2884.7 13.39226 2.928 0.10 -48.5 4.5 511
3155.1 2903.8 44.46955 8.896 0.53 69.0 2.8 287
1018.4 2889.3 82.44260 20.681 0.45 13.5 2.1 491
4150.9 2908.2 33.15376 5.647 0.94 -73.5 0.6 49
1926.7 2896.4 20.24728 2.438 0.51 -40.6 3.5 139
2874.4 2908.9 32.79590 6.113 0.65 89.4 2.5 179
3407.2 2900.2 23.10705 3.104 0.66 -1.1 1 51
2035.7 2916.0 50.43254 2.654 0.88 -50.5 1.2 51
4190.0 2897.7 83.41396 24.616 0.96 17.2 3.8 475
3693.2 2899.7 37.53073 16.426 0.59 30.5 4.5 467
2872.1 2923.0 36.64275 4.064 0.71 -33.3 1.2 73
4196.4 2908.7 102.30340 33.360 0.34 61.4 3 895
543.8 2899.6 11.59835 3.742 0.55 76.2 1.5 83
15.9 2896.7 41.09901 9.966 0.29 -65.4 0.3 101
231.6 2903.2 23.98252 20.003 0.45 46.5 4.5 483
2322.5 2920.5 38.58860 8.359 0.58 -30.1 4.5 361
1449.0 2911.6 63.20262 37.893 0.53 -67.6 4.5 727
695.6 2918.1 10.45078 2.632 0.77 -11.4 0.9 37
3583.7 2917.5 14.57141 1.852 0.15 -44.6 4.5 299
2166.8 3040.1 240.04800 5.178 0.96 29.7 1.1 85
2302.4 2931.6 22.87571 3.670 0.89 -20.8 0.6 37
493.8 2928.0 12.44805 2.055 0.75 75.5 1 33
3366.6 2934.9 91.13232 54.372 0.55 25.6 4.5 909
3024.1 2951.4 81.23151 6.588 0.69 -15.0 1.7 159
3007.8 2953.9 64.88447 6.909 0.82 -8.5 1.2 111
1294.6 2943.1 30.85505 3.704 0.68 -3.9 1.1 65
2587.6 2954.3 30.67456 4.848 0.80 -88.6 1.5 95
3549.2 2942.7 24.52790 3.224 0.78 22.2 0.8 41
5.6 2943.6 26.08194 3.003 0.66 -47.9 0.7 39
2654.8 2961.8 53.10652 6.349 0.83 -26.4 1 85
3821.3 2948.4 23.11946 3.059 0.69 -50.0 0.3 23
3316.2 2935.4 28.25267 14.125 0.99 5.4 4.5 301
3140.4 2930.1 10.05571 3.788 0.56 -4.0 0.6 41
3859.1 2934.2 9.86998 3.613 0.84 6.8 0.9 43
1889.9 2939.9 27.99550 16.549 0.36 41.6 4.5 533
4006.2 2976.5 73.07690 6.940 0.75 16.1 1.2 121
1783.4 3041.7 811.52810 7.410 0.86 -8.2 1 121
1479.3 2954.9 12.75552 3.242 0.74 37.6 0.3 23
1886.0 2964.0 15.73400 2.996 0.39 -53.6 1.1 65
3769.5 2967.0 19.12550 3.412 0.60 -22.8 0.6 41
1261.6 2976.4 20.90763 3.797 0.72 -27.5 0.5 35
3379.9 2959.1 20.86654 9.004 0.70 -34.8 2.4 195
2606.1 2978.6 28.62963 4.398 0.91 28.7 1.4 77
635.5 2974.8 16.48524 5.193 0.33 3.5 4.5 333
2266.0 3089.5 898.25000 8.964 0.73 39.6 1 155
1473.2 3006.4 25.75388 3.765 0.44 -62.8 0.6 49
3947.4 2979.0 10.58580 2.547 0.69 25.3 0.8 37
2708.7 3008.4 44.12999 3.696 0.72 73.6 1.1 65
990.6 2992.8 18.27896 3.043 0.66 -29.8 2.9 121
2300.8 3005.6 22.77288 3.852 0.85 86.9 0.5 33
1220.6 3087.2 466.95290 7.072 0.72 73.8 1 121
3841.5 3004.9 24.57334 2.457 0.45 -64.5 2.4 111
3439.8 3009.4 28.05412 2.485 0.77 -0.8 0.7 31
3259.8 2989.8 21.01318 10.226 0.94 31.4 3.5 217
3530.4 3047.3 115.82780 6.163 0.81 66.2 0.9 85
2796.8 3015.9 40.64799 2.425 0.93 34.3 1 37
1365.1 3059.2 183.76940 6.981 0.77 -62.4 0.9 99
4098.2 3029.0 59.92568 4.805 0.55 -8.2 0.9 77
3134.3 3001.4 9.17735 0.956 0.17 -7.6 1.1 39
180.8 3017.6 30.49424 5.052 0.87 44.8 2.1 121
3394.9 3010.9 32.36390 7.795 0.54 -20.5 0.9 113
4154.9 3035.0 47.24009 4.453 0.67 86.5 1.3 93
494.7 3007.9 10.30762 3.098 0.58 65.1 2.5 101
1984.7 3012.1 15.64371 3.575 0.80 47.1 4.5 185
3380.2 3009.5 44.70080 14.472 0.37 -5.4 3.6 501
1906.3 3011.3 20.59485 5.412 0.55 -8.4 4.5 251
2427.4 3034.5 49.24979 6.801 0.39 -15.7 1.9 219
2395.0 3011.2 14.88962 3.463 0.63 -2.7 4.5 173
3474.2 3090.6 213.67960 7.381 0.65 -63.8 1.3 157
210.5 3022.0 31.97966 11.336 0.44 13.9 4.5 437
734.3 3017.9 15.98461 3.871 0.80 -30.4 0.8 47
1577.5 3028.2 35.02559 9.443 0.65 63.5 2.4 231
2974.5 3036.1 34.13877 2.690 0.80 -8.4 0.4 25
2547.6 3029.1 21.06673 3.889 0.56 1.8 0.7 53
219.9 3062.3 99.96495 4.665 0.94 49.2 0.9 63
2621.4 3039.5 26.32414 7.176 0.36 30.5 0.3 67
2447.5 3032.7 39.92733 8.795 0.31 -1.5 1.2 205
3773.4 3045.5 31.63303 2.748 0.95 -30.5 1.2 47
2231.7 3041.1 17.02754 4.036 0.57 40.1 2.6 137
1846.1 3129.8 909.72410 8.913 0.63 3.9 1 167
2630.6 3040.8 26.31280 7.188 0.29 27.4 0.3 73
4173.2 3052.2 43.51173 8.715 0.57 47.7 4.5 405
51.6 3046.0 19.23535 3.511 0.59 -69.8 2.1 107
3464.5 3073.7 61.04870 6.013 0.69 72.7 0.9 83
2398.7 3068.2 33.64818 3.741 0.69 14.4 0.6 39
394.9 3072.9 54.51373 3.219 0.81 -36.6 0.9 49
1719.4 3077.7 69.29572 4.110 0.61 2.0 1.2 89
1244.8 3056.0 31.96982 9.456 0.58 -13.6 2.1 225
1069.8 3050.9 9.70204 1.729 0.29 -33.0 2 81
550.9 3096.7 74.02601 5.667 0.67 -46.9 1 91
2995.4 3065.1 13.08215 2.463 0.76 -20.1 0.7 29
1555.4 3076.7 32.37346 4.855 0.87 -0.2 2.9 153
3043.0 3064.7 8.05470 2.412 0.75 -74.5 0.3 19
1414.1 3079.7 30.00017 7.733 0.68 -81.8 0.3 53
2479.7 3092.5 65.17346 3.651 0.87 25.4 1.3 71
715.4 3083.7 60.18248 23.383 0.66 -63.3 4.5 593
1538.1 3082.4 19.01436 8.750 0.92 -71.9 4.5 235
3532.6 3077.9 7.67124 1.798 0.84 70.6 2.6 61
162.8 3105.6 59.62894 5.287 0.79 -28.7 2.8 183
3331.4 3088.3 28.18297 10.218 0.54 1.9 4.5 349
2960.9 3103.8 22.03473 4.245 0.50 65.2 1 77
2493.0 3086.1 30.83261 23.310 0.58 -64.0 4.5 481
2423.1 3121.6 70.09179 3.653 0.79 -11.7 0.9 55
1585.4 3119.7 56.13382 3.239 0.96 -33.1 1.1 51
285.3 3108.8 36.15221 4.723 0.55 24.7 1 81
2806.5 3117.0 34.92803 4.618 0.55 77.0 1.1 91
786.2 3136.7 73.85969 5.669 0.67 -45.2 1.4 119
4071.1 4095.9 28.26436 2.975 0.50 4.4 1 59
3325.8 4088.1 103.66840 6.467 0.56 -65.9 0.8 101
2702.9 4092.3 93.73112 4.325 0.71 -8.2 1 75
2385.8 4093.9 89.03750 4.325 0.97 55.3 1 65
1686.5 4095.8 17.35792 4.534 0.85 12.3 0.3 29
1580.4 4094.7 25.77082 4.866 0.58 80.0 0.8 65
950.8 4097.4 29.14577 11.091 0.83 -65.5 4.5 317
102.5 4096.1 32.33446 4.670 0.69 -10.4 1.5 99
1148.3 4046.6 1526.81000 10.064 0.82 71.2 1 169
1114.7 4053.9 82.66860 3.326 0.99 -25.7 1.6 79
2658.6 4072.8 12.78730 3.685 0.39 69.4 1.6 105
464.8 4057.6 28.41681 13.013 0.33 89.0 4.5 495
3871.0 3950.5 33.56491 3.726 0.78 -11.2 0.6 39
3742.3 3951.2 31.91694 4.160 0.43 -55.7 1.4 107
1907.0 3946.3 96.23370 4.443 0.77 55.4 1.1 81
1050.8 3954.5 14.41152 4.103 0.70 88.2 0.7 49
2517.9 3951.2 24.72615 2.464 0.78 46.5 0.9 37
3137.4 3930.1 57.78432 4.737 0.71 -27.0 1.2 89
2790.4 3902.2 45.80573 3.095 0.76 -56.3 1.2 59
41.1 3908.2 12.21055 4.079 0.59 21.3 0.7 49
2719.1 3883.1 137.53470 7.428 0.62 37.4 0.7 99
4098.1 3887.3 41.72816 3.270 0.81 88.9 0.8 43
1872.6 3879.8 46.01453 3.289 0.66 -60.9 0.7 41
435.2 3710.4 19.53339 4.196 0.35 -3.1 1.4 117
2572.5 3837.2 72.03819 26.654 0.48 7.7 3.3 643
3996.5 3587.0 13.47891 1.943 0.63 76.2 1.5 49
3846.0 3829.0 17.39853 4.058 0.81 62.6 0.5 35
2961.6 3809.9 57.27409 3.606 0.85 -50.8 0.8 49
2439.6 3354.2 58.17548 4.828 0.55 -16.7 1 91
658.8 3698.6 633.79570 8.620 0.50 56.6 1 179
2862.6 3799.2 66.17497 21.535 0.19 1.2 4.5 1005
3229.6 3793.3 18.64332 4.684 0.62 85.1 1.7 105
2940.5 3803.7 32.74782 21.116 0.49 23.0 4.5 523
2374.8 3817.2 23.51489 3.913 0.76 33.6 1.3 71
967.3 3813.9 12.77150 4.205 0.34 -44.7 2.2 153
246.1 3603.2 24.80301 5.355 0.46 58.3 4.5 333
2075.8 3597.6 17.98170 4.808 0.46 -63.4 0.4 49
3394.1 3670.2 335.59060 6.975 0.92 -74.9 0.9 99
1048.5 3748.7 25.69218 4.906 0.71 -74.5 1 73
299.4 3782.9 52.31536 4.724 0.63 64.9 0.7 59
2460.9 3610.5 37.63825 3.911 0.63 -54.2 1 67
2795.7 3801.8 25.64006 4.664 0.60 65.5 0.6 55
3574.5 3730.9 44.33961 10.942 0.47 -59.3 0.3 87
2586.0 3764.5 84.60683 9.043 0.57 -83.9 2.2 271
2747.0 3642.4 21.32821 3.538 0.72 2.4 2 95
3645.1 3590.8 17.16442 3.727 0.96 -39.1 1.6 69
254.0 3666.6 57.73043 8.112 0.54 61.4 1.2 155
1008.5 3676.0 31.88021 4.809 0.93 61.3 0.8 55
3461.9 3621.0 77.09579 5.486 0.84 44.1 0.8 65
2569.5 3680.8 9.94280 3.970 0.87 -72.4 0.3 25
159.7 3614.2 9.67128 2.142 0.95 76.3 1.2 35
259.0 3633.2 106.82770 5.843 0.76 70.6 1.6 139
3582.6 3713.5 60.23524 11.480 0.55 -68.6 2 285
2541.7 3683.1 17.53078 2.555 0.25 -12.5 4.5 289
2733.3 3763.4 25.77414 4.187 0.65 46.5 1.3 81
1077.7 3696.0 101.24640 6.680 0.81 -9.4 1.1 109
744.6 3611.2 60.54762 6.505 0.74 -78.6 1.7 149
3497.6 3712.0 77.76765 5.837 0.78 -50.1 0.9 83
3920.5 3702.2 30.98544 8.043 0.35 79.4 1.1 165
2754.9 3689.9 14.25657 4.472 0.69 59.3 2.9 139
886.3 3637.0 12.34704 3.133 0.79 7.2 0.9 43
3754.0 3598.5 60.15066 44.674 0.24 17.5 4.5 1121
2687.3 3629.4 46.11015 3.243 0.90 37.7 1.1 55
3910.3 3786.0 34.39187 3.397 0.81 48.3 1.5 77
3033.5 3736.0 54.88252 4.332 0.91 -2.1 1 61
551.1 3584.6 26.93851 3.239 0.93 83.6 0.8 39
3094.5 3744.4 15.35351 5.012 0.42 -61.2 4.5 273
1704.0 3515.0 21.98520 11.112 0.66 -79.7 4.5 303
3527.7 3618.8 68.49497 5.728 0.74 1.1 0.8 75
1262.0 3836.2 24.22697 3.787 0.89 46.1 0.6 37
1594.3 3703.3 27.91611 4.350 0.52 -47.6 0.6 53
331.3 3721.0 20.82813 2.756 0.55 -59.2 1 51
4033.6 3719.7 12.33763 4.165 0.24 -77.5 4.5 295
3955.8 3559.5 14.05080 3.321 0.85 73.8 0.6 31
1122.0 3625.1 39.42572 13.009 0.42 29.7 4.5 535
1058.8 3706.8 59.17774 30.734 0.39 -43.5 3.8 741
1254.6 3733.8 25.67211 4.231 0.69 12.4 1.2 77
1697.5 3643.7 35.18771 3.574 0.94 71.3 1.1 55
837.3 3644.4 32.54543 2.972 0.84 39.0 1 47
3133.9 3679.9 12.48722 4.472 0.63 -75.6 2.2 117
624.8 3726.2 20.80637 2.688 0.92 -43.0 0.7 31
3820.1 3626.7 22.88033 7.710 0.69 -21.0 0.4 57
2807.6 3698.9 11.69485 3.559 0.29 -61.3 2.4 159
2562.1 3762.0 31.15322 12.421 0.71 8.6 4.5 381
2538.8 3734.5 27.34134 2.868 0.86 -87.3 0.9 39
3201.0 3631.4 149.42330 6.235 0.62 62.3 0.9 101
1739.3 3620.9 27.32283 2.612 0.77 6.6 1 45
1880.8 3695.1 11.64893 2.375 0.83 -28.4 1.2 41
2824.7 3648.0 26.35872 3.931 0.72 65.5 0.9 57
3257.0 3481.7 11.50074 3.432 0.72 -41.8 0.9 47
2150.7 3703.2 15.76632 2.869 0.92 -72.7 0.9 37
2954.8 3552.7 69.59850 6.938 0.89 51.4 0.9 85
2316.4 3598.5 57.39949 5.071 0.56 89.9 0.9 87
1606.5 3650.7 17.98091 3.162 0.66 -67.6 0.3 25
3016.1 3676.7 104.48250 41.694 0.55 -48.0 3.9 833
269.5 3609.7 40.74239 6.061 0.84 0.0 1.9 135
1457.7 3452.2 187.36230 5.930 0.62 1.7 0.9 101
3795.5 3571.4 67.74510 3.323 0.72 75.9 0.6 41
4003.4 3679.2 33.64234 5.884 0.64 -88.6 0.9 85
514.6 3653.1 40.96991 4.937 0.77 68.4 0.9 69
1562.9 3595.0 111.55090 6.222 0.72 -12.1 0.9 91
2721.1 3646.1 45.86549 4.194 1.00 75.1 0.7 45
363.6 3585.6 48.26088 4.056 0.79 -2.7 0.8 53
119.4 3685.3 18.00230 5.965 0.97 -2.6 4.5 185
3874.4 3640.8 22.95028 3.414 0.71 4.9 0.6 39
3790.4 3567.0 99.83865 4.658 0.77 27.6 0.6 53
2855.5 3650.8 22.28271 10.255 0.25 -3.5 4.5 529
1956.7 3719.1 34.92583 7.650 0.38 -29.0 1.2 169
311.2 3623.0 23.20973 4.028 0.75 79.5 0.9 55
371.5 3648.8 35.58510 5.158 0.70 -69.5 1.3 93
305.5 3395.6 46.81404 3.139 0.95 -66.9 1.1 51
4126.7 3711.0 31.92523 8.768 0.51 3.4 1.1 147
3460.5 3482.2 17.99834 2.872 0.73 -74.3 0.5 27
2515.6 3483.6 21.92387 4.909 0.53 -41.2 2 141
1879.0 3550.8 29.95619 5.344 0.79 4.1 2.7 161
840.7 3680.2 10.92869 1.761 0.06 -22.8 4 315
2605.5 3529.0 83.56367 24.181 0.53 -85.3 2.5 539
1299.6 3652.0 11.28104 3.846 0.66 -48.9 1 59
1951.1 3632.7 35.16789 5.838 0.38 35.8 2.4 229
3489.0 3662.9 29.62999 3.019 0.92 6.9 0.7 33
4080.2 3638.1 41.49893 42.111 0.54 20.9 4.5 631
1871.3 3584.5 44.10875 3.961 0.72 72.5 0.8 53
2815.3 3602.3 11.90135 3.691 0.75 11.3 1 53
3477.7 3356.2 9.81483 2.534 0.37 55.7 0.9 51
3520.5 3865.5 10.73749 3.811 0.48 21.1 1.4 87
2677.4 3485.9 7.88061 2.431 0.56 -38.1 1 43
1782.9 3566.8 35.20723 11.191 0.66 -65.3 4.5 363
4050.3 3625.0 119.60080 4.866 0.90 58.8 0.9 67
1367.1 3602.6 242.02180 6.915 0.82 50.8 1 111
3245.3 3568.2 12.58596 2.594 0.76 -40.4 0.4 21
3534.6 3323.3 47.41446 9.963 0.74 -43.1 0.3 63
555.6 3393.1 29.21781 6.292 0.90 85.2 1.6 111
3072.2 3374.3 108.87860 4.192 0.78 21.1 1 69
7.6 3548.2 10.66617 3.575 0.70 -54.6 0.3 25
140.9 3531.7 26.70149 11.468 0.28 -73.0 4.5 541
154.6 3546.8 27.13777 3.347 0.85 -8.9 0.9 43
1851.6 3500.6 21.78465 4.138 0.41 81.8 0.4 47
519.9 3581.4 14.00009 4.176 0.63 80.0 0.8 53
4035.8 3396.1 11.15507 3.254 0.70 45.2 0.3 25
1173.5 3570.7 121.11650 5.327 0.76 -2.7 1 89
282.9 3513.9 16.48758 4.646 0.38 -8.2 4.5 295
565.2 3322.3 10.56924 2.222 0.67 56.3 4.5 153
3656.2 3487.5 59.11003 4.479 0.55 -25.4 0.9 77
1202.7 3331.1 25.48500 4.733 0.66 20.8 0.8 61
3188.6 3587.6 13.24526 3.335 0.65 78.0 0.6 39
3127.7 3885.1 9.85453 2.937 0.48 44.7 1 55
3046.7 3491.4 11.05184 2.086 0.30 82.9 2.6 115
1434.7 3576.7 177.83660 5.105 0.89 -16.2 1 83
3433.9 3588.3 19.29981 3.378 0.78 29.3 0.5 31
2529.6 3517.7 34.24697 2.998 0.86 51.2 0.7 35
4004.0 3410.4 162.74790 5.074 0.80 27.5 1.1 87
1018.0 3453.4 63.99097 20.401 0.51 -66.5 4.4 585
148.6 3506.9 28.52021 6.899 0.28 -75.9 4.3 395
304.1 3543.7 10.81429 3.516 0.58 -72.0 0.3 27
199.3 3534.7 11.77214 3.254 0.72 -20.8 0.9 45
804.1 3871.4 26.95815 2.601 0.73 -75.3 0.8 37
3866.8 3496.5 50.25440 5.143 0.59 -48.7 1.1 95
686.5 3404.2 33.65017 4.696 0.70 -66.1 1.4 95
315.0 3489.5 275.60230 5.374 0.94 -47.3 1.1 93
3263.9 3548.9 11.78637 1.817 0.85 74.4 0.8 25
3505.5 3476.7 31.53221 22.009 0.42 62.0 4.5 563
3515.5 3504.9 70.49846 4.050 0.90 77.7 0.9 59
159.4 3417.3 38.25672 11.807 0.46 57.4 4.1 415
2588.1 3559.9 511.58400 8.139 0.58 -69.0 1.1 169
3135.4 3791.2 14.40688 3.749 0.73 9.7 0.4 31
1656.4 3374.7 19.03181 3.339 0.50 -56.4 3 149
2254.6 3563.9 17.94551 3.058 0.62 47.4 1 53
2345.5 3326.9 12.11429 3.606 0.66 51.8 0.8 49
786.9 3894.5 34.20784 4.709 0.62 -19.1 1.2 87
3769.3 3641.2 32.08302 9.544 0.62 -85.8 2.6 249
1774.3 3584.2 32.45419 5.624 0.56 -37.5 3.4 229
3153.8 3550.2 13.33837 2.055 0.61 77.4 2 67
3160.4 3475.8 38.55687 24.064 0.80 2.8 4.5 435
2015.9 3523.4 23.41719 3.835 0.70 -59.5 1.2 67
3030.6 3663.8 100.42970 8.318 0.74 -45.0 1.3 153
2103.3 3760.4 14.10031 3.453 0.88 -5.6 0.9 43
3562.0 3927.7 28.25305 11.552 0.87 -79.7 4.5 309
3436.2 3379.1 9.33642 3.115 0.73 55.9 0.8 37
432.7 3506.4 15.05301 3.635 0.79 9.6 1 51
2272.9 3802.8 21.41773 5.074 0.67 -52.2 1.4 99
32.8 3469.4 15.52808 3.107 0.56 53.3 0.6 37
3708.0 3507.3 28.74961 5.390 0.62 -54.9 3.5 213
2112.3 3475.3 10.19230 2.286 0.85 -41.1 3.8 95
2057.7 3723.1 22.50631 5.113 0.61 60.5 0.6 53
2110.5 3472.5 10.14738 2.533 0.98 41.2 1.7 51
498.0 3848.9 12.51511 2.918 0.55 -89.7 0.9 47
3164.4 3451.9 18.51251 4.600 0.16 -85.4 4.1 381
2493.4 3444.7 7.96280 1.344 0.98 -84.8 4.5 79
897.7 3589.7 22.03555 4.437 0.67 -21.3 2.7 145
263.0 3909.9 38.25600 4.600 0.80 -83.8 0.7 51
2876.7 3301.2 57.74647 3.210 0.88 -61.5 1 49
714.1 3462.3 12.05923 2.615 0.82 5.3 1.2 43
448.0 3443.6 35.57682 3.607 0.68 -40.1 1.5 83
3776.1 3606.0 34.09246 13.999 0.22 10.0 4.5 663
29.1 3423.5 27.55183 4.527 0.56 40.5 0.9 73
3368.3 3503.7 25.25500 2.595 0.94 -17.4 1 39
3322.5 3834.9 445.52710 6.943 0.66 -68.2 1 123
1118.8 3828.1 101.29210 4.848 0.78 40.9 1.1 83
3723.6 3496.9 100.38960 5.301 0.95 -8.9 1.3 97
1016.2 3440.9 57.33091 6.084 0.74 60.2 1.6 133
3371.8 3369.8 528.75980 7.463 0.64 77.5 0.9 131
3750.1 3458.9 9.42274 2.214 0.41 -88.4 2.9 109
3909.5 3409.4 41.44115 2.985 0.72 -63.1 1.6 77
773.1 3387.0 21.96216 8.555 0.52 -67.8 3.9 283
1346.8 3443.5 27.51021 4.061 0.50 -28.2 1.1 79
2197.0 3479.4 20.47952 4.345 0.67 17.4 0.9 63
4051.8 3460.0 25.60679 3.844 0.77 50.5 1 59
3000.5 3761.5 36.50639 3.122 0.85 61.6 1.2 55
1712.2 3468.6 161.93130 6.249 0.87 49.9 1 93
1216.3 3426.1 19.62174 4.513 0.92 14.6 0.7 45
830.3 3451.6 22.64513 6.482 0.53 71.0 0.3 53
3892.9 3715.5 43.46561 3.774 0.62 -26.8 2.6 149
1672.5 3241.5 14.20813 3.997 0.58 28.0 0.3 33
3606.2 3403.1 79.42678 5.221 0.95 -73.8 0.9 69
3218.9 3434.0 37.50336 9.600 0.55 60.8 4.5 385
2203.8 3406.8 15.16522 2.784 0.89 58.4 0.4 21
1141.6 3853.3 37.51022 37.622 0.37 45.0 4.5 709
2834.3 3438.1 29.71325 2.721 0.90 18.1 1.6 63
3788.7 3909.8 31.68420 2.385 0.89 29.0 1 37
4133.9 3401.8 43.16406 17.805 0.67 88.2 4.5 463
2387.2 3950.9 73.42270 10.096 0.56 58.2 4.1 419
859.1 3365.4 9.15585 3.471 0.64 31.8 0.5 33
9.0 3353.3 12.63375 3.611 0.64 1.8 4.5 181
1527.6 3402.3 131.01060 5.542 0.76 -1.0 0.9 79
3206.4 3409.8 50.15794 4.628 0.81 30.0 1.2 83
1060.6 3374.0 111.17350 6.073 0.69 62.6 1 101
2065.8 3105.0 19.83205 6.039 0.46 -10.2 0.3 49
3321.3 3392.9 14.14719 3.521 0.77 32.4 0.3 25
2909.5 3188.4 23.74031 2.921 0.90 -32.4 0.9 37
787.8 3471.9 7.78540 1.439 0.45 20.9 1.7 49
422.3 3408.5 34.92881 3.723 0.80 -48.6 0.6 39
160.1 3378.4 202.79350 5.139 0.71 -74.8 1.2 105
1787.1 3905.0 19.72105 3.388 0.63 67.5 0.3 25
1933.4 3221.0 107.35810 6.015 0.85 80.4 0.9 85
1296.6 3309.3 22.34951 3.872 0.72 -42.1 0.7 45
4158.7 3379.9 122.36370 7.041 0.58 65.1 1 123
473.5 3418.7 15.91108 3.385 0.73 75.4 0.6 35
2516.7 3300.6 9.06797 3.248 0.82 -72.0 0.6 31
385.1 3332.0 27.17985 16.098 0.45 88.7 4.5 449
49.9 3385.1 9.17925 0.779 0.07 -44.4 2.6 121
3551.6 3377.1 109.71550 5.145 0.69 45.3 0.9 81
956.6 3290.3 16.07012 7.117 0.47 -39.5 4.5 317
3780.0 3222.6 558.15090 6.990 0.76 -44.4 1 123
105.8 3338.8 44.32398 3.353 0.88 80.7 0.7 37
572.1 3388.9 40.91534 5.561 0.58 -5.4 1.6 135
1986.7 3795.5 98.26140 6.088 0.83 -69.9 1.1 97
2132.0 3868.8 22.63810 3.497 0.62 -73.7 1.5 81
3471.9 3287.1 139.91000 4.914 0.88 41.4 0.9 71
650.0 3990.3 72.09546 5.014 0.57 51.2 1.2 105
3195.5 3301.1 745.73190 8.711 0.60 26.2 1 163
1709.6 3363.7 22.23549 3.422 0.70 82.0 1 53
3763.9 3384.0 7.83206 2.667 0.46 5.2 0.6 33
177.5 3356.1 65.27774 26.835 0.57 -62.1 4.5 675
2958.2 3251.7 37.77548 4.510 0.86 -32.0 1.1 69
2749.7 3280.5 198.45060 6.913 0.63 -10.5 0.9 111
1675.5 3336.9 24.68435 2.456 0.74 -32.4 1.1 45
2873.7 3259.2 196.80800 5.453 0.96 39.8 1 79
655.1 3228.6 14.57516 3.282 0.56 -9.5 0.9 51
2344.8 3284.3 18.20368 4.803 0.69 -6.0 3.6 173
925.1 3330.4 87.93111 6.174 0.57 -17.7 1 105
2193.5 3272.8 62.85769 3.021 0.77 33.3 0.9 47
2454.4 3806.5 20.91602 3.590 0.82 -78.4 0.7 39
3546.8 3312.5 62.08854 6.267 0.93 -11.1 2 147
1730.8 3219.0 25.50541 7.314 0.61 -29.4 0.4 57
622.5 3300.3 24.01397 3.857 0.70 -15.5 1.4 77
3868.2 3358.4 17.55511 4.551 0.53 -55.7 1.3 91
2572.5 3193.5 11.24205 1.766 0.26 27.4 2.3 103
3298.6 3313.2 23.78360 2.336 0.78 -4.8 1.1 41
1410.2 3403.1 33.47616 10.506 0.88 -73.2 3.7 263
4097.4 3347.1 180.62600 7.843 0.53 68.0 1.1 161
4044.1 3279.8 14.09979 2.842 0.44 32.8 3 137
3127.9 3306.5 40.99610 11.870 0.26 -28.7 4 553
705.8 3100.2 56.38396 41.476 0.99 60.1 4.5 529
3388.8 3281.9 274.92940 5.968 0.92 57.7 0.9 83
3649.6 3218.1 67.87299 8.597 0.46 -68.7 0.8 133
463.1 4031.9 29.72120 18.773 0.27 80.7 4.5 655
532.0 3326.6 23.23505 3.467 0.62 80.3 1 59
3630.6 3290.5 8.86601 2.514 0.61 -29.3 0.8 35
1783.8 3262.1 68.20130 5.453 0.57 -89.1 0.9 91
2824.7 3324.9 15.72284 3.925 0.59 71.1 0.6 47
3426.7 3948.0 124.95850 15.712 0.55 76.5 1.1 259
22.5 3258.9 32.65252 3.137 0.82 24.4 1.4 63
1506.0 3308.7 14.18540 2.815 0.67 45.4 4.5 173
3974.9 4055.4 24.61238 3.303 0.66 46.3 1 57
117.7 3217.6 25.40827 6.542 0.80 63.3 2 141
1776.3 3293.3 49.38766 2.403 0.85 17.5 0.9 39
3847.3 3339.8 28.68347 3.834 0.61 61.3 2.9 155
183.0 3103.1 36.37343 11.978 0.64 -31.5 2.6 285
343.5 3176.2 115.52930 9.586 0.43 77.1 2.4 367
254.8 3283.8 16.11402 2.081 0.46 58.1 2.1 85
3991.3 4037.9 33.02409 13.059 0.46 -37.1 4.2 421
846.4 3119.4 18.39363 9.795 0.42 82.3 4.5 339
1317.1 3220.0 17.65855 4.250 0.46 -81.9 0.6 53
191.0 3291.1 36.17412 6.295 0.49 -31.7 0.6 79
1297.5 3248.7 46.04372 3.553 0.84 85.4 1.1 59
229.5 3206.0 29.14554 3.461 0.94 37.8 0.7 39
64.3 3257.7 11.72230 2.657 0.59 -58.2 0.6 31
3669.7 3232.1 36.09602 5.643 0.75 27.9 4.5 261
1249.4 3249.1 56.29411 5.295 0.88 -48.6 0.9 69
350.1 3203.0 97.99254 6.542 0.66 37.6 0.7 83
1277.3 4060.8 11.15255 4.140 0.37 55.9 0.4 41
1734.3 3259.0 32.43451 4.400 0.41 2.4 0.4 47
3331.3 3224.3 38.30848 3.525 0.93 -25.3 0.7 37
2587.0 3734.0 83.57347 4.350 0.89 -89.8 1.3 85
2406.6 3243.2 13.73829 2.718 0.73 74.8 0.8 37
3804.5 3672.2 40.44302 5.619 0.93 -78.2 0.8 65
401.9 3231.8 21.83161 2.746 0.62 56.4 0.8 41
2896.4 3812.7 22.61051 5.652 0.28 72.8 4.1 329
3180.1 3821.8 11.79162 3.603 0.79 -2.7 0.3 25
4067.9 3888.8 37.37074 7.327 0.62 -23.0 2.2 197
879.0 3162.1 15.40947 4.193 0.74 -38.2 3.4 145
291.6 3174.2 17.52172 4.418 0.90 -53.7 1.2 65
2209.6 3799.9 52.13335 2.814 0.90 -49.8 1 45
3259.3 4025.8 20.81492 14.358 0.44 -20.2 4.5 427
108.9 3203.0 40.76827 24.057 0.27 63.7 4.5 763
4031.3 3762.1 101.09730 5.160 0.69 31.7 1 85
3584.0 3249.7 18.71416 3.424 0.70 -50.3 1.5 73
1525.0 3485.4 32.23030 4.333 0.85 -28.8 0.8 51
1504.9 3883.5 14.50586 2.516 0.97 83.5 0.5 23
3219.9 3198.7 15.62115 2.891 0.54 12.1 1 51
2864.6 3926.3 12.97253 3.564 0.80 -19.4 1.2 57
514.7 3712.9 53.86759 4.628 0.68 38.5 1.5 107
4166.8 3225.5 17.07979 3.513 0.72 -2.3 0.6 37
2929.1 3286.7 27.47956 5.402 0.52 -59.1 2.4 177
111.6 3148.8 15.90435 3.695 0.24 15.7 0.6 69
4158.4 3872.8 73.04944 3.870 0.95 71.1 1.1 63
367.1 3852.1 10.41888 2.927 0.53 -72.2 1.4 65
342.8 3621.1 30.96297 3.045 0.82 10.8 0.7 37
3794.3 3815.1 11.14366 2.986 0.64 -22.9 2 83
2534.1 3164.3 10.42339 1.644 0.32 -7.9 1.7 67
1302.3 3126.4 25.70946 6.536 0.58 33.8 1 97
3700.5 3144.3 11.97820 3.292 0.59 17.7 0.9 51
3476.7 3220.1 10.97186 3.037 0.77 89.2 0.4 23
2488.5 3104.8 108.11450 55.993 0.64 83.2 4.5 903
430.2 3127.0 10.75395 3.512 0.79 53.8 1 49
1298.9 3123.3 26.18552 7.015 0.56 33.9 1 105
1920.7 3892.7 63.89227 4.389 0.49 -64.9 1.2 101
1370.0 3214.6 14.18650 3.034 0.62 -75.4 0.9 47
3635.8 3226.5 62.19475 7.178 0.59 -82.6 1.2 137
3291.0 3158.7 48.07252 4.836 0.59 -44.1 0.6 55
2503.2 3929.8 19.05155 3.095 0.97 1.2 1.1 45
3180.8 3105.0 9.36620 2.294 0.59 -49.3 0.6 27
1732.9 3203.9 37.18054 5.192 0.72 -83.1 2.1 143
3932.1 3201.3 71.84900 14.995 0.55 -66.2 3.2 447
781.5 3840.8 12.26285 1.949 0.26 32.0 4.5 195
538.1 3194.4 16.31149 4.619 0.94 -32.0 0.9 55
1033.5 3181.5 22.49790 8.580 0.36 49.4 4.5 403
3240.6 3968.0 42.85056 4.915 0.74 -40.6 0.8 63
3190.5 3160.1 13.44662 3.131 0.76 65.5 1 45
3609.2 3170.0 24.94284 4.061 0.75 20.8 0.7 49
2212.9 3711.2 37.20311 3.246 0.82 -5.3 1.4 69
1469.1 3968.8 11.44298 3.079 0.70 -34.7 0.9 43
4052.2 3919.5 29.78175 7.074 0.31 57.1 2.7 299
2270.8 3989.4 19.49623 6.698 0.65 48.6 0.7 73
2246.0 4018.5 13.33496 3.118 0.46 10.0 2.8 129
2913.9 3128.0 42.58505 7.492 0.77 17.1 3.2 231
1840.7 3193.0 20.15203 2.999 0.77 -75.5 1.1 49
3363.6 4029.2 34.75331 7.371 0.40 -64.7 0.8 115
383.9 3751.9 19.98253 4.346 0.39 50.1 4.5 295
2680.3 3965.8 32.16144 14.199 0.67 77.4 4.5 375
4043.2 3909.0 24.19724 7.597 0.43 59.5 1.9 201
2318.4 3870.9 12.59843 3.306 0.63 -15.9 0.5 31
1539.5 4088.0 11.63539 3.502 0.91 17.4 0.8 39
686.2 3888.5 17.91996 7.039 0.73 -0.3 0.3 45
2710.5 3160.6 30.26539 6.650 0.63 44.4 0.8 85
1710.1 3771.0 100.14860 6.082 0.70 87.6 1 95
1889.0 3141.2 62.23204 41.492 0.44 37.5 4.5 819
3860.2 3909.0 12.89368 5.065 0.37 -2.3 4.5 281
1284.2 3115.7 38.43157 14.687 0.27 32.1 4.4 603
3373.5 3726.0 190.01930 4.752 0.80 -29.9 0.9 75
1675.9 3922.5 40.43382 11.833 0.75 52.8 4.5 357
1934.1 3989.5 17.63937 4.149 0.62 -14.4 0.8 55
1437.2 4063.5 2569.41500 10.887 0.88 21.4 1 181
2491.9 4059.4 14.88667 2.552 0.91 -43.0 0.9 35
3895.3 4064.2 157.72190 6.374 0.88 -38.6 1.1 103
2347.2 3112.8 18.73024 3.336 0.88 -52.5 0.6 31
1129.6 3166.5 13.95862 3.196 0.55 38.7 1.6 81
2038.2 3909.9 11.08264 3.287 0.60 -66.9 0.5 33
2472.0 3133.4 75.34922 11.669 0.53 -38.9 4 457
4124.6 4027.7 13.03418 3.581 0.36 -74.4 4.5 225
3766.0 3176.6 55.08950 5.135 0.72 -71.3 0.8 71
1974.9 4084.8 32.62962 15.452 0.35 -9.4 4.2 511
606.5 3586.8 36.40489 3.801 0.86 0.5 1.5 77
2485.9 3999.0 23.21343 2.200 0.54 -58.9 4.5 235
3927.9 3879.0 892.39140 7.100 0.78 -12.6 1 133
2420.7 4015.3 34.30098 6.152 0.74 -84.8 1 91
512.6 3918.8 16.40423 3.459 0.58 -81.2 3.7 159
1677.9 3945.7 86.66030 47.482 0.50 -74.5 4.5 895
1286.4 3176.3 16.82051 3.528 0.89 -59.0 1.2 55
1290.6 4032.2 16.53078 4.474 0.23 -69.5 4.5 345
976.0 3145.9 31.31441 8.998 0.43 28.3 4.5 433
2520.3 3895.0 9.42896 2.044 0.72 21.3 0.5 21
2031.5 3667.6 157.81550 5.180 0.69 -78.7 1 93
3916.8 3913.7 36.35505 6.534 0.75 -40.8 1.9 145
484.0 4004.2 23.92498 3.042 0.98 59.9 0.6 31
2321.0 4053.5 28.44691 16.273 0.23 23.0 4.5 651
1858.8 3908.9 27.97541 3.738 0.83 14.9 1.2 65
2016.3 4049.5 206.71060 5.429 0.81 -43.0 1.1 95
1970.3 4084.5 17.47848 5.600 0.62 -11.7 1 85
3501.1 3134.8 21.04628 2.392 0.85 18.6 1.5 53
3413.5 3125.9 9.85654 2.540 0.38 -13.4 1.1 59
3554.8 3901.9 73.97450 2.647 0.87 78.6 1.1 49
1167.1 3133.1 19.01171 4.766 0.46 27.7 0.8 71
1894.0 3790.3 16.70852 5.516 0.56 -67.7 1.1 93
1690.4 3924.1 68.30213 33.377 0.56 -64.0 4.5 693
2055.1 3108.1 24.43838 4.601 0.75 -9.1 1.7 103
4180.8 4040.7 34.33937 4.543 0.90 33.6 0.8 53
53.6 3119.2 19.29306 3.607 0.68 -48.1 0.5 33
2571.5 3957.7 21.15878 11.699 0.24 38.0 4.5 519
2824.0 4025.9 27.47645 5.174 0.34 -64.8 1.3 135
1369.1 3921.7 29.72818 3.493 0.54 -38.0 0.6 41
3113.8 3100.1 16.58125 3.475 0.44 19.4 1 69
1650.3 3530.9 87.90312 4.356 0.90 -89.5 0.8 57
1635.8 4061.5 31.47043 12.775 0.50 -30.2 4.5 465
149.1 3973.6 184.83980 5.307 0.87 -85.3 1.2 97
2296.8 4040.5 11.56426 3.355 0.48 -45.5 4.5 217
2147.7 4045.2 46.33136 5.895 0.39 -4.2 1.3 143
3283.5 4011.7 10.62099 2.770 0.28 -32.4 4.5 245
2663.4 3825.6 38.45577 4.515 0.64 -43.0 1.4 97
2881.1 4079.4 10.97104 3.498 0.58 -23.4 0.8 51
3350.4 4007.6 41.89050 13.916 0.45 57.3 4.5 505
2735.3 3219.5 9.25777 3.327 0.87 89.2 0.3 21
1493.8 3914.6 10.88570 2.930 0.30 76.7 2.9 153
572.7 3976.1 15.27761 3.130 0.47 24.6 0.6 41
4044.7 4007.3 10.98657 3.462 0.79 58.6 0.3 25
2081.4 3975.3 43.98924 3.609 0.91 4.9 0.9 47
3155.9 4081.5 25.83782 3.330 0.70 -73.9 2 95
3049.5 3949.0 345.98660 8.067 0.76 -79.7 1.1 145
2762.4 3346.0 41.55294 3.105 0.88 43.7 0.7 35
733.3 3386.7 13.20475 2.857 0.87 63.4 0.6 29
331.1 4001.5 41.33691 6.495 0.41 -77.7 1.1 137
3649.0 4088.4 18.11646 6.586 0.69 -20.1 0.6 61
2818.9 3986.7 210.43860 6.075 0.61 -67.7 0.9 105
59.6 3965.8 17.19466 4.077 0.32 -89.0 4 243
2267.9 3754.3 69.77230 2.742 0.90 -53.3 0.9 41
1070.0 3986.5 20.07609 3.390 0.79 -74.3 0.9 47
2838.1 3892.1 7.95811 2.876 0.60 -8.9 0.3 23
3711.5 4039.0 16.60070 4.345 0.79 -27.0 2.9 131
58.5 3988.2 26.37185 6.613 0.29 -77.8 4.5 433
1170.0 4003.6 102.31380 12.893 0.69 -37.1 1.8 281
1012.2 3924.3 9.69062 1.890 0.81 -8.7 3.3 79
783.0 3732.4 81.15170 5.490 0.71 -45.3 1 87
3680.1 3298.8 23.25216 4.775 0.49 31.6 0.6 59
4193.2 4025.7 45.66054 17.123 0.33 -38.2 3.5 567
1463.6 4039.9 79.20660 4.779 0.93 -39.9 2.7 165
125.6 3993.0 38.60161 13.611 0.53 -24.9 4.5 437
2387.1 3912.5 416.82910 8.348 0.82 35.8 1 127
2851.2 3835.7 8.47776 1.446 0.36 25.6 2.9 89
1055.7 4005.9 19.39692 2.909 0.90 64.8 1.3 53
3939.5 3990.0 10.75506 2.916 0.50 49.8 4.5 169
3562.5 3826.3 45.01708 5.889 0.78 25.6 1.4 107
166.3 3954.9 70.63476 6.347 0.72 -50.5 2 169
567.4 4008.6 36.35207 3.947 0.73 43.5 0.8 55
616.9 3976.5 111.35030 5.538 0.86 -22.3 1.1 91
118.4 3866.0 18.40112 2.771 0.89 -18.3 1 39
2686.9 3976.9 68.03516 4.646 0.62 82.3 1.6 121
69.9 3568.3 33.52855 3.584 0.62 -86.8 0.8 51
398.8 3285.4 646.61270 7.080 0.79 -85.5 1 123
3989.4 3955.9 14.72482 2.477 0.17 -22.2 4.5 331
1963.0 3947.3 20.50261 3.422 0.27 -89.7 3.5 233
3123.5 4001.6 26.25322 3.622 0.74 -66.1 1.4 75
1508.6 4005.5 67.28468 5.308 0.51 12.0 1.1 105
1227.3 3972.8 593.97490 6.953 0.81 0.9 1 113
2788.1 3489.5 8.87354 2.810 0.54 -55.1 1.1 51
3510.0 3931.7 45.21250 3.567 0.99 -87.8 1 51
3628.6 3958.4 12.93601 3.579 0.48 -53.1 1.8 103
3046.7 3923.6 51.42915 10.029 0.83 13.9 3.2 273
688.4 3987.2 13.84852 5.837 0.63 -21.8 4.5 229
3177.9 3945.6 40.02597 3.185 0.76 89.3 0.7 37
1430.5 3965.4 17.20295 2.868 0.86 -12.3 0.8 35
3681.6 3878.8 7.88825 1.984 0.40 29.2 2 73
1404.9 4005.8 24.65293 3.219 0.71 -87.5 0.8 43
4194.3 3899.8 111.63610 5.788 0.60 -59.1 0.9 97
1733.4 3855.8 497.17040 6.956 0.97 -83.2 1 105
356.0 3936.9 14.91407 3.828 0.71 -41.5 1.8 91
1225.2 3707.6 63.87624 5.088 0.86 -44.5 1.2 89
2888.7 3889.5 28.47876 3.502 0.78 9.5 0.5 33
1902.9 3911.7 58.07956 20.456 0.57 -64.8 4.5 591
1200.0 3867.6 19.12921 3.739 0.85 -47.5 0.5 33
