1 795.0566 112.2999 20.1559
2 1918.4506 52.6597 20.8406
3 2199.7327 14.6029 19.5436
4 2247.8228 10.8059 20.8413
5 995.3016 11.3017 20.9308
6 1191.1462 129.9296 21.1734
7 424.7924 165.9891 20.0256
8 3260.5271 116.7526 21.8663
9 2963.0696 129.7897 21.7622
10 3502.6665 419.1182 19.2178
11 3381.9089 179.1316 21.6256
12 2042.9949 360.8206 18.5184
13 1491.9542 216.6746 21.8431
14 387.4659 454.3211 17.4746
15 1705.1655 443.2352 19.5085
16 3377.647 262.798 21.407
17 311.4348 263.3216 21.5275
18 1967.1333 324.1706 20.5848
19 200.4396 395.8943 19.4226
20 694.8532 321.6824 21.8249
21 3163.8826 376.728 21.4784
22 2977.0786 380.9216 20.6015
23 2419.2747 362.6349 21.3661
24 3899.9319 464.6982 20.8248
25 274.2975 428.7973 21.0331
26 502.8772 425.6326 21.7331
27 2551.6013 510.0797 21.897
28 1839.6519 576.536 20.1525
29 2089.2295 724.903 18.1297
30 1747.8278 542.2362 21.7155
31 1889.8617 627.3007 20.6529
32 1766.7203 603.4547 21.6952
33 2327.8606 596.505 21.9091
34 118.8173 625.1912 21.2488
35 2813.8962 644.4609 21.9926
36 261.5796 664.5272 21.0672
37 3569.7227 683.6868 20.9976
38 1017.1363 675.2151 21.9728
39 3395.4053 774.3403 19.454
40 1136.2506 699.4238 21.3289
41 373.8479 883.0396 18.9311
42 126.6338 859.1844 20.6796
43 1041.236 923.9411 20.5488
44 3439.0566 920.301 20.3682
45 1471.3021 1175.0641 18.1055
46 598.9625 947.5233 20.1118
47 2460.3352 1071.4778 17.8213
48 426.6552 916.3596 21.9406
49 4049.6721 1094.8062 18.2365
50 1855.439 1020.4678 21.4288
51 986.4811 1045.3604 21.8144
52 2345.9346 1160.7069 20.9213
53 3985.8721 1200.5481 19.4703
54 3617.1501 1162.3862 21.5291
55 416.8955 1171.2361 20.9025
56 2598.021 1221.838 20.6501
57 2893.1819 1211.4651 21.8609
58 2668.3281 1237.4188 21.2782
59 1675.6053 1334.5686 21.8179
60 424.1675 1388.6194 21.5312
61 3902.0715 1489.5172 19.8104
62 2271.8567 1438.5968 20.7223
63 1005.4924 1433.8823 21.2154
64 2886.887 1435.6169 21.6597
65 3716.3918 1480.5701 21.6123
66 2266.3154 1515.4423 20.7664
67 311.3602 1593.8822 20.8342
68 2980.4912 1593.7062 21.5356
69 838.0445 1638.176 21.3932
70 1068.5338 1619.4175 21.7809
71 1882.052 1683.9828 21.068
72 1182.484 1656.8574 20.761
73 171.2476 1729.6425 19.8733
74 3659.062 1811.5929 20.967
75 1748.8275 1783.3154 21.1331
76 922.5827 1712.8737 21.812
77 319.9685 1770.4653 21.5432
78 1434.8899 1934.152 20.1806
79 4173.376 1897.0411 20.2205
80 2922.2131 1859.5945 21.3172
81 3020.0474 1871.6554 21.7035
82 169.2123 1928.7084 20.028
83 399.1567 1966.7383 20.0581
84 1893.1635 1976.067 21.9533
85 2794.5454 1960.4171 21.6389
86 3022.8196 1944.6188 21.7828
87 1794.8123 1958.0868 21.2387
88 1663.826 2019.657 21.7444
89 4046.4905 2149.3875 19.5586
90 2531.0227 2098.24 21.5931
91 1606.5155 2102.1233 21.9405
92 3241.636 2140.0671 20.9802
93 548.5571 2118.4861 21.518
94 3109.8052 2195.249 21.9933
95 2632.4424 2239.3083 21.6674
96 1091.332 2312.2659 21.1547
97 306.8994 2302.9277 20.9122
98 2213.4158 2344.7563 21.917
99 1043.2363 2419.415 21.3789
100 2774.6548 2422.2693 21.142
101 342.1628 2519.4941 19.9591
102 2010.6084 2446.6812 21.7622
103 3668.0698 2469.7173 21.2659
104 2400.0068 2588.3794 19.332
105 526.8126 2786.6013 17.049
106 239.8102 2530.5901 21.1124
107 2040.5061 2569.1348 21.6279
108 4032.0388 2595.4634 21.2618
109 2386.1973 2621.3936 21.1616
110 1801.1333 2600.2339 21.1088
111 2844.1968 2632.426 21.0912
112 243.6847 2625.8391 21.3137
113 493.5262 2632.6777 21.0999
114 3476.0627 2628.4675 21.7997
115 919.8087 2694.7039 21.1825
116 2991.5198 2731.075 21.0349
117 1549.0593 2778.5977 20.7663
118 272.2943 2757.5842 21.3449
119 2313.7793 2774.1243 21.6797
120 3041.0845 2890.3501 18.6984
121 3451.9045 2797.8914 21.3419
122 854.4815 2942.5068 19.112
123 3621.1526 2870.1523 21.9156
124 2362.019 2902.2261 20.8477
125 1422.4281 2946.3093 21.4985
126 2266.1284 3089.7751 19.8685
127 1783.3696 3041.7158 19.958
128 2166.998 3040.1792 21.2525
129 1365.0579 3059.2683 21.633
130 1220.4042 3087.2778 20.5753
131 1846.3209 3129.8206 19.8717
132 3473.468 3093.0134 21.5908
133 3895.3928 4064.3628 21.7851
134 1367.0879 3602.3755 21.3204
135 658.7751 3698.4375 20.2684
136 2031.4746 3667.3784 21.7682
137 3394.3376 3670.4148 20.9742
138 3371.8669 3369.679 20.4193
139 3201.0801 3631.5149 21.8923
140 2588.4568 3559.0408 20.5144
141 1434.9266 3576.5042 21.5897
142 1712.2861 3468.2517 21.7589
143 2386.895 3912.5039 20.7177
144 3373.3691 3726.1077 21.5383
145 1457.4319 3452.4189 21.604
146 314.9415 3489.4609 21.0872
147 4003.9653 3410.8083 21.6866
148 1527.3118 3402.2595 21.9474
149 160.1467 3378.4031 21.4607
150 3471.8298 3287.3994 21.9227
151 398.8262 3285.4221 20.1691
152 3195.4199 3301.0339 20.0802
153 4097.2017 3346.304 21.6825
154 2749.4766 3280.6045 21.4988
155 3388.6978 3281.7009 21.2081
156 2873.9275 3259.4458 21.4476
157 3322.5354 3834.9792 20.6157
158 3779.9219 3222.4275 20.3618
159 1148.2845 4046.4963 19.2879
160 1437.1473 4063.5066 18.7644
161 149.0114 3973.7466 21.5838
162 3928.0159 3879.0869 19.8307
163 3049.5474 3948.6331 20.922
164 2015.5511 4050.5925 21.3669
165 1733.4268 3855.708 20.51
166 1227.119 3972.8093 20.2978
167 2819.2673 3986.8093 21.407
