795.1 112.3 680.54190 7.260 0.79 78.6 4.5 571
2177.2 62.2 193.31090 30.125 0.77 -62.0 4.5 915
1918.5 52.7 353.21410 6.653 0.77 -58.3 4.4 453
1206.7 55.0 65.90320 8.929 0.70 77.7 4.5 477
2199.7 14.6 1548.23500 13.188 0.62 -62.5 4.5 1053
123.4 29.8 81.36998 5.066 0.54 67.5 4.5 355
2247.8 10.8 572.99570 14.784 0.52 -71.9 4.5 1089
995.3 11.3 445.34570 11.350 0.81 70.8 4.5 661
704.4 17.5 24.02234 14.297 0.25 11.2 4.5 591
277.3 8.6 156.43910 11.896 0.79 17.2 4.5 621
2725.8 10.4 23.36743 2.112 0.46 -68.9 4.5 177
1990.2 8.8 20.50761 5.172 0.70 -8.9 4.5 253
3572.1 6.5 8.14930 0.244 0.80 -88.8 4.5 51
3993.4 4.3 39.91063 4.012 0.51 0.8 4.5 261
3153.1 41.6 34.05773 3.678 0.54 56.5 3.3 183
1681.4 47.3 67.02828 2.924 0.87 -41.4 4.5 205
2224.0 29.0 254.81660 32.902 0.42 -35.5 0.8 457
450.7 31.6 23.10476 4.637 0.59 -71.9 4.5 273
1797.0 29.4 15.96084 3.302 0.57 -39.9 3.3 143
3987.6 49.0 34.85929 5.286 0.85 68.3 2.9 163
2448.4 42.7 29.71724 4.053 0.77 -12.6 4.5 211
3601.2 52.1 63.61011 5.855 0.87 -0.3 4.5 307
973.7 37.2 87.51483 60.712 0.64 -16.7 4.5 851
1410.0 56.5 39.76366 3.888 0.61 -6.7 4 213
1191.1 129.9 254.05320 5.395 0.86 -78.1 3.8 311
2406.4 44.1 10.97391 1.029 0.25 49.3 4.5 185
2745.8 45.4 10.10333 0.640 0.15 44.5 4.5 177
3592.2 41.7 37.54050 35.295 0.81 58.3 4.5 481
537.6 47.3 7.05519 0.461 0.06 -45.2 3.5 127
795.2 76.1 217.96290 84.230 0.58 -40.3 4.5 1363
1462.3 57.6 21.54313 5.554 0.85 85.5 3.2 163
2196.5 50.8 242.81240 40.337 0.49 -27.7 1.2 649
424.8 166.0 844.34310 11.940 0.81 -41.4 4.5 823
3986.1 55.9 29.91675 6.555 0.82 -59.6 3.1 191
3914.2 99.4 32.81576 6.113 0.28 25.9 2.2 253
2921.5 74.9 41.98137 2.302 0.69 39.3 4.5 181
3419.6 58.7 28.45919 14.194 0.17 72.0 4.5 745
2382.4 67.6 14.63117 2.726 0.42 50.3 3 137
4156.0 68.0 8.78102 2.544 0.49 -12.3 0.7 37
2119.4 71.0 43.54769 15.434 0.21 -29.4 2.4 559
2125.2 65.9 20.29557 3.909 0.03 -29.2 4.5 831
3428.5 73.0 14.85765 4.203 0.75 -64.4 2.2 107
804.5 76.1 142.62940 21.545 0.64 -80.8 0.3 145
3260.5 116.8 126.67560 4.768 0.76 -21.2 2.4 181
2390.5 82.1 19.86326 3.957 0.81 87.2 2.3 109
3645.5 103.2 82.30008 4.457 0.88 -27.7 3.6 209
2105.9 89.1 102.88080 20.971 0.55 83.2 3.6 609
2106.8 93.0 99.54295 18.463 0.61 84.6 3.4 525
3326.4 79.0 17.16736 2.543 0.25 11.0 4.5 303
2963.1 129.8 158.31020 6.473 0.53 -89.5 4.1 417
3574.9 74.9 13.33869 4.989 0.75 74.4 0.6 47
3502.7 419.1 1545.46000 8.086 0.92 87.1 3.8 563
734.1 91.1 29.62171 4.163 0.55 -11.8 4.5 237
2104.7 107.2 86.94711 28.546 0.48 -78.7 4.5 829
1780.7 104.6 34.78923 3.771 0.95 13.1 4.1 167
245.9 95.8 21.31367 2.763 0.80 73.0 4.5 161
1263.4 90.6 10.76303 1.581 0.61 51.9 4.5 123
2742.4 100.1 18.78184 3.977 0.53 -15.7 2.2 125
2958.4 110.8 117.51930 53.815 0.56 79.3 4.5 967
2013.8 111.1 36.40254 3.289 0.30 36.7 3.8 261
550.3 112.0 44.51068 3.665 0.66 32.1 4.5 321
2673.1 107.2 20.33463 3.112 0.61 68.4 4.5 181
864.1 127.6 78.61452 21.932 0.70 -19.0 4.5 627
3134.9 118.7 45.65311 4.512 0.81 60.0 4.5 225
3016.8 102.5 58.38025 24.797 0.32 6.3 2.8 669
2573.1 102.3 22.91721 20.672 0.43 12.9 4.5 489
3003.9 106.8 77.10934 42.177 0.42 3.1 4.5 915
473.8 123.1 50.38383 5.422 0.69 57.5 4.5 331
123.6 133.7 54.94407 2.897 0.56 -16.6 4.5 285
465.5 110.0 71.77988 45.301 0.71 84.9 4.5 693
565.5 128.9 34.96657 5.554 0.62 56.7 4.5 319
171.0 119.6 24.42322 7.041 0.24 -62.7 4.5 531
1583.6 117.8 19.29158 2.486 0.79 10.0 4.5 169
1956.0 163.8 132.56350 8.567 0.66 -76.0 4.5 469
1114.9 119.2 13.39713 1.601 0.40 2.1 1.6 57
1970.1 145.9 102.73390 7.784 0.81 -28.9 4.5 479
872.1 124.0 93.53923 38.263 0.41 -20.1 3.9 909
3372.1 135.8 20.37069 4.293 0.94 -28.6 2.8 123
3381.9 179.1 170.20670 6.875 0.87 -87.6 3.7 321
3864.8 136.9 11.56824 2.724 0.58 -85.9 4.2 139
2027.2 149.1 39.63004 2.347 0.73 37.5 3.3 127
1694.2 136.2 12.87834 1.871 0.80 34.3 1.6 45
402.0 132.0 71.93246 62.695 0.93 -26.2 4.5 661
857.9 152.0 27.31301 7.438 0.66 -48.6 4.5 321
1099.4 158.5 21.30851 4.568 0.56 69.9 0.3 37
2097.7 153.3 11.60129 1.922 0.52 62.9 2.3 79
3511.0 176.4 117.71130 15.112 0.65 -34.7 4.5 609
587.6 170.5 36.67907 2.002 0.84 43.2 3 97
1943.9 168.2 60.90537 21.183 0.73 -51.4 4.5 515
2328.6 193.1 65.92787 7.275 0.55 77.2 3.9 341
3705.5 161.1 47.77214 29.788 0.66 44.8 4.5 565
2873.6 160.9 20.94187 5.789 0.55 -1.9 3 195
3975.1 186.0 65.33363 8.168 0.48 44.2 3.4 355
3169.6 160.0 14.30148 2.298 0.30 -63.1 4.5 231
3717.5 174.3 55.35646 4.070 0.78 51.2 4.5 291
2338.9 159.3 44.08028 27.655 0.82 -84.8 4.5 485
3967.0 176.1 110.52390 35.227 0.49 31.0 4.5 929
3797.9 187.4 96.44569 4.245 0.70 -21.7 3.5 231
1982.5 162.5 46.92299 36.649 0.68 41.4 4.5 579
2043.0 360.8 2880.69400 7.430 0.94 16.6 3.9 611
2917.1 167.5 20.00257 9.326 0.60 69.4 4.5 323
1399.5 188.7 61.82163 3.854 0.78 88.8 4.5 239
2685.7 173.7 17.26462 2.241 0.89 5.0 1.6 51
244.3 174.2 22.46646 2.537 0.81 -20.0 1.5 57
1045.3 170.1 22.30120 6.136 0.88 -57.3 4.5 247
3484.4 165.8 47.13387 34.043 0.55 36.5 4 607
1366.7 168.3 13.83987 1.344 0.38 -2.8 3.8 115
4179.4 172.1 15.02129 3.030 0.43 5.9 3.2 153
327.4 160.4 7.69558 1.144 0.26 18.4 2.2 69
4113.1 182.0 20.71923 3.367 0.48 -30.3 1.8 105
1246.8 202.7 67.86573 3.665 0.99 -57.5 4.5 235
3519.9 176.6 140.39220 56.596 0.83 19.4 4.5 885
3899.1 174.7 23.45470 4.456 0.54 12.2 4.1 213
4071.1 197.0 55.37609 4.994 0.91 -12.4 3.8 207
3192.8 178.3 15.64173 2.220 0.48 17.4 2.8 109
2994.6 173.4 11.90001 2.721 0.45 -66.4 4.4 165
1492.0 216.7 150.35160 6.120 0.93 44.7 4.5 327
3943.3 181.5 47.47237 22.097 0.53 -41.6 4.5 587
3950.2 171.3 97.23225 40.663 0.75 14.7 2.5 609
2937.2 178.3 18.63660 3.355 0.47 -28.4 4.5 247
43.2 190.3 19.68998 1.567 0.61 64.7 4.5 173
4141.4 200.5 29.91842 5.939 0.74 28.2 2.9 183
896.5 213.8 81.84195 2.856 0.70 64.7 4.5 279
3113.9 198.7 50.48759 11.647 0.82 -45.2 4.5 423
3145.7 187.2 11.49315 0.612 0.03 -34.9 4.5 447
4190.0 194.5 9.35334 2.273 0.69 -37.4 0.9 33
2937.3 222.1 79.63521 6.966 0.83 -70.4 3.7 275
1807.6 191.7 8.93502 1.275 0.17 42.1 3.4 137
1198.5 220.4 124.28010 27.688 0.82 -7.8 4.5 717
2283.4 195.6 18.14673 4.560 0.17 -48.3 4.5 483
1805.5 233.7 115.43380 4.764 0.74 -0.4 4.5 313
1939.4 212.0 21.29646 2.313 0.60 80.8 2.3 89
2384.4 201.1 21.24321 4.307 0.12 21.7 4.5 581
348.3 198.8 8.16283 1.085 0.28 14.4 2.6 75
387.5 454.3 7482.73100 10.571 0.55 -41.0 4 1243
1332.0 213.7 14.53128 2.421 0.77 33.5 0.7 31
2266.9 210.3 11.53955 2.840 0.68 -58.8 2.8 99
4141.0 204.6 26.47638 4.885 0.95 64.1 1.6 89
1388.5 212.2 24.75209 7.109 0.46 -30.5 4.5 379
1188.1 202.8 49.65459 13.721 0.53 44.5 0.3 101
1907.0 220.1 22.70867 1.917 0.54 7.3 3 107
1705.2 443.2 1206.28900 7.721 0.99 79.6 4.3 557
3377.6 262.8 236.82990 9.484 0.56 -28.4 4.5 631
3592.3 213.2 8.76492 1.585 0.36 -37.5 3.5 109
1767.4 246.6 170.98650 34.674 0.79 -40.9 4.5 893
3175.8 220.1 23.06434 8.386 0.67 0.8 4.5 293
1183.7 219.8 120.47700 39.763 0.42 7.8 2.7 885
3901.5 234.9 36.97274 4.879 0.85 76.6 4.5 253
3161.6 219.5 37.59861 26.985 0.45 -7.8 4.5 599
311.4 263.3 195.23770 5.746 0.89 45.8 4.5 377
1852.7 228.4 16.26164 3.903 0.19 78.6 4.5 433
1893.9 240.3 26.54381 8.020 0.43 -40.9 3.9 323
1216.7 227.5 49.04601 23.713 0.42 13.6 4.2 619
367.9 254.7 53.54391 2.791 0.41 18.6 4.5 255
941.0 237.7 22.51546 5.896 0.61 75.6 4.5 303
2514.7 248.9 25.27203 3.831 0.82 -26.1 1.8 89
2407.5 245.9 32.56916 13.499 0.52 -61.0 4.2 397
2520.5 247.3 28.83568 6.018 0.55 -15.8 4.5 297
2912.1 297.2 45.14131 6.249 0.39 47.1 4.5 413
2915.5 249.1 9.80710 0.706 0.13 -42.1 4.5 233
1145.2 246.2 25.79588 9.894 0.34 83.3 3.9 393
4072.2 354.4 74.78166 9.374 0.68 -53.9 4.5 465
3320.0 262.4 67.45948 17.584 0.45 9.6 4.5 699
1967.1 324.2 458.32510 6.628 0.90 -32.6 4.2 425
2754.0 273.2 38.72969 2.479 0.85 -33.6 3.7 135
389.2 271.4 40.65184 6.468 0.32 49.3 4.5 461
3248.1 282.8 49.79506 4.179 0.64 -85.5 4.5 313
940.9 266.0 28.63568 4.398 0.86 -14.7 4.5 215
1873.4 269.7 17.73635 3.162 0.88 70.1 2.2 83
200.4 395.9 1354.77700 9.400 0.82 85.4 4.2 699
1643.6 263.1 13.93587 3.017 0.15 -81.4 3.9 287
509.8 260.5 9.81577 2.562 0.27 -76.0 4.5 207
1151.8 259.4 17.67671 7.906 0.53 46.2 4.5 303
3394.5 270.4 79.23266 31.739 0.64 -33.5 4.5 671
1348.4 287.3 46.07194 1.817 0.78 -62.6 4.4 141
1589.6 289.1 56.86913 2.466 0.87 66.5 4.2 161
3940.3 286.4 51.80729 4.066 0.80 25.3 4.4 215
2879.9 261.6 44.45205 47.737 0.24 43.6 4.5 995
1669.0 276.2 28.43750 8.021 0.80 6.1 4.5 301
3337.8 266.2 63.79406 24.970 0.14 9.1 3.5 1129
2830.1 269.5 13.50408 3.354 0.66 45.0 2.8 115
614.5 271.7 27.61534 13.498 0.73 -88.0 4.5 363
1754.6 285.4 18.63206 2.979 0.79 87.7 4.2 141
1245.9 283.1 13.29796 2.104 0.83 18.8 2 59
694.9 321.7 149.63640 6.340 0.59 30.8 4.5 425
276.1 293.8 23.44478 3.066 0.44 50.1 1.4 85
65.1 297.5 35.49583 3.491 0.61 35.3 4.4 211
480.1 296.6 11.60669 1.489 0.21 -60.0 4.5 193
3587.9 309.1 42.57804 5.100 0.81 -82.6 4.5 297
2899.5 286.5 19.31218 6.591 0.66 -13.5 0.6 63
1395.8 296.6 11.40274 2.374 0.62 50.9 2.3 81
2695.0 289.6 11.04291 3.543 0.48 -32.4 0.3 31
3991.3 322.8 62.83767 5.053 0.73 29.9 3.8 241
2296.4 310.0 18.71662 3.054 0.60 -1.1 1.3 65
2727.4 331.5 58.04718 3.433 0.76 -74.4 2.5 133
2817.2 303.7 7.44827 1.198 0.17 -39.1 1.8 73
3163.9 376.7 195.61640 6.821 0.50 -55.3 3.6 421
2977.1 380.9 427.03810 6.967 0.83 -43.5 3.4 369
2028.3 313.7 141.45860 72.117 0.81 -45.8 4 923
2419.3 362.6 212.64830 6.445 0.73 29.0 4 375
459.1 323.2 15.08035 2.212 0.20 -9.8 1.7 105
2966.2 338.1 41.26441 35.794 0.54 67.2 4.5 611
1470.2 328.9 11.30957 2.417 0.15 49.1 4.5 377
2123.2 328.1 22.68797 12.251 0.98 14.7 4.5 281
2323.9 345.2 20.75799 2.606 0.84 -72.9 1.1 43
65.1 353.1 55.81530 4.420 0.61 35.8 4.3 261
1339.4 343.9 14.84684 1.792 0.73 23.4 1.1 35
3902.8 343.0 10.81205 2.400 0.83 -70.3 1.3 45
1682.3 376.3 89.92340 7.959 0.66 72.9 4.5 409
3899.9 464.7 355.24110 7.974 0.71 -77.1 3.5 431
2591.2 373.7 65.95275 30.117 0.52 -88.3 4.5 725
4051.6 380.8 39.39700 2.841 0.84 -11.7 3.1 125
2554.3 376.6 24.23454 2.347 0.79 76.0 1.7 61
2591.3 390.6 64.76931 3.588 0.85 -32.4 2.8 143
2401.0 373.6 137.51670 28.995 0.46 -42.1 1.7 577
274.3 428.8 288.83740 5.260 0.74 -69.9 3.7 337
341.9 377.2 14.95664 0.970 0.18 30.3 2.6 97
394.4 387.8 71.88245 6.922 0.91 -54.5 4.5 377
1241.6 385.5 29.29211 6.174 0.59 -58.5 2.6 193
502.9 425.6 217.33380 13.986 0.77 54.1 4.5 727
4131.1 369.6 15.31760 4.814 0.40 10.8 4.5 261
2393.8 384.6 103.76130 40.979 0.58 -39.2 4.5 875
1413.4 393.0 37.96701 4.454 0.29 42.0 3.3 281
3409.7 379.7 13.29784 1.871 0.35 28.8 4.5 195
1066.5 396.0 55.83342 5.641 0.84 -29.2 4.5 319
2922.8 403.2 89.30514 5.163 0.54 -37.4 4.4 339
294.9 392.0 15.16831 0.322 0.04 -75.1 4.5 195
342.6 414.1 122.71310 26.755 0.45 84.0 4.5 963
3752.2 399.4 22.62596 3.867 0.53 74.4 4.5 251
3629.5 389.4 6.38450 1.177 0.40 -28.3 3.5 83
4034.1 406.5 28.15572 2.908 0.48 21.4 2.7 139
2663.4 404.1 12.41739 1.585 0.55 -80.9 4.5 165
1404.3 418.6 62.47194 5.151 0.66 -69.3 4.5 415
2477.2 401.8 13.84752 3.540 0.53 25.1 1.6 87
4074.7 411.2 23.30076 4.782 0.38 -77.1 4.5 321
2734.2 415.0 33.23124 7.919 0.54 88.5 4.5 393
346.3 432.3 446.79080 116.758 0.54 -83.2 4.5 1979
1884.8 421.9 28.52674 3.867 0.46 -15.7 4.5 249
1390.9 452.3 45.49863 5.870 0.46 78.9 2.8 245
1902.5 416.5 13.43226 5.605 0.45 -23.1 4.1 227
3464.7 451.9 213.46460 47.974 0.89 -46.8 4.5 977
634.7 424.0 9.35239 3.463 0.53 -52.1 0.6 39
664.6 478.1 86.44942 5.484 0.66 -55.5 4.5 423
4073.9 432.8 28.88558 22.902 0.42 -89.1 4.5 549
233.2 448.8 52.14073 18.546 0.57 26.9 4.5 575
213.1 433.1 168.73740 41.318 0.52 21.2 1.8 725
2595.9 445.8 26.55511 6.538 0.81 85.6 0.6 63
2551.6 510.1 133.18350 6.313 0.60 -67.4 3.5 331
1853.6 435.3 79.00230 34.502 0.25 -86.0 3.6 1035
1618.4 445.3 14.90229 1.229 0.18 70.1 2.7 121
1820.8 460.0 27.00650 6.739 0.70 -77.6 0.7 75
4066.6 450.3 16.98225 6.309 0.72 7.4 4.5 231
4150.7 453.8 33.28450 12.095 0.88 -5.3 4.5 337
1933.2 483.9 96.15578 6.236 0.66 38.5 4 321
2595.7 453.3 27.13282 6.602 0.74 -73.4 0.8 75
1759.3 454.2 30.68155 8.518 0.57 -17.0 4.5 371
1481.4 454.8 21.36184 2.658 0.61 -38.4 4.5 197
2504.8 456.2 9.68527 1.928 0.70 9.9 0.6 23
1990.7 475.5 35.09365 2.906 0.46 -21.0 2.1 121
1919.9 484.8 59.14858 7.641 0.87 9.1 3.6 261
2037.5 461.8 6.98719 1.687 0.97 -71.2 1.7 37
4168.9 464.1 50.35936 22.816 0.26 25.8 3.2 719
4179.0 467.8 42.56066 32.319 0.50 21.6 4.5 635
790.5 474.2 16.51192 3.621 0.29 67.3 4.5 345
1559.2 492.5 51.29482 4.919 0.76 38.0 4.5 251
4087.0 489.8 23.85238 3.287 0.70 67.9 2.5 115
1839.7 576.5 635.81790 5.351 0.97 -56.7 3.8 355
2153.1 513.8 45.24880 3.289 0.87 16.9 4.5 191
1723.2 499.9 21.73874 2.496 0.63 57.4 4.5 189
2089.2 724.9 4222.52500 10.591 0.52 -49.4 3.7 1055
1747.8 542.2 142.19750 3.633 0.98 -45.1 3.1 173
3490.6 498.7 8.59102 2.436 0.53 29.6 1 45
558.7 508.7 17.22237 4.148 0.37 -86.0 0.8 69
1943.8 520.2 30.05533 4.459 0.91 60.4 2.2 113
1318.1 513.2 25.07106 6.010 0.66 -74.6 4.5 295
521.9 520.2 42.25595 7.098 0.76 -61.7 4.5 327
1548.6 503.7 38.90202 21.383 0.99 -15.2 3.5 347
867.3 513.8 42.51031 26.463 0.44 -32.5 4.5 647
3174.3 522.4 18.62016 2.212 0.93 64.8 1.1 37
3292.5 532.7 32.34890 2.710 0.64 13.1 1.9 87
1597.6 529.9 17.67143 2.726 0.74 -84.7 3.1 111
1205.7 525.3 15.32726 3.410 0.55 53.8 2.5 121
2510.1 513.7 48.08060 33.055 0.69 16.3 4.5 569
2.9 525.1 10.07037 0.609 0.07 -82.9 4.5 323
3909.3 596.2 26.70734 3.398 0.82 12.3 4.2 161
2662.2 529.5 17.77006 3.434 0.49 27.9 2 111
2485.9 527.8 30.17674 24.823 0.45 -23.0 4.5 551
297.2 549.1 59.58350 6.051 0.74 52.6 4.5 373
3865.5 550.6 17.11880 4.855 0.46 -60.6 0.4 45
1225.8 536.7 18.74813 5.191 0.86 -38.3 4.5 231
2357.1 553.9 32.45761 9.399 0.26 57.8 4.5 543
1015.2 572.7 87.75783 6.284 0.48 64.3 4.5 465
3222.3 544.5 27.77860 6.041 0.78 -44.7 2.5 159
1724.8 546.2 48.03190 14.941 0.58 -4.0 4.5 477
1360.1 546.1 23.86833 7.060 0.33 87.8 3.6 325
509.7 540.8 94.51968 29.930 0.22 -59.0 1.3 689
4139.5 581.3 103.46700 4.312 0.64 86.0 2.9 207
249.1 543.1 9.96045 0.501 0.36 -71.8 4.5 77
2090.9 564.7 40.11438 2.362 0.89 -17.7 2.3 83
61.0 546.1 43.15477 29.318 0.31 5.0 4.5 795
502.7 562.9 41.92485 5.002 0.79 36.8 3.4 193
1438.6 577.2 78.89555 3.644 0.85 -35.0 3.3 173
3406.0 565.3 19.36487 2.366 0.77 -84.4 1.8 63
1889.9 627.3 403.56980 5.433 0.99 71.5 3.7 313
2985.5 558.0 12.95798 1.800 0.89 86.3 4.5 113
759.9 568.4 24.26452 3.672 0.65 6.4 3.5 163
1766.7 603.5 161.07720 6.360 0.52 -28.4 3.6 383
3637.0 561.8 41.15563 24.554 0.64 71.2 4.5 523
3358.1 576.9 45.44556 2.283 0.63 -58.8 2.4 101
1536.1 557.4 18.18332 6.836 0.28 -72.8 4.5 409
2037.5 556.1 13.16488 3.524 0.35 75.7 4.5 281
2327.9 596.5 126.10370 4.664 0.99 -29.1 3.3 203
3637.5 582.4 78.93570 13.277 0.67 66.4 4.5 543
3563.3 566.7 20.61902 2.645 0.10 -23.2 4.5 557
1365.5 561.1 34.89297 28.573 0.47 69.5 4.5 587
118.8 625.2 242.75430 7.420 0.54 -13.4 4 489
1050.4 583.2 41.58540 4.936 0.60 80.2 4.5 295
1497.1 584.6 43.75487 2.601 0.63 -44.5 3.7 163
83.2 574.3 18.47804 2.867 0.46 63.0 4.5 199
675.4 590.5 62.19956 4.633 0.64 24.0 4.5 307
4042.5 589.8 80.14383 24.611 0.58 -66.0 4.5 697
2548.3 572.3 10.33352 3.384 0.60 -21.8 2.2 97
4022.9 598.9 63.10970 7.088 0.84 -26.4 4.5 325
3148.2 588.6 25.53658 3.589 0.62 14.2 1.9 105
1972.5 579.7 13.64711 6.231 0.69 -42.7 0.4 47
3644.1 593.9 109.59320 67.801 0.60 64.9 4.5 975
941.7 608.1 40.28973 2.910 0.72 84.4 4.5 217
2651.0 587.8 8.50572 1.418 0.23 -52.5 1.7 71
540.6 593.4 10.67488 1.612 0.29 -34.6 3.8 137
1352.5 617.9 96.84220 13.103 0.49 -20.6 4.5 673
2160.4 593.8 15.00774 4.664 0.14 -87.6 4.5 449
2112.1 595.4 10.94611 3.261 0.82 30.4 4.5 171
4050.4 604.3 38.18879 19.662 0.37 57.5 4.5 631
2813.9 644.5 107.23840 5.232 0.56 -42.3 1.7 155
1336.0 622.9 99.52930 17.758 0.71 -35.3 4.5 629
3124.5 607.4 19.68892 2.074 0.42 6.0 3.8 151
261.6 664.5 290.90570 5.531 0.72 -60.9 4.5 435
3752.7 608.3 25.22673 12.215 0.79 -42.9 3.2 261
4111.3 638.1 90.44973 3.945 0.94 25.5 2.6 143
327.0 613.0 30.38004 12.663 0.60 48.7 4.1 351
329.8 623.3 54.80007 18.974 0.63 61.9 4.5 559
1733.1 617.3 41.14108 15.606 0.35 -3.6 4.5 599
1625.8 641.2 37.75496 4.246 0.52 -47.4 1.5 107
3569.7 683.7 339.19180 8.346 0.65 28.1 4.5 563
626.2 662.3 126.44610 5.275 0.85 -11.1 4.5 349
1771.8 620.1 40.55817 25.883 0.85 11.0 4.5 439
521.2 635.6 26.29783 3.207 0.60 -82.4 3 143
2725.5 656.3 94.89187 6.287 0.69 22.7 4.2 323
2890.7 631.9 9.94672 2.218 0.54 -85.9 2.3 79
1017.1 675.2 122.85850 6.454 0.79 -47.2 3.1 259
676.5 651.6 62.59650 5.348 0.78 -44.4 4.5 351
2508.1 637.9 12.93762 3.645 0.16 -65.6 4.5 357
2588.9 670.2 80.77513 4.398 0.87 -87.3 3.8 219
2388.7 645.9 26.83550 6.860 0.32 -3.5 2.9 293
3395.4 774.3 1230.10600 7.836 0.86 70.8 3.6 511
2193.6 640.5 26.28806 17.075 0.12 36.9 4.5 919
430.0 678.6 89.61821 5.231 0.99 -34.9 4.2 245
335.2 666.6 52.25244 3.259 0.92 86.7 4.5 201
3255.7 642.4 13.44754 5.426 0.37 -7.1 4.5 305
1136.3 699.4 295.90310 11.207 0.66 -41.3 4.5 755
2296.1 664.4 19.50347 4.052 0.89 -57.3 4.5 177
165.5 681.6 70.01294 2.279 0.82 20.4 4.5 201
656.7 680.1 146.28560 49.493 0.62 -33.9 4.5 1007
1274.0 673.2 57.42262 17.952 0.30 -42.9 4.5 809
4123.4 675.2 34.29287 5.620 0.74 59.6 4.5 261
1432.3 675.7 71.66581 37.368 0.90 -79.1 4.5 595
3607.4 678.9 69.22880 23.973 0.86 86.5 4.5 553
3603.4 663.5 39.89065 38.920 0.65 -71.8 4.5 551
2172.9 673.7 74.56428 39.903 0.33 -37.9 4.5 1003
1403.8 671.6 17.65925 4.701 0.44 -81.3 1.4 113
2528.8 676.1 14.41969 1.666 0.49 0.7 4.5 135
1553.7 691.2 45.90501 4.475 0.73 -64.2 3.9 211
1114.1 695.1 264.96690 74.929 0.63 -13.7 4.5 1363
3529.5 674.5 59.04179 38.208 0.86 31.8 4.5 551
3075.0 697.3 40.37229 5.839 0.37 65.8 4.4 355
3339.1 687.4 21.09109 2.473 0.70 -62.1 3.6 125
2723.5 697.3 41.42743 3.081 0.80 -59.7 4.5 207
1067.9 689.1 19.73549 3.376 0.77 39.7 4.5 181
2833.0 683.0 9.58433 3.301 0.81 40.4 0.5 29
1767.8 694.6 22.54216 2.438 0.44 78.3 4.5 233
469.0 716.2 146.90870 46.908 0.52 52.8 4.5 1089
2587.3 720.9 77.55161 3.762 0.58 89.7 3.9 243
1431.8 700.2 70.94058 24.226 0.47 -76.1 4.5 683
1431.5 707.4 66.79404 24.459 0.47 -63.1 4.5 717
2494.8 699.3 19.46471 5.384 0.97 84.5 2.3 119
575.3 737.2 125.84550 8.117 0.55 46.6 4.5 541
1535.8 705.3 45.36609 19.959 0.49 -23.1 4.5 597
1833.0 714.3 32.67715 2.602 0.51 46.0 2 101
1106.9 709.4 188.35990 79.879 0.90 44.9 4.5 1019
465.0 706.0 82.64337 37.179 0.64 51.8 4.5 743
1799.8 706.9 10.21323 0.576 0.19 68.3 4.5 119
551.5 720.7 50.12127 11.987 0.31 20.0 4.5 687
85.7 719.1 20.43787 2.644 0.45 -31.3 3.9 171
480.3 718.1 63.84917 21.510 0.47 -5.2 4.5 701
1938.0 748.1 99.54373 4.822 0.92 22.4 4.4 259
2253.2 717.1 19.71324 11.832 0.28 -64.9 4.5 501
2417.6 717.9 13.55096 4.406 0.42 -47.5 4.5 243
1759.4 721.6 32.81693 27.132 0.64 -72.3 4.5 487
2588.1 733.8 39.56018 17.610 0.61 80.2 4.5 473
4060.1 739.3 29.53207 6.572 0.91 -51.3 4.4 219
1015.0 724.3 12.40293 5.263 0.23 50.5 4.5 377
1135.4 750.5 69.05989 8.437 0.61 30.0 4.5 431
344.2 736.8 21.12133 7.455 0.44 4.6 4.5 311
2829.5 755.4 57.85735 3.548 0.87 -50.5 3.5 169
483.3 748.1 43.76167 10.883 0.37 41.6 4.5 579
1655.3 739.2 12.86079 2.582 0.22 -33.4 2.8 167
3071.8 746.7 39.44135 17.121 0.88 73.6 4.5 407
364.9 747.3 30.94329 14.772 0.28 85.1 4.5 575
2327.7 768.0 66.95356 2.575 0.83 23.3 3.2 135
2623.5 751.7 17.74336 2.687 0.48 -77.0 2.3 107
1756.6 764.0 72.43275 7.643 0.59 1.3 4.5 425
2875.9 753.3 15.53431 2.106 0.46 -23.9 4 141
373.8 883.0 2047.67800 7.281 0.86 -22.0 4.5 699
1047.7 751.8 11.36600 1.980 0.30 10.9 3.7 149
3176.9 756.9 11.53448 2.731 0.55 -48.5 0.4 25
3719.6 775.4 132.31080 26.847 0.59 -52.5 4.5 851
1774.3 766.6 60.50790 11.383 0.63 -27.8 4.5 423
3732.8 769.8 127.61150 32.340 0.75 0.5 4.5 799
3894.7 760.7 43.71696 16.403 0.52 38.0 4.5 545
3240.5 781.3 76.25184 4.913 0.77 -54.5 3.4 219
115.0 768.9 20.70415 2.312 0.81 50.0 2.5 83
3445.6 765.8 51.13719 18.824 0.48 22.6 4.5 561
3452.2 772.8 56.66936 31.806 0.64 29.4 4.5 621
3100.3 769.3 9.40526 1.246 0.58 -6.8 4.5 109
3069.7 777.2 28.40356 2.205 0.59 37.3 4 149
2580.1 781.0 68.57815 19.921 0.98 -16.8 4.2 421
715.9 797.5 80.35474 6.115 0.57 33.9 4.3 343
2240.9 784.3 45.38192 13.627 0.79 20.8 4.3 361
1499.0 790.6 17.54470 1.865 0.59 75.1 2.1 69
2534.2 787.6 55.18221 17.856 0.40 -19.3 4.5 693
2576.0 789.8 73.70472 51.275 1.00 -87.4 4.5 605
3504.9 779.8 10.37430 2.377 0.52 -16.4 0.7 33
3702.2 782.9 56.48722 38.136 0.46 2.5 4.5 763
3118.9 790.7 19.77055 2.142 0.46 -89.3 4.5 167
2257.0 784.4 35.52592 17.417 0.38 -10.8 4.5 593
2371.8 785.4 12.96795 3.426 0.30 65.8 3.4 195
1613.1 794.0 20.62739 12.415 0.43 -29.4 4.5 413
126.6 859.2 433.79890 7.506 0.99 -37.9 4.5 463
2927.9 832.8 114.69770 7.279 0.77 -49.8 3.6 315
2404.3 836.3 111.99440 5.329 0.96 -32.3 3.2 213
3429.5 799.6 139.40430 26.270 0.51 -14.1 0.7 299
2968.9 818.8 60.83623 11.590 0.87 -77.8 4.5 431
2481.5 810.7 16.32951 3.184 0.39 -73.8 4.5 281
2788.4 817.8 18.13980 3.168 0.43 24.7 0.3 29
263.7 827.8 29.09101 3.496 0.27 -76.0 4.5 331
313.5 818.1 12.93168 2.466 0.39 30.5 2.3 109
3017.1 808.8 20.28590 6.690 0.58 -47.8 1.2 113
4165.9 819.8 56.32239 37.107 0.34 -57.3 4.5 875
4150.9 828.3 66.16972 38.502 0.75 77.1 4.5 635
3839.2 824.6 8.84096 1.244 0.46 36.8 4.5 129
3200.3 835.3 16.52361 3.170 0.40 -61.5 3.7 183
1472.9 839.6 29.35788 7.988 0.51 46.9 4.5 335
3987.2 830.1 29.29350 18.567 0.28 -7.1 4.5 651
2122.0 834.2 18.30309 5.537 0.65 71.7 1 83
1041.2 923.9 492.13490 7.997 0.88 86.3 4.5 529
3127.9 843.4 11.47392 1.042 0.36 35.7 3.7 97
30.3 869.9 101.21240 7.512 0.72 42.2 4.1 351
3439.1 920.3 519.89430 5.813 0.81 31.0 3.4 355
954.0 875.3 121.10200 6.510 0.64 -8.5 2.7 257
1713.2 850.0 14.45307 2.479 0.57 -13.1 4.5 173
1471.3 1175.1 4200.07900 7.761 0.83 39.9 3.9 733
1385.0 850.0 7.01872 0.290 0.02 39.4 0.9 33
2922.1 869.0 71.11220 15.191 0.59 -68.1 4.5 607
878.6 860.3 13.73072 2.440 0.44 -89.2 4.5 225
451.0 867.1 25.57999 2.163 0.42 11.1 4.5 271
908.3 862.1 19.91522 9.582 0.78 2.5 4.5 293
599.0 947.5 719.49230 7.682 0.64 -29.4 4.2 607
3197.9 867.3 24.28225 8.139 0.71 -72.4 3.1 219
967.6 877.3 123.81490 40.413 0.76 22.8 4.5 821
2792.2 890.3 69.68426 4.104 0.71 -47.8 4.5 327
2460.3 1071.5 5420.76200 10.093 0.82 -2.4 3.6 817
1477.9 886.2 34.40093 8.779 0.99 27.8 4.5 285
2163.4 874.4 13.81715 1.875 0.78 5.8 2.8 75
2543.3 870.1 9.91473 2.024 0.59 -13.2 3.7 105
1291.8 899.2 55.79875 2.646 0.96 -44.4 4.5 237
1227.8 882.0 32.59166 12.157 0.61 -8.2 4.5 409
698.3 882.7 21.52510 2.560 0.81 -69.9 2.1 77
426.7 916.4 211.00750 18.765 0.73 53.6 4.5 833
1633.8 897.0 31.55418 2.803 0.56 -74.1 2.8 135
1216.3 878.2 49.31763 28.870 0.56 25.3 4.5 609
77.6 903.6 66.65301 6.230 0.73 -23.3 4.5 405
2102.9 890.6 10.90542 2.395 0.54 14.9 0.4 23
3559.1 894.0 23.81949 5.151 0.83 26.4 1.9 113
2987.0 887.0 8.25628 1.371 0.86 13.0 2.7 53
97.2 895.7 163.39850 84.452 0.43 -31.0 4.3 1411
1347.3 887.6 13.92863 5.373 0.77 -21.5 4.5 179
785.7 902.5 22.44772 6.319 0.70 -86.0 4.5 241
3871.0 920.3 44.89116 7.175 0.67 -71.3 4.5 309
4049.7 1094.8 3690.90100 8.119 0.65 -51.3 3.7 765
2839.9 922.6 33.96038 4.503 0.55 25.1 1.9 135
4047.7 903.1 11.27195 2.009 0.55 70.3 4.5 165
1451.7 902.9 8.27544 2.493 0.69 -54.0 0.9 35
530.4 913.4 10.65861 1.043 0.14 70.2 4.5 281
3337.3 915.1 39.34775 26.867 0.59 -76.7 4.5 543
3201.9 917.6 12.66215 1.933 0.58 51.9 0.6 23
260.2 910.8 8.75790 0.646 0.07 -28.3 4.5 241
4195.7 913.1 28.74910 15.347 0.56 5.0 4.5 421
2667.4 920.5 15.47706 3.457 0.42 -23.6 4.5 227
942.7 934.6 19.32355 2.443 0.97 43.4 1.5 51
1751.2 915.8 10.21233 4.010 0.60 -48.1 0.4 33
1404.0 920.9 7.64938 0.545 0.37 -72.6 4.5 111
651.5 921.1 40.84693 40.832 0.39 -28.3 4.5 731
246.4 920.1 12.45117 1.625 0.06 -37.2 4.5 387
3324.4 954.3 100.48550 4.887 0.94 -17.3 3.2 199
2366.0 928.8 15.04812 4.002 0.68 64.5 4.5 179
2363.2 931.0 15.84287 4.143 0.71 6.1 4.5 211
3910.8 934.0 17.99836 7.600 0.53 64.7 4.5 319
570.7 937.9 93.42143 36.626 0.98 -65.9 3 537
546.2 956.0 84.10074 22.729 0.63 12.0 4.5 687
532.7 942.9 84.98250 62.672 0.65 39.9 4.5 841
442.9 943.3 24.90422 8.881 0.19 36.6 4.5 593
1855.4 1020.5 197.10210 6.191 0.53 -77.3 3.4 371
172.9 947.2 10.85056 0.900 0.12 57.9 4.5 225
1175.7 957.5 15.52262 2.278 0.83 85.3 1.2 41
989.7 943.0 9.12332 2.275 0.46 -3.7 2.5 95
519.5 961.9 47.81180 14.438 0.40 -34.3 4.5 627
463.9 966.4 20.93645 4.903 0.36 -11.8 0.5 59
861.6 976.2 27.93750 4.914 0.68 22.6 4.5 225
1917.2 964.2 25.44798 18.951 0.27 9.2 4.5 631
1924.2 966.7 14.52681 5.291 0.21 4.1 4.1 325
1149.0 995.4 34.39898 3.869 0.83 -4.2 2.4 117
874.5 979.8 31.82041 15.320 0.18 -10.0 4.5 785
4166.4 996.4 60.45901 4.671 0.80 65.9 4.5 265
274.5 988.3 13.59255 2.981 0.87 79.5 0.9 37
443.2 985.2 11.30279 2.352 0.38 8.7 4.5 185
1964.1 984.1 7.20892 1.455 0.50 44.1 1.3 37
3428.4 1005.1 48.61591 5.954 0.99 -61.2 4.5 263
2556.9 993.1 20.56242 2.790 0.19 -31.0 3.9 267
3000.1 995.9 24.36757 4.922 0.73 -39.6 3.9 191
595.6 997.6 12.49801 3.290 0.47 -43.3 1.8 95
2365.6 1012.7 55.08054 2.907 0.86 5.4 4.5 201
3921.5 1007.4 29.93464 2.388 0.32 -9.6 3 167
804.7 1020.6 36.90085 4.022 0.40 -85.2 3.2 223
986.5 1045.4 158.83680 7.864 0.78 -47.4 4.4 403
1739.3 1015.1 21.52959 2.175 0.37 11.5 2.1 101
992.6 1017.8 73.66621 36.456 0.58 80.8 4.5 745
757.5 1036.5 61.06674 4.119 0.80 30.0 3.5 189
15.9 1024.2 36.28907 3.399 0.96 40.9 4.5 195
1800.8 1035.9 23.47723 6.984 0.53 -77.6 0.9 101
1606.4 1009.1 52.72842 57.800 0.41 16.9 4.5 841
18.0 1041.9 44.41037 10.745 0.34 88.5 4.5 601
3501.3 1030.9 25.76272 4.511 0.39 -22.0 4.5 351
2345.9 1160.7 333.91820 7.564 0.89 53.1 3.9 401
61.5 1037.0 13.84173 3.512 0.89 65.7 4.5 187
1809.4 1047.7 34.40271 9.157 0.87 -10.3 4.5 313
1447.9 1032.5 7.65161 1.162 0.21 0.8 2.1 75
2977.1 1062.9 68.91762 3.892 0.92 -17.0 2.5 135
308.1 1074.3 80.63567 6.017 0.96 -10.7 3.6 231
11.5 1075.1 64.13914 1.802 0.73 -83.5 4.5 203
1958.3 1045.4 6.83210 0.935 0.66 72.5 2.5 43
509.3 1047.1 11.38921 1.367 0.25 -45.8 4.5 157
571.2 1057.5 32.63212 2.455 0.57 -3.0 4.5 211
471.1 1066.2 41.49753 4.390 0.67 22.6 4.5 235
1197.9 1058.7 23.03335 3.701 0.42 26.8 1.8 119
2556.0 1095.2 112.45860 7.520 0.66 -85.5 4.2 383
3254.6 1076.9 60.60807 2.808 0.95 -25.7 2.3 97
1775.1 1072.7 27.25799 3.781 0.57 -22.0 1.1 69
3962.8 1065.5 20.90966 2.281 0.78 -12.3 1.1 41
1381.4 1099.2 40.49208 10.416 0.60 -48.6 3.2 309
2213.8 1067.5 25.30931 4.712 0.81 56.6 2.3 125
891.7 1074.3 36.07000 5.485 0.53 33.7 4.5 289
2208.0 1069.3 28.11205 5.597 0.85 -61.9 3.1 169
2905.4 1062.9 13.83651 2.975 0.81 -0.2 4.5 161
2608.7 1101.3 89.76267 4.783 0.66 30.8 3.3 237
930.9 1071.1 26.76833 4.668 0.73 -21.1 4.5 281
3626.8 1078.6 20.73640 5.370 0.81 -26.6 4.5 219
3985.9 1200.5 1239.56200 8.035 0.86 68.1 3.8 547
1025.3 1084.2 43.82589 26.631 0.56 7.2 4.5 581
3772.1 1086.7 22.75336 11.689 0.68 -64.6 4.5 343
113.9 1117.5 69.33398 14.342 0.48 49.7 4.5 659
3214.4 1091.3 26.73050 7.648 0.66 -2.6 4.5 291
3329.6 1111.5 21.07088 4.602 0.24 -63.0 0.8 95
1017.7 1086.3 25.00758 10.179 0.15 17.9 4.5 717
575.5 1097.7 19.39275 4.923 0.44 -25.6 4.5 295
2641.5 1105.1 15.26924 2.570 0.81 -35.9 0.3 19
3617.2 1162.4 197.57820 6.817 0.54 -55.4 4.1 453
416.9 1171.2 338.70020 5.896 0.86 -29.8 4.5 417
205.1 1137.3 61.78380 4.256 0.63 16.1 3.3 209
2736.2 1114.2 9.94916 2.189 0.96 -8.1 1.6 45
1781.0 1114.5 25.04061 11.918 0.31 70.7 4.5 463
770.5 1131.9 31.96355 6.467 0.48 -22.7 4.5 373
885.1 1115.5 11.34859 3.588 0.90 -12.1 4.5 133
3994.7 1134.1 253.79770 63.744 0.48 -61.6 4.5 1429
3987.4 1148.1 171.04300 23.493 0.64 -57.6 4.5 823
3931.6 1138.7 32.68959 3.183 0.85 -45.0 1.6 73
1797.0 1139.3 25.80536 7.839 0.51 41.6 4.5 383
3242.6 1144.7 12.22409 1.460 0.55 -52.4 1.2 35
2572.4 1142.8 8.93053 0.353 0.16 77.2 4.5 115
2158.2 1165.3 58.01761 2.945 0.78 -33.8 3.2 149
3022.8 1143.9 12.61261 3.964 0.34 -5.7 0.6 55
4152.8 1159.4 32.82119 4.069 0.66 -26.6 2.4 137
530.8 1148.7 37.85215 41.063 0.85 14.5 4.5 485
3160.5 1150.9 11.40025 2.575 0.73 38.7 0.4 21
880.9 1159.3 19.51023 2.519 0.78 -34.8 2 73
1820.0 1161.9 17.78355 2.394 0.85 -18.8 1 37
2829.2 1161.7 21.79352 2.047 0.53 75.9 4.5 161
4161.0 1159.0 28.35645 4.925 0.47 -2.2 0.4 47
1353.6 1207.5 118.76720 7.784 0.59 -86.2 4.5 461
843.4 1160.7 11.34616 1.967 0.16 63.0 4.5 239
2598.0 1221.8 394.46950 4.623 0.83 -25.4 3.2 267
1693.8 1160.5 10.30368 1.746 0.52 -47.2 1.5 49
3893.4 1172.6 34.81318 3.132 0.77 4.0 3.7 157
2893.2 1211.5 138.41360 5.755 0.65 -16.0 3.5 305
322.6 1181.8 13.49679 1.380 0.30 71.5 4.5 169
943.6 1172.3 7.52887 0.337 0.27 64.1 3.2 45
848.7 1192.2 37.54284 8.123 0.52 -56.8 4 323
1868.8 1182.6 25.94472 14.791 0.41 77.4 4.5 455
1563.1 1185.7 11.59344 1.935 0.21 -77.0 2.9 147
2668.3 1237.4 250.73020 7.529 0.60 39.4 4.2 483
2866.0 1182.4 22.88023 10.479 0.97 -4.4 4.5 271
2683.3 1207.0 149.90260 56.004 0.70 -57.7 4.5 981
632.6 1218.8 68.81342 3.048 0.82 -82.8 3.8 177
834.5 1200.2 71.74960 32.678 0.41 -31.7 4.5 853
1821.7 1187.6 16.69157 7.199 0.34 -23.7 4.5 381
3431.4 1201.4 20.09429 3.437 0.46 -17.2 2 117
284.4 1210.9 20.27889 2.850 0.32 51.2 3.5 193
1631.5 1199.5 28.55552 14.804 0.33 83.0 4.5 533
1632.6 1209.0 20.43960 5.697 0.34 80.0 3 245
3217.9 1223.9 137.69510 44.671 0.63 -47.8 4.5 957
925.5 1207.2 7.10345 2.291 0.69 -63.7 0.6 25
2002.6 1258.5 201.40070 21.206 0.63 -59.8 4.5 937
3193.5 1237.5 185.18390 27.641 0.51 -17.4 4.5 1061
3861.3 1224.5 18.01738 2.037 0.89 84.7 1.6 47
2928.8 1221.3 19.68678 3.194 0.41 51.4 4.5 293
817.7 1258.1 133.81580 9.490 0.92 80.3 4.5 505
2534.2 1222.8 60.93187 61.024 0.50 39.1 4.5 801
578.4 1237.2 49.74450 12.109 0.58 28.0 4.5 485
60.9 1223.2 13.10680 5.476 0.72 -19.5 3.9 173
454.3 1244.3 44.08491 2.544 0.82 -23.5 2.9 113
2399.9 1238.6 35.23513 5.542 0.65 11.5 2.9 191
3182.1 1244.5 207.10490 39.590 0.37 -21.8 3.2 1139
3945.0 1227.2 83.99976 36.035 0.37 7.6 2.3 761
3955.9 1235.7 61.80787 29.850 0.43 -7.8 4.5 759
2546.9 1232.0 37.22518 29.117 0.51 17.0 4.5 577
2411.6 1244.1 28.18537 5.944 0.68 8.5 0.9 83
1451.6 1253.5 68.90884 9.392 0.53 -25.5 4.5 517
586.9 1246.9 55.06663 14.881 0.37 49.8 4.5 637
3158.1 1236.4 10.56713 0.877 0.05 20.6 4.5 465
1860.7 1259.0 37.37591 2.907 0.79 18.7 3.5 143
698.9 1239.9 14.96475 4.809 1.00 -85.0 4.5 195
569.7 1289.3 127.45670 7.123 0.51 -78.2 4.5 487
1985.0 1280.7 175.42620 28.110 0.96 46.5 4.5 767
847.1 1247.8 16.45932 4.900 0.09 -44.9 4.5 671
3586.6 1276.8 58.05520 5.717 0.67 49.8 4.5 355
3762.1 1256.4 57.46365 46.484 0.79 33.0 4.5 607
1421.1 1265.5 57.02407 15.550 0.39 -20.8 4.5 627
3758.5 1256.5 52.62849 33.942 0.88 -52.1 4.5 517
3221.2 1267.1 45.40099 20.713 0.64 24.0 4.5 525
83.9 1261.8 17.55667 3.411 0.70 -35.1 4.5 191
2609.4 1274.5 37.59563 2.887 0.69 -6.9 2.8 125
817.6 1277.7 67.45586 17.608 0.38 88.6 1.4 371
2006.2 1277.5 261.68580 92.480 0.85 -43.9 4 1203
313.0 1281.3 23.42811 2.307 0.62 34.0 1.7 67
3466.0 1284.1 34.08591 3.426 0.76 -35.5 4.5 201
4165.7 1280.0 20.45912 2.771 0.85 28.5 1.8 69
3751.8 1267.6 44.77738 31.574 0.67 39.5 4.5 555
2320.9 1282.6 13.76458 2.835 0.70 78.8 0.7 35
1097.8 1282.5 15.43872 7.177 0.32 -21.9 4.5 351
962.4 1285.8 9.82324 3.005 0.41 70.8 4.5 207
3117.3 1316.1 60.27127 3.116 0.93 -10.6 2.6 119
3576.6 1306.1 32.11250 5.501 0.87 -3.0 4.5 221
1675.6 1334.6 138.06380 4.715 0.69 -5.7 3.3 249
159.0 1298.9 34.10570 21.033 0.29 -60.1 4.5 667
3938.4 1307.2 17.73698 4.015 0.40 -44.8 4.5 287
353.4 1319.0 97.23634 21.305 0.68 -19.4 3.3 527
4115.3 1305.1 8.22632 1.065 0.31 -54.4 4.5 115
324.6 1330.5 123.55450 14.608 0.85 12.5 4.5 603
2270.1 1305.6 8.16163 1.485 0.76 -5.2 4.5 95
728.7 1310.9 25.59872 13.802 0.41 79.8 4.5 481
29.0 1327.0 20.29359 2.816 0.56 -60.5 1.4 71
1525.9 1329.1 22.17382 2.399 0.89 58.6 3.4 105
58.1 1320.5 11.96377 1.653 0.31 50.6 4.5 181
3930.3 1313.5 21.78730 8.713 0.23 -19.0 4.5 513
2292.4 1327.0 14.25772 1.765 0.39 -75.6 1.9 71
2171.4 1322.7 15.51700 4.352 0.46 -47.8 2.4 151
3282.1 1341.6 53.19876 4.891 0.72 -24.3 3.4 209
592.3 1346.7 45.25539 2.445 0.63 -89.4 2.4 107
3005.0 1321.8 10.73679 1.317 0.72 -65.4 4.5 115
950.2 1323.1 16.47084 5.846 0.52 -50.0 2.8 183
892.0 1344.5 53.11104 5.860 0.47 -57.0 4.5 399
1045.4 1340.1 40.45445 5.337 0.78 42.0 4.5 267
4196.5 1340.8 36.47851 10.682 0.67 72.7 4.5 381
694.2 1334.3 9.69986 2.644 0.77 -74.3 1 39
736.7 1336.2 11.64881 3.277 0.72 -45.8 1.8 79
1340.2 1354.0 55.11069 2.431 0.49 -11.9 4.5 273
3662.2 1339.4 11.22958 2.086 0.46 4.7 2.9 103
1259.7 1357.9 37.76731 6.230 0.67 -74.5 4.5 339
3076.4 1357.0 37.57783 5.557 0.92 79.8 3.6 191
1224.9 1398.2 103.19580 10.107 0.69 68.3 4.5 529
134.5 1350.7 18.10692 1.978 0.62 72.6 2.7 89
424.2 1388.6 179.20820 4.949 0.77 25.7 3.7 289
4005.2 1349.4 11.14476 2.644 0.50 -40.3 1 49
3336.5 1370.6 75.71387 4.680 0.85 6.1 4.5 277
3079.6 1367.2 36.49080 5.582 0.77 42.7 2.7 169
3312.6 1347.8 18.86798 4.575 0.09 61.5 4.5 597
3425.8 1370.0 45.05835 8.584 0.47 38.8 3.7 355
184.2 1364.7 14.59986 1.365 0.45 -10.8 4.5 147
4094.3 1378.6 36.87207 2.387 0.76 -73.2 4.5 177
1862.2 1371.5 14.48301 2.074 0.88 78.6 2.1 61
889.5 1378.7 49.98412 6.241 0.53 77.5 4.5 449
3751.7 1370.6 15.69075 2.180 0.92 51.2 2 59
3997.4 1394.1 27.21943 3.935 0.45 -87.5 0.3 35
742.5 1370.8 15.56377 2.693 0.16 13.7 4.5 363
3902.1 1489.5 884.44150 6.783 0.76 -20.9 4.2 543
3521.6 1388.5 41.73183 2.321 0.79 -19.5 1.7 67
2271.9 1438.6 392.31020 6.124 0.91 -9.7 4 373
3440.0 1383.4 34.12936 8.934 0.50 48.9 3.5 313
1005.5 1433.9 249.42370 5.173 0.86 30.9 4 319
826.3 1375.3 12.70133 4.587 0.86 -51.3 0.7 49
252.6 1395.2 17.07295 2.819 0.31 74.7 4.4 219
3603.8 1389.4 26.71014 3.682 0.43 -39.8 2.4 155
2220.2 1391.9 25.19532 2.811 0.56 58.9 4.5 213
1769.0 1389.7 10.06418 1.881 0.70 -7.4 3.1 83
2886.9 1435.6 165.15520 4.833 0.93 -77.8 3.7 253
3341.0 1403.2 54.04538 4.827 0.87 51.8 4 215
2645.5 1385.9 28.35079 18.296 0.34 3.8 4.5 581
2167.7 1386.4 7.97496 2.381 0.40 -46.7 1.3 61
2630.1 1409.3 37.39188 8.049 0.80 45.2 4.5 277
2625.6 1404.0 34.87212 11.503 0.51 63.9 4.3 385
249.2 1436.0 102.58980 6.632 0.78 70.0 4.5 401
1062.3 1437.8 57.42127 3.843 0.39 -85.4 2.9 225
888.2 1408.7 18.41389 3.526 0.08 -68.7 4.5 647
879.7 1415.4 26.07118 4.818 0.90 -65.4 3.5 163
347.5 1419.9 27.03754 2.957 0.48 -85.9 4.5 283
858.0 1421.3 27.14416 2.158 0.65 40.2 4.5 185
3151.4 1412.8 17.95955 7.942 0.58 -85.6 4.5 293
948.1 1432.7 90.08813 13.424 0.54 -15.9 4.5 663
2705.1 1420.3 81.95410 44.088 0.66 -36.0 4.4 735
2836.4 1416.9 35.90052 27.706 0.55 20.0 4.5 547
3160.0 1436.7 29.47494 2.426 0.63 56.7 2.8 113
2036.2 1439.8 43.31550 8.151 0.94 57.1 4.3 263
3715.7 1436.1 45.61452 13.672 0.70 -49.3 4.5 431
3716.4 1480.6 169.38340 5.285 0.76 67.3 3.3 267
1725.8 1437.1 14.84586 2.476 0.50 -48.7 1.7 73
2694.8 1430.6 44.79263 23.324 0.32 -29.3 4.1 683
2733.2 1431.6 14.73705 5.240 0.25 69.7 3.7 287
3894.9 1450.7 110.14240 28.157 0.94 60.4 4.5 655
273.1 1450.7 71.58016 31.819 0.42 5.7 4.5 849
4017.0 1446.1 7.62674 0.889 0.53 -88.1 2.3 43
1977.0 1460.7 24.32153 2.915 0.52 -82.9 3.2 149
2462.1 1475.0 83.13659 5.499 0.83 60.3 4.5 283
425.9 1466.2 37.84756 3.045 0.71 -82.9 2.5 117
2266.3 1515.4 385.27680 6.534 0.74 50.9 4.3 457
755.1 1449.9 11.74539 2.783 0.39 -59.3 2.8 131
934.4 1447.1 84.81622 21.454 0.18 -42.3 0.6 371
2319.2 1457.6 67.50912 30.528 0.82 41.1 4.5 579
922.2 1460.8 36.73046 15.577 0.98 -20.1 3.2 289
659.1 1454.7 44.30885 62.328 0.38 3.4 4.5 797
238.7 1462.1 52.98955 26.610 0.57 -42.7 4.5 621
465.9 1481.2 65.02443 3.018 0.84 0.8 4 177
138.6 1464.3 21.60439 5.365 0.24 -81.9 2.8 269
1337.1 1457.8 13.69896 5.554 0.32 -19.2 4.5 343
3609.3 1474.7 19.55616 2.184 0.68 43.4 2.9 97
1128.3 1465.1 11.69860 2.539 0.83 18.1 1 39
2557.1 1488.7 90.48940 21.818 0.67 -14.6 4.5 669
1790.7 1489.3 45.45354 2.208 0.80 14.0 3.9 141
1727.1 1486.7 69.79346 14.563 0.95 40.1 4.5 473
2544.8 1491.8 120.83850 71.870 0.60 -7.3 4.5 1025
2646.0 1482.6 46.50064 15.722 0.50 20.2 4.5 563
819.1 1492.5 49.55966 8.742 0.67 -13.5 4.5 407
836.7 1487.9 51.44350 30.774 0.44 -19.2 4.5 715
1702.7 1502.1 61.80263 6.149 0.44 42.9 4.5 419
2488.3 1488.7 48.68929 22.917 0.37 42.3 4.5 725
1061.2 1494.2 41.05842 15.612 0.23 -7.5 4.5 779
3905.8 1532.1 285.93060 65.710 0.95 -60.8 4.5 1133
2664.6 1490.5 47.13340 27.973 0.36 22.3 4.5 753
3395.6 1493.5 14.58680 3.307 0.42 -14.4 2.6 137
2866.8 1523.3 92.64007 5.431 0.79 -38.9 3.3 237
3878.4 1519.4 161.46690 29.890 0.99 -51.9 4.5 753
812.7 1513.9 62.85869 6.564 0.59 -54.2 4.5 451
258.8 1506.1 7.39573 0.038 0.69 -56.6 1.4 3
3108.5 1522.3 30.80364 2.727 0.87 34.6 2.7 101
229.0 1518.6 21.09326 2.138 0.45 -82.0 2.4 103
2880.7 1525.9 114.29110 46.878 0.70 25.8 4.5 849
1006.5 1516.7 16.05178 1.923 0.37 15.3 1.7 75
1724.4 1512.0 49.30085 20.209 0.37 17.8 4.5 671
3564.3 1551.1 107.05740 4.509 0.93 -86.4 3.8 227
2429.6 1516.3 16.20760 2.603 0.62 -40.2 4.5 171
3420.0 1525.5 25.57324 5.369 0.35 -67.4 4.5 403
3921.7 1539.2 186.62870 47.817 0.68 22.6 4.5 1049
1404.7 1526.0 26.36132 6.596 0.53 -37.3 2.7 213
4181.3 1519.9 10.16208 2.934 0.51 -78.6 2.8 117
3584.6 1536.5 49.03044 13.933 0.85 1.5 4.5 403
311.4 1593.9 364.05780 6.196 0.65 24.2 4.5 499
551.2 1529.6 21.91017 9.288 0.40 -27.7 4.5 379
1180.6 1556.5 62.36692 3.827 0.53 55.2 4.5 287
2651.2 1534.3 9.30993 1.744 0.40 -77.4 4.5 177
3412.0 1537.9 39.78615 20.629 0.56 -35.6 4.5 519
520.6 1541.2 12.47271 1.642 0.17 51.7 4.5 321
1884.1 1541.0 12.63402 1.817 0.31 39.0 4.3 161
3806.6 1566.9 95.04209 5.840 0.76 24.7 4.2 301
3894.3 1540.6 130.59850 25.765 0.85 -16.5 1.6 387
2878.0 1545.1 33.93913 24.689 0.59 49.9 4.5 503
2980.5 1593.7 194.97060 6.062 0.87 -64.8 4 327
67.4 1538.5 8.21497 0.860 0.19 43.5 4.5 219
3949.9 1544.3 27.39036 17.231 0.24 58.7 4.5 677
1424.1 1550.8 25.44637 10.817 0.70 -40.7 4.5 345
3186.5 1551.3 10.46668 2.715 0.72 -3.5 0.5 25
1125.7 1552.6 8.29448 1.085 0.08 -54.7 2.7 143
2965.3 1564.1 77.46992 40.252 0.94 58.8 4.5 609
1980.2 1570.4 29.57135 3.836 0.55 84.7 4.5 235
1206.9 1592.9 54.90242 3.709 0.51 80.6 4.5 321
1334.8 1564.2 12.30063 2.237 0.70 -37.5 1.6 55
3088.3 1569.5 40.18932 22.867 0.40 37.1 4.5 639
838.0 1638.2 212.75380 6.440 0.63 41.0 4 407
2589.8 1591.4 54.48955 2.276 0.87 -68.7 2.1 77
1068.5 1619.4 144.90080 4.681 0.63 -55.6 3.5 281
1882.1 1684.0 283.42230 5.569 0.90 -23.7 3.9 329
3112.9 1583.8 100.68140 55.475 0.62 33.4 4.5 893
3101.9 1573.9 85.22978 37.260 0.34 37.2 2.9 879
841.2 1580.6 11.42710 2.668 0.52 85.8 4.5 161
353.3 1603.9 52.10290 4.869 0.69 -24.7 4.5 337
3821.8 1585.4 53.65278 14.412 0.68 57.1 0.3 93
1182.5 1656.9 388.65460 6.547 0.92 -86.3 4.4 419
2055.2 1596.6 15.49218 2.568 0.86 53.6 2 67
3565.2 1589.3 25.84219 17.804 0.33 -6.0 4.5 567
1722.5 1594.1 10.55471 1.620 0.14 29.6 4.3 219
2294.9 1622.8 81.99762 6.169 0.67 -25.7 3.9 299
3352.4 1621.8 69.14924 8.981 0.73 67.3 4.5 469
3768.6 1603.9 14.48412 1.669 0.53 28.0 2.7 83
1175.3 1625.7 171.46170 74.208 0.92 -71.4 4.5 949
80.2 1618.1 26.18982 4.034 0.66 -58.7 4.3 197
3071.1 1620.0 21.00615 2.659 0.75 83.2 2.2 85
652.0 1614.5 28.29280 9.168 0.69 73.1 4.5 311
1362.3 1618.9 7.44248 0.147 0.17 -15.1 4.5 113
917.4 1630.5 17.62455 2.323 0.60 -24.2 1.7 67
1401.4 1630.1 29.89198 17.067 0.69 39.9 4.5 413
3937.7 1633.8 20.50133 2.302 0.57 38.6 2.8 109
171.2 1729.6 866.37470 6.565 0.91 72.3 4.4 509
1602.3 1663.2 105.23970 37.970 0.62 -48.1 4.5 825
3324.0 1638.5 17.57535 5.698 0.35 56.3 4.5 361
3020.0 1633.3 8.44120 1.952 0.42 -18.2 2.9 97
3659.1 1811.6 305.13590 6.116 0.60 22.0 3.3 373
999.1 1646.7 11.73924 2.599 0.35 77.9 4.5 183
1153.4 1654.1 63.24697 29.767 0.46 -32.3 4.5 749
1748.8 1783.3 263.80040 5.530 0.85 23.7 3.8 323
2990.4 1653.1 15.96908 2.359 0.11 -30.7 4.5 443
1251.1 1678.6 53.47014 3.141 0.83 -21.4 2.9 135
406.6 1652.8 14.90923 3.877 0.49 27.9 4.5 227
2146.0 1668.8 47.28294 11.347 0.95 -5.2 4.5 327
1581.2 1666.9 48.96423 10.363 0.51 5.4 4.5 511
2246.6 1678.4 53.34878 20.247 0.36 89.1 4.5 711
591.2 1676.1 42.47868 5.017 0.70 -13.2 4.5 265
1429.0 1658.2 10.84016 2.117 0.58 -1.5 2.4 79
3729.7 1670.3 44.52102 8.111 0.51 -17.6 4.5 419
415.2 1663.9 9.15496 0.418 0.04 72.0 4.2 181
1102.6 1660.7 8.91688 1.925 0.71 7.0 1.4 43
28.6 1667.9 14.21393 2.112 0.36 -80.3 4.5 195
2963.1 1659.5 20.44872 3.836 0.02 29.9 4.5 1157
2801.5 1674.9 10.72750 2.918 0.48 18.2 2.3 103
922.6 1712.9 158.77290 7.406 0.66 0.7 4.5 433
3766.3 1677.9 13.15771 3.525 0.40 38.5 3.1 161
4047.9 1689.2 19.19008 5.624 0.27 41.1 4.5 387
2165.1 1687.5 64.09874 34.183 0.50 4.5 4.3 711
804.8 1720.7 42.80892 3.882 0.50 -35.4 0.6 53
1562.5 1696.0 25.09217 13.063 0.67 29.6 4.5 359
1088.3 1727.0 30.94418 2.637 0.28 -22.7 4.5 299
2663.0 1723.2 72.81499 3.493 0.94 84.0 4 187
867.5 1696.5 15.33967 6.176 0.23 15.4 4.5 423
3471.7 1702.3 55.57784 36.012 0.48 -68.8 4.5 721
93.0 1707.2 10.47092 1.696 0.47 -69.9 4.5 141
3702.8 1715.9 37.59219 18.304 0.51 -78.1 4.5 515
893.3 1708.6 63.34243 29.844 0.15 38.8 3.9 1195
4071.4 1717.0 22.44661 5.718 0.67 -85.0 4.5 283
213.8 1712.9 42.05692 32.827 0.56 -13.9 4.5 597
1842.7 1713.4 15.51197 5.415 0.24 -42.9 4.5 331
3924.1 1711.7 12.47528 3.696 0.95 45.3 4.5 159
3183.4 1719.2 12.44401 2.821 0.29 11.7 0.8 57
320.0 1770.5 198.95180 7.939 0.55 -48.2 4.1 485
3056.7 1735.6 52.69158 2.743 0.84 -19.2 2.5 107
1420.2 1739.6 45.99112 3.952 0.33 45.3 3.2 259
132.8 1721.0 68.04153 28.814 0.35 -27.1 2.3 665
3287.7 1739.8 39.85400 4.192 0.78 12.6 3.9 193
2694.9 1719.7 24.12525 15.585 0.25 -19.1 4.5 615
2937.5 1748.9 47.55062 2.527 0.81 -72.4 2.5 103
17.0 1746.6 27.03818 3.449 0.70 57.4 1.6 85
2763.6 1736.8 13.78698 1.692 0.34 -46.0 1.8 71
493.0 1737.3 39.18441 31.124 0.56 -29.7 4.5 569
726.5 1737.5 32.94495 23.749 0.57 -68.8 4.5 501
3851.8 1727.3 10.90661 3.261 0.35 3.0 1.2 81
1823.3 1741.0 16.04117 1.113 0.79 -31.3 4.5 97
2086.9 1728.5 15.31818 5.028 0.16 21.4 2.1 247
3097.6 1735.3 16.32703 7.196 0.41 -7.0 4.5 339
3032.8 1814.6 15.91799 2.597 0.77 70.3 0.5 23
110.0 1736.1 13.41545 4.318 0.33 37.7 3.7 223
621.9 1734.3 9.57832 2.358 0.25 38.7 3.3 157
2318.5 1753.7 26.01110 2.156 0.79 -16.2 2.4 81
473.1 1748.4 14.52021 3.294 0.76 19.1 4.5 179
268.0 1756.4 51.29262 16.481 0.51 44.1 4.5 567
3813.7 1761.3 26.13059 3.102 0.92 66.5 2.4 95
724.9 1758.1 20.63663 3.803 0.30 62.1 4.5 329
1434.9 1934.2 637.17680 6.533 0.82 21.3 3.9 445
61.8 1759.7 8.71261 0.213 0.03 87.7 4.5 195
2982.5 1754.3 7.20515 0.033 0.99 -33.0 0.8 3
3903.3 1753.3 11.54407 4.151 0.66 -62.6 4.5 193
1266.2 1763.2 13.74674 2.020 0.77 -11.7 1.5 45
3259.2 1760.1 9.96663 2.549 0.44 -3.6 2.2 95
3497.9 1785.4 50.19180 7.811 0.57 86.5 4.5 355
1062.8 1763.1 16.89584 7.599 0.97 -63.0 4.5 235
2037.6 1777.5 18.93047 2.861 0.40 -52.0 2 107
2003.0 1771.8 17.37860 2.618 0.36 -4.0 4.5 243
1768.6 1773.9 96.58887 15.448 0.80 -18.3 0.3 95
2842.1 1789.0 45.04545 5.165 0.65 -5.9 3.7 233
1334.5 1789.1 37.03107 3.470 0.65 -12.7 2.2 121
1228.4 1780.6 10.95490 0.673 0.08 -85.6 3.2 131
2803.9 1780.2 7.58498 1.623 0.39 -84.1 2.2 71
1771.9 1776.5 124.36390 15.969 0.66 -11.0 0.5 143
2883.3 1790.0 14.46421 1.549 0.54 -28.0 2.4 71
2501.3 1781.9 14.61218 3.549 0.11 -69.7 4.5 489
1102.4 1802.4 54.33395 16.846 0.69 56.1 4.5 517
47.0 1798.2 19.34047 3.543 0.54 -24.3 1.2 69
1525.9 1791.6 94.25851 67.217 0.38 52.2 4.5 1151
291.6 1788.8 81.08113 72.789 0.46 -1.3 4.5 1017
1528.9 1808.9 54.92461 10.659 0.59 -52.9 4.2 389
558.1 1796.8 17.44701 6.267 0.75 -80.8 4.5 215
2421.9 1811.0 25.94121 2.317 0.77 -0.8 2.8 97
1453.2 1820.9 49.23618 2.809 0.56 3.0 3.8 189
3577.8 1809.1 34.57229 8.897 0.81 -88.5 4.5 335
823.5 1839.1 157.39700 16.764 0.66 -42.0 4.5 749
2931.0 1823.8 75.00772 5.119 0.83 -21.7 4.5 277
838.2 1825.0 104.25790 27.580 0.63 -33.4 4.5 769
724.3 1823.3 41.04551 6.676 0.96 -23.0 4.5 243
3651.2 1826.1 124.11230 44.090 0.85 42.1 4.5 789
4173.4 1897.0 588.39430 4.875 0.79 59.0 3.3 323
1004.8 1822.4 15.71734 3.884 0.56 74.7 0.3 31
2544.3 1815.6 13.11326 2.578 0.61 3.5 4.5 193
2922.2 1859.6 234.92510 5.747 0.79 -42.7 4.3 371
2366.4 1816.8 12.93854 2.506 0.48 -21.3 1.5 67
1212.2 1824.9 33.18946 7.247 0.80 -51.9 4.5 315
2012.2 1873.2 125.61300 11.386 0.70 72.0 4.5 647
740.2 1827.7 39.44188 10.840 0.32 47.5 4.2 485
613.4 1815.5 9.34494 1.671 0.25 69.8 4.5 217
3817.7 1821.2 12.39374 4.592 0.23 3.9 4.5 377
3020.0 1871.7 151.39800 5.608 0.46 -45.0 2.9 313
1008.1 1827.3 15.46709 3.211 0.41 72.0 0.3 31
3152.5 1863.4 109.43610 6.445 0.54 26.4 4.1 383
385.0 1838.6 22.40285 1.358 0.64 -40.9 4.5 139
3852.2 1835.2 36.24285 28.384 0.44 52.6 4.5 615
1635.5 1891.1 120.95960 6.759 0.64 75.4 4 361
617.4 1836.9 15.51860 3.434 0.80 44.6 4.5 199
3456.1 1834.5 17.24979 6.862 0.73 -14.9 3.2 187
1136.8 1834.5 20.04189 11.613 0.61 -35.9 4.5 345
1989.0 1844.0 56.12394 34.529 0.36 44.3 4.5 813
838.2 1851.8 71.93079 28.434 0.69 67.0 4.5 643
169.2 1928.7 738.24320 6.113 0.72 45.6 4.3 525
754.3 1850.1 21.69771 2.969 0.46 -18.9 0.3 27
509.1 1865.2 63.99541 4.858 0.72 32.8 3.3 213
1662.2 1838.5 8.91598 1.009 0.09 -30.0 4.5 299
1758.4 1852.4 18.02549 1.596 0.54 -43.0 4.5 131
2363.7 1840.6 9.26231 1.021 0.13 -9.8 4.5 237
2030.1 1854.5 102.83430 54.684 0.96 -66.4 4.5 723
2307.5 1859.7 21.40276 2.430 0.77 26.9 1.8 65
2916.3 1875.7 128.66820 16.831 0.75 -58.2 4.5 669
4083.6 1875.5 110.00840 9.192 0.71 4.4 4.2 405
3796.9 1868.9 51.61618 4.357 0.73 -1.6 4.2 227
3312.4 1848.3 11.22649 3.704 0.90 83.4 4.5 135
3865.0 1847.5 8.88605 3.245 0.56 -39.9 0.3 25
1877.8 1854.8 9.78578 0.996 0.17 -39.0 4.4 155
4079.8 1885.1 128.97210 10.382 0.77 -19.3 4.5 457
1111.3 1856.0 11.27019 2.502 0.51 -22.9 3.3 121
3733.2 1860.2 14.20817 2.566 0.98 45.0 4.5 121
778.6 1867.1 34.11389 24.546 0.90 66.7 4.5 407
2689.4 1899.3 60.80529 3.565 0.89 81.0 3.5 169
801.0 1877.3 27.16915 2.980 0.56 44.2 3.2 149
1149.8 1899.4 48.10410 3.439 0.47 76.9 4.5 275
988.3 1892.0 50.56725 6.209 0.65 -27.3 4.1 281
2346.2 1888.3 23.85414 3.326 0.36 48.2 2.4 153
328.6 1891.6 38.04422 7.239 0.65 -79.5 4.5 351
3083.0 1881.6 22.64980 9.544 0.61 -24.0 4.5 347
2582.9 1882.1 14.57865 2.399 0.53 -87.1 3 113
399.2 1966.7 722.25380 5.821 0.80 -56.8 4.4 485
2524.7 1890.0 31.26155 3.624 0.53 75.5 4.5 299
1893.2 1976.1 125.45300 5.266 0.73 70.5 3.6 279
1002.7 1888.1 52.37629 33.105 0.45 4.7 4.5 721
3983.3 1915.9 36.55638 2.695 0.78 27.1 2.1 89
2794.5 1960.4 180.69400 7.510 0.87 18.1 4.5 399
3700.7 1904.5 12.26027 2.051 0.52 -70.1 1.6 61
1709.5 1949.7 66.08408 2.997 0.69 -39.8 4.1 199
3022.8 1944.6 151.34810 6.000 0.72 82.1 3.3 293
1286.9 1921.9 44.12040 6.372 0.75 -87.0 3.8 245
1794.8 1958.1 232.73160 4.844 0.93 16.8 3.2 237
3470.5 1910.4 22.36380 8.435 0.92 46.6 4.5 265
3838.9 1907.3 10.14017 2.586 0.72 86.4 0.9 37
2273.8 1928.5 35.38223 2.768 0.71 36.5 1.7 77
847.4 1911.9 10.72781 2.123 0.53 69.0 2.5 85
325.0 1913.4 9.00980 0.715 0.11 -25.5 4.5 267
3635.7 1921.8 16.79256 3.668 0.53 24.1 4.1 181
2521.7 1923.6 49.23432 16.556 0.51 34.2 4.5 579
127.2 1930.9 72.80147 43.552 0.49 21.3 4.5 835
3453.3 1914.3 13.56122 4.846 0.18 85.9 4.5 415
4052.6 1923.1 14.32014 3.198 0.42 -35.0 3.5 165
4117.9 1926.0 12.46731 2.853 0.67 41.3 2.2 85
74.7 1933.2 17.11703 2.628 0.69 -8.1 1.4 59
3936.4 1928.1 21.53644 6.923 0.51 82.0 2.8 215
682.5 1946.7 69.70145 16.379 0.82 57.0 4.5 517
2492.3 1939.1 15.28955 2.023 0.60 -33.5 4.5 161
2547.9 1949.1 18.03901 4.292 0.25 85.3 2.2 195
2547.6 1940.2 23.84481 10.708 0.33 78.4 4.5 443
2297.4 1983.8 115.07470 5.527 0.71 46.7 3.6 283
1223.0 1948.0 9.36521 1.161 0.38 -34.9 4.5 133
62.6 1969.0 43.82051 3.298 0.79 54.2 4.5 229
787.6 1941.8 10.65786 3.878 0.72 52.9 0.4 29
1838.6 1959.3 57.30103 26.489 0.27 28.1 4.5 893
2246.3 1972.9 65.68584 36.191 0.99 38.1 4.5 545
3269.8 1963.9 65.65018 64.197 0.41 45.0 4.5 927
2783.0 1984.7 101.02410 19.267 0.99 85.1 4.5 557
1663.8 2019.7 142.71150 4.710 0.62 -72.0 2.8 233
2257.3 1976.2 47.69825 13.322 0.39 36.3 3.9 491
2772.4 1980.0 129.70420 72.139 0.62 -38.7 4.5 1041
3768.3 1981.5 16.45680 3.231 0.82 -3.4 3.4 121
3962.6 1987.0 44.76228 3.970 0.64 54.2 4.5 259
678.4 1984.4 36.49703 4.639 1.00 -0.4 4.5 227
994.3 1984.2 32.87247 4.823 0.61 52.4 4.5 287
2685.3 1969.5 14.36796 4.983 0.84 67.6 1.7 93
852.0 1971.5 10.95055 4.122 0.68 -11.2 1.1 63
3474.2 1978.6 15.70752 3.716 0.93 73.9 4.5 173
1852.6 1971.1 16.78586 6.143 0.16 23.9 4.5 439
3391.2 1985.9 32.02808 15.988 0.57 20.8 4.5 459
812.1 1984.3 31.75259 9.945 1.00 83.9 3.6 235
1266.4 1987.2 9.06920 2.798 0.75 -68.0 0.3 19
1237.4 1989.4 11.79648 0.640 0.38 -80.6 4.2 81
2222.2 1991.8 39.78497 9.766 0.71 25.2 4.5 377
2711.4 2010.8 81.22620 22.562 0.53 -83.1 4.5 737
173.5 1986.8 10.14753 2.122 0.35 67.4 4.5 171
14.4 1988.8 8.39717 0.476 0.13 -16.3 4.5 177
2694.3 2036.9 107.15750 5.991 0.68 -46.3 3.9 313
3774.7 2016.9 31.86043 2.029 0.91 78.1 1.7 53
4159.5 2025.2 83.95950 5.162 0.60 39.7 3.9 289
1223.8 2017.8 20.38822 1.769 0.20 -46.8 4.5 271
3711.2 2004.5 18.15831 7.236 0.49 38.0 4.5 331
3817.7 2025.5 27.46496 5.339 0.87 78.8 4.3 197
1282.0 2013.4 9.10755 1.535 0.89 18.4 2.4 51
158.6 2036.4 62.21929 3.035 0.92 -29.8 4.5 189
2662.7 2020.0 37.68398 16.969 0.74 -84.9 4.5 429
4046.5 2149.4 1118.43600 8.334 0.77 -40.6 3.4 527
3811.7 2020.4 37.94408 24.891 0.63 53.4 4.5 505
169.5 2032.6 17.45111 2.031 0.12 34.2 3.7 265
2344.7 2027.3 14.93360 4.700 0.25 -28.8 4.5 379
2656.1 2027.0 20.59069 6.338 0.37 -59.3 0.4 71
4066.5 2029.6 9.18932 2.312 0.86 85.1 1.8 55
949.3 2042.0 25.53096 4.454 0.78 -87.6 4.5 239
856.4 2042.6 15.12440 2.501 0.49 -67.1 3.1 125
3414.9 2036.6 26.21454 16.510 0.45 -61.5 4.5 477
2959.9 2041.0 11.63732 2.257 0.37 65.2 4.5 211
1888.1 2075.2 69.96476 3.508 0.71 44.4 3.3 179
3169.0 2081.8 61.58131 5.445 0.69 59.7 4.5 293
3110.0 2051.0 11.26948 1.621 0.27 -21.6 4 149
2531.0 2098.2 166.39050 4.175 0.78 64.4 3.2 223
2142.1 2052.4 10.46814 1.269 0.32 64.6 3 93
1881.3 2067.6 41.28458 8.175 0.61 31.5 3.8 303
1492.1 2077.2 55.30544 2.497 0.88 -56.6 4.5 181
1686.5 2070.6 31.69525 1.807 0.76 -47.3 1.4 45
1992.9 2057.8 22.64750 8.562 0.66 45.0 1.8 169
172.0 2073.0 24.95716 2.591 0.70 -74.2 2.2 87
1606.5 2102.1 123.21970 4.527 0.98 34.5 2.9 181
3241.6 2140.1 317.23480 8.831 0.56 -66.9 3.9 543
548.6 2118.5 187.48610 5.009 0.79 -47.1 4 305
54.5 2065.3 9.90697 1.363 0.38 39.4 4.5 125
3980.6 2065.3 24.40232 14.136 0.49 -70.7 4.5 433
3445.0 2065.1 16.57693 3.576 0.52 -28.3 4.5 235
3752.6 2106.6 100.72150 5.924 0.91 50.7 4 273
1617.9 2078.7 104.11090 75.262 0.52 -77.9 4.5 1045
2727.5 2080.6 20.08364 2.355 0.98 -26.5 1 35
3075.1 2078.8 35.29280 13.056 0.65 -64.6 4.5 389
4172.2 2081.4 19.71282 2.498 0.72 -15.4 2.1 77
3593.3 2080.2 30.55801 7.955 0.54 -54.7 4.5 395
2957.3 2090.9 57.29853 12.277 0.72 27.5 4.5 447
2081.0 2079.6 12.04027 4.289 0.77 -6.7 4.2 151
3969.3 2085.8 22.97756 9.821 0.19 -41.6 4.5 601
2553.3 2086.1 53.21753 35.350 0.63 -23.7 4.5 623
884.3 2108.2 41.32525 2.721 0.48 -20.1 3 159
2931.8 2104.4 39.74138 4.788 0.68 87.5 4.5 255
2805.6 2106.6 36.49786 3.829 0.83 -13.0 3.5 163
3655.5 2090.2 15.18200 2.044 0.21 -23.5 4.5 253
3872.6 2099.2 8.94588 2.696 0.29 28.3 1.1 67
50.5 2108.1 19.10975 2.702 0.71 -8.0 4.5 169
3639.4 2112.8 13.78616 3.931 0.44 -63.9 4 195
846.8 2120.7 38.56861 15.079 0.79 -75.6 4.5 375
1646.2 2122.6 11.73332 2.194 0.25 -82.1 3 149
1218.6 2155.9 119.88350 7.887 0.59 23.8 4.5 435
3915.3 2125.8 19.65928 8.832 0.90 -89.6 4.5 253
964.5 2141.3 27.50862 3.962 0.40 -49.8 1.6 119
3806.9 2137.1 18.44058 3.423 0.28 -70.3 1.4 109
408.2 2141.3 27.89895 3.650 0.70 -26.1 2.8 137
3956.0 2128.9 10.55918 1.452 0.22 3.0 2.7 113
848.1 2138.8 27.87666 10.389 0.40 83.1 4.5 403
1254.5 2139.5 30.36732 16.314 0.26 -19.4 3.8 573
484.0 2156.9 45.58855 13.602 0.55 -62.8 4.5 467
3006.2 2151.0 15.43880 4.463 0.48 -63.9 4.4 213
3610.8 2153.4 12.75339 3.417 0.49 -73.8 3.4 153
2889.5 2144.4 8.91105 1.675 0.22 -0.4 4 161
1513.4 2152.4 59.51520 58.728 0.52 62.9 4.5 793
3389.8 2156.1 15.71998 1.806 0.57 38.9 2.6 85
1233.9 2168.2 97.78671 40.723 0.87 3.3 4 651
1717.1 2191.4 77.77160 3.386 0.90 49.7 3 147
1516.1 2164.9 31.06571 8.895 0.53 -81.7 4.5 363
475.4 2168.8 45.31559 5.097 0.37 -20.5 4.5 391
3109.8 2195.2 119.09670 5.447 0.73 4.2 3.3 261
2998.5 2164.7 10.93080 1.844 0.74 76.5 2.5 69
100.2 2185.6 44.47652 2.568 0.84 -82.4 3.3 129
3957.2 2174.1 16.09212 1.453 0.35 52.7 2.5 89
3070.1 2174.0 47.07858 10.212 0.43 30.8 4.5 549
2798.4 2170.3 20.98115 2.426 0.23 -26.9 4.5 311
1830.3 2174.3 17.86312 5.202 0.34 -77.0 3.5 249
2926.9 2188.3 58.35102 3.674 0.78 26.7 4.5 273
2334.8 2179.5 33.26199 11.577 0.90 34.6 4 279
3396.7 2205.2 126.61160 11.579 0.94 85.5 4.5 499
1267.1 2183.2 20.96333 1.835 0.58 43.4 1.3 45
440.5 2212.5 99.98784 7.669 0.60 -87.9 4.5 431
1355.4 2191.6 23.81304 6.210 0.78 68.9 3.7 201
780.4 2191.0 13.33946 2.745 0.27 84.9 4.5 239
2956.0 2201.2 41.82036 2.459 0.88 28.3 3 111
2155.9 2199.4 43.15652 5.251 0.89 38.2 4.5 281
2632.4 2239.3 171.35220 8.185 0.80 70.4 3.4 345
2422.8 2205.4 18.20512 4.761 0.22 85.4 3.9 317
3420.3 2226.9 123.89660 29.431 0.54 50.5 4.5 911
2270.0 2197.7 14.65422 5.129 0.86 -1.6 4.5 199
46.9 2209.8 11.83039 3.221 0.84 44.9 2.6 93
1944.6 2219.0 23.35357 2.884 0.75 -14.2 1.8 79
2246.1 2232.0 56.80527 3.396 0.86 53.3 3.5 165
3724.9 2207.1 11.39805 3.253 0.59 64.7 4.5 181
2917.4 2252.5 84.77397 3.622 0.95 -75.6 3.7 185
2069.9 2252.1 70.64765 3.407 0.63 -81.1 3.5 203
1091.3 2312.3 275.98650 7.364 0.69 59.8 4 443
976.9 2221.5 20.14389 9.106 0.88 77.9 4.5 267
1239.0 2233.8 13.47969 1.956 0.28 -78.9 2 97
3006.9 2251.7 47.04230 2.698 0.89 68.3 3 119
3993.5 2224.7 58.72763 60.281 0.44 33.3 4.5 861
743.4 2229.9 23.97131 15.727 0.61 21.5 4.5 383
3990.3 2230.9 36.08360 23.014 0.46 22.8 4.5 559
448.9 2234.3 16.04877 5.872 0.50 46.3 2.1 157
3433.7 2254.1 50.59851 13.736 0.59 67.9 4.5 515
30.5 2265.9 43.23228 2.338 0.82 -64.3 3 109
116.7 2249.5 14.34141 0.980 0.20 -17.5 4.5 207
3942.0 2245.8 17.24595 8.097 0.50 -82.3 4.5 309
1774.9 2256.7 22.47536 4.379 0.25 44.9 4.5 381
811.5 2280.6 44.17108 6.091 0.73 29.4 4.5 319
306.9 2302.9 319.35150 4.722 0.68 -8.5 3.8 347
1249.7 2287.6 121.24970 7.619 0.74 67.3 4.4 383
3170.2 2255.1 13.10066 1.786 0.53 29.7 2 65
4062.2 2256.9 8.43907 0.308 0.23 50.1 4.5 131
1200.7 2252.5 14.78334 5.145 0.17 14.4 4.5 471
1923.9 2268.2 41.69122 15.921 0.72 -26.0 4.5 411
3228.8 2255.0 13.86515 4.585 0.52 -43.6 1 77
1228.3 2269.0 69.29861 28.808 0.48 32.5 4.5 743
2777.6 2279.7 38.76442 11.178 0.73 -13.1 4.5 339
2850.8 2299.1 104.33900 3.655 0.83 -53.5 2.6 151
1783.3 2262.6 12.99194 1.939 0.04 39.4 4.5 455
2124.5 2276.6 26.68558 6.715 0.69 4.4 4.5 287
650.1 2270.0 8.10879 2.182 0.48 87.2 1.3 51
1631.5 2298.0 73.11018 4.309 0.84 7.6 3.1 179
2930.1 2288.8 38.12605 2.818 0.84 -24.3 2.5 101
1946.6 2282.0 41.20390 17.585 0.26 55.3 4.5 749
426.4 2281.9 28.78700 13.322 0.18 47.4 4.5 699
2767.0 2288.6 43.61198 4.650 0.78 4.1 4 211
2511.4 2314.7 132.42030 7.274 0.51 32.0 4.1 431
2023.2 2282.2 20.29839 4.098 0.51 -19.1 3.3 177
1442.3 2277.5 80.60323 20.504 0.17 -48.3 0.8 425
1562.0 2298.6 39.57531 3.845 0.89 55.0 4.5 233
2657.8 2286.8 24.75327 7.280 0.27 83.4 1.7 227
500.0 2281.6 9.94758 1.392 0.42 -11.1 2.5 73
2714.1 2288.2 15.96992 3.108 0.57 -17.7 2.7 117
1427.4 2286.5 89.83728 93.312 0.25 -45.6 4.5 1413
2013.2 2288.3 20.63872 6.576 0.46 -20.6 0.3 53
443.7 2298.4 22.60751 7.382 0.26 50.1 1.6 227
150.2 2298.4 17.48600 1.230 0.51 60.0 4.5 177
3887.2 2296.7 13.04945 2.567 0.54 81.4 1.9 79
1641.5 2300.3 52.61776 14.170 0.81 -68.7 4.4 379
1734.4 2302.8 19.05441 4.645 0.78 -69.0 1.8 101
3796.2 2314.2 65.01961 5.215 0.60 49.3 4.5 329
3256.2 2293.1 15.77370 4.558 0.61 -13.6 3.2 159
2213.4 2344.8 142.64320 6.930 0.55 61.5 4.3 429
4132.4 2340.6 116.17950 4.849 0.74 -19.3 3.4 241
489.6 2315.9 13.74217 2.258 0.84 -8.0 2.8 81
1552.2 2315.4 39.82133 29.135 0.46 -81.7 4.5 625
3726.1 2348.6 117.00350 5.394 0.84 -40.7 3.7 263
2457.5 2318.1 76.02985 48.449 0.68 -50.2 4.5 739
2465.2 2321.8 67.47284 43.198 0.57 -18.1 4.5 755
2240.3 2322.5 32.90132 18.501 0.71 -42.8 4.3 387
1705.2 2334.4 16.51244 2.466 0.51 -46.1 2.6 105
1090.2 2334.3 81.15394 16.340 0.53 45.0 0.5 149
1023.8 2361.9 64.94645 3.311 0.83 72.6 4.2 197
2430.4 2340.6 35.39377 7.969 0.64 -19.0 4.5 381
784.2 2356.5 54.18730 3.124 0.45 -19.9 3.3 203
665.8 2343.0 24.46105 5.764 0.43 -85.2 4.5 323
870.3 2342.6 9.72445 0.583 0.16 -46.2 4.5 191
2139.1 2342.5 10.60783 2.779 0.56 20.7 3.9 133
3863.1 2355.2 43.93696 12.464 0.74 -4.1 4.5 407
4193.5 2346.6 78.78165 39.417 0.56 16.1 3.6 729
2432.8 2362.7 32.51914 9.593 0.47 -29.4 4.5 429
4180.2 2350.7 54.32432 39.367 0.67 15.9 4.5 627
1471.7 2349.7 11.46676 0.846 0.02 -37.9 4.5 717
3823.0 2358.9 20.59025 6.739 0.66 8.1 4.5 241
3789.0 2378.4 30.48876 3.575 0.83 87.4 2.2 105
270.7 2383.7 45.79579 3.352 0.58 -46.5 3 167
1043.2 2419.4 247.62400 10.604 0.53 -50.8 4.5 675
1201.4 2364.2 10.48158 1.881 0.20 29.1 4.5 237
1083.5 2389.3 77.11563 7.713 0.83 -39.9 4.5 423
1798.6 2370.4 30.91053 16.465 0.26 -35.0 4.5 671
1775.1 2391.8 40.72786 4.197 0.67 -44.9 3.8 203
2774.7 2422.3 255.94560 4.668 0.93 9.2 3.5 255
342.2 2519.5 795.04980 8.337 0.58 76.2 3.6 593
2220.6 2381.7 39.63387 14.615 0.28 -86.4 4.5 661
3034.8 2373.4 12.40438 2.457 0.53 -13.2 1.2 53
3036.5 2370.5 12.77603 2.630 0.65 -13.4 1.1 45
304.8 2380.1 18.43664 4.339 0.56 -14.7 4.5 243
2788.9 2390.6 40.21325 5.906 0.62 -44.3 4.5 377
1045.6 2397.1 172.92420 67.710 0.83 54.2 4.5 987
3907.5 2389.7 58.90624 36.324 0.40 44.2 4.5 821
1453.8 2389.1 38.45130 22.954 0.36 -3.7 4.5 665
933.2 2391.9 16.35031 3.230 0.23 11.8 4.5 275
1490.7 2391.3 27.10756 14.687 0.36 16.1 4.5 533
1488.3 2393.3 28.37524 17.949 0.37 14.1 4.5 541
2010.6 2446.7 155.67730 5.634 0.75 -23.5 4.5 367
794.8 2408.2 14.96601 1.920 0.15 -49.0 4.3 245
520.6 2414.8 11.25535 2.595 0.58 84.9 0.4 25
3296.3 2404.8 22.16402 9.185 0.28 70.6 4.5 449
234.3 2421.5 14.13833 2.321 0.47 73.5 1 45
1643.8 2429.8 25.78148 2.322 0.62 3.0 1.9 77
2626.8 2412.2 31.98439 31.709 0.65 4.7 4.5 487
3668.1 2469.7 248.67070 5.655 0.94 -61.4 4.5 367
3925.7 2411.4 27.90804 22.714 0.80 -4.6 4.5 395
4065.2 2420.1 28.07123 23.645 0.30 3.1 4.5 647
3364.4 2431.8 30.25607 4.523 0.87 -30.0 2.5 131
2751.7 2442.6 64.20238 16.321 0.69 -30.1 4.5 525
3814.8 2462.7 113.09150 5.545 0.93 86.2 4 263
60.3 2431.3 10.30366 1.747 0.50 32.5 1.9 63
3371.8 2436.7 26.71452 7.141 0.72 -75.3 1.8 149
354.7 2438.2 21.26618 2.066 0.92 -19.1 4.5 165
3030.5 2460.4 78.03896 5.753 0.65 21.8 3.2 251
2143.7 2438.6 12.67338 2.071 0.48 -29.4 2.6 95
3309.4 2450.4 95.48769 47.767 0.87 2.4 4.5 715
3323.6 2467.1 122.23830 23.174 0.84 67.0 4.5 691
725.8 2447.3 39.25348 11.235 0.84 -30.3 1.6 183
1887.5 2440.7 18.43029 3.721 0.40 -5.2 4.4 225
2400.0 2588.4 1397.53500 6.659 0.68 -58.7 4.2 629
3289.5 2457.7 79.85966 22.594 0.50 -16.8 4.5 755
3659.0 2449.2 138.35510 58.071 0.51 -80.9 4 1073
1338.7 2442.9 7.55292 2.161 0.88 18.9 0.4 17
5.6 2467.4 32.83863 2.318 0.68 54.8 1.7 67
2722.0 2448.8 14.32721 4.292 0.19 35.2 3.6 289
526.8 2786.6 11002.10000 10.564 0.56 -38.4 3.8 1239
1372.8 2462.4 67.48781 20.102 0.67 57.1 4.5 585
1392.3 2481.8 127.96880 31.692 0.79 63.1 4.5 779
1482.7 2459.6 12.62897 0.790 0.21 -53.2 4.5 173
2835.8 2457.8 9.22212 1.845 0.13 -72.4 4.5 239
3016.3 2472.8 68.99374 32.266 0.68 -72.9 4.5 641
1768.6 2472.7 20.21327 2.788 0.58 -18.7 2.9 125
1218.6 2479.1 15.59451 3.074 0.68 -58.9 1.1 53
1345.9 2472.0 18.69942 4.868 0.33 -17.7 4.5 357
3748.8 2495.8 63.40779 4.255 0.47 -27.2 4.1 289
4197.3 2501.7 42.71390 2.094 0.44 89.7 4.1 187
239.8 2530.6 266.05550 5.225 0.66 21.9 3.7 343
1391.1 2496.8 108.33860 37.148 0.71 -70.3 4.5 789
3427.0 2483.7 32.13736 10.812 0.26 -67.4 4.5 543
2477.6 2494.9 21.02123 2.095 0.97 -33.3 2.4 69
2868.1 2503.2 35.45768 3.677 0.64 -44.2 1.9 107
3417.8 2505.8 52.49080 4.865 0.54 -79.3 4.1 277
3631.0 2499.3 34.96659 37.930 0.48 -41.2 4.5 603
3913.6 2509.5 25.64529 8.650 0.37 74.2 4.5 423
3490.3 2507.5 10.46999 1.304 0.17 -42.5 4.5 251
2040.5 2569.1 161.52020 4.572 0.98 -68.8 3.2 211
4023.8 2520.3 20.32180 7.706 0.55 -74.4 4.5 315
1524.8 2522.9 12.51454 2.721 0.52 80.2 3 121
1038.8 2547.9 58.35446 2.935 0.60 22.1 3.5 181
4032.0 2595.5 253.37750 7.002 0.83 48.9 4.4 413
1864.2 2542.2 22.84421 7.025 0.49 84.4 4.5 337
3548.8 2543.7 17.20204 2.167 0.68 -51.5 0.6 25
2437.2 2555.9 102.05400 25.479 0.60 -40.1 4.5 777
3331.9 2577.0 95.40773 3.954 0.78 71.3 4.2 245
2386.2 2621.4 344.21530 14.921 0.64 64.9 4.5 807
3620.6 2547.0 11.06219 3.465 0.44 -72.2 3.1 149
1906.8 2548.9 16.08901 4.941 0.70 2.1 4.5 225
1801.1 2600.2 261.01070 4.243 0.68 -6.3 3.4 281
2088.2 2577.6 90.14201 11.386 0.77 -86.7 4.5 509
2659.2 2569.7 38.30174 5.482 0.57 41.1 2.4 185
924.1 2580.9 64.58466 2.825 0.82 -46.8 2.8 129
20.7 2553.1 11.89016 2.539 0.90 -0.2 4.5 155
2307.5 2570.5 17.89364 3.769 0.55 -57.1 2.1 115
2261.2 2566.0 18.84219 5.235 0.49 45.6 4.5 289
2844.2 2632.4 275.49380 6.210 0.81 69.9 3.4 323
2661.3 2577.6 32.67862 5.657 0.57 64.8 0.6 61
3992.9 2581.5 33.95829 9.208 0.39 -6.7 4.5 497
243.7 2625.8 225.67810 6.778 0.73 -23.0 3.5 349
4051.1 2586.2 178.12810 23.250 0.75 -13.0 1.7 413
493.5 2632.7 265.58320 5.368 0.67 -24.2 3.3 313
994.5 2584.3 12.48617 1.373 0.43 48.7 4.5 155
977.6 2605.9 18.88932 3.950 0.36 73.1 0.4 45
411.3 2577.8 5.98478 0.240 0.60 -11.1 4.1 33
3229.2 2593.3 28.61588 1.790 0.75 -82.6 1.9 57
3476.1 2628.5 142.39260 5.107 0.91 -47.5 3.6 247
806.4 2606.4 43.13055 3.957 0.62 -6.5 3.3 187
2998.3 2597.8 19.80352 2.203 0.91 63.4 3.4 97
1719.8 2594.2 37.82111 14.193 0.40 -75.8 4.5 537
2094.0 2593.6 82.19585 46.014 0.75 46.5 4.5 721
3465.1 2599.1 12.96971 1.568 0.60 65.3 4.5 149
3550.0 2625.3 112.09240 5.895 0.72 -19.3 4.5 345
2424.2 2626.6 119.36600 19.304 0.82 10.2 4.5 637
447.2 2601.6 11.93918 1.950 0.21 32.2 4.5 213
3739.7 2620.0 95.38629 19.065 0.62 -27.8 4.5 631
973.5 2599.5 15.69440 3.384 0.32 67.8 1.1 83
843.8 2606.7 23.95708 2.279 0.28 1.7 4.5 327
1714.6 2604.0 20.47141 6.654 0.43 -74.3 0.3 57
3953.0 2602.1 7.71883 0.505 0.22 56.1 2.1 43
3801.1 2608.9 16.13090 2.529 0.58 5.0 3.6 131
403.3 2606.3 10.33665 0.690 0.27 -1.3 2.4 55
2897.6 2603.2 7.74088 0.561 0.23 -73.0 2.2 45
3110.5 2618.1 21.22436 1.891 0.86 -81.1 2 59
925.5 2634.2 66.60761 7.669 0.69 71.0 4.5 395
2563.9 2606.9 24.36366 11.312 0.33 -78.0 3.7 409
777.9 2638.1 74.55630 3.673 0.89 -16.4 3.4 175
3701.5 2622.2 62.03997 31.543 1.00 50.9 4.5 515
3619.3 2642.3 42.88572 4.107 0.75 -60.9 4.5 229
3859.9 2643.3 62.34253 3.401 0.77 22.1 4.5 249
2271.8 2631.7 29.53141 1.962 0.67 69.3 2.8 97
936.6 2640.9 59.38265 8.641 0.73 30.8 3.1 271
2765.4 2621.8 7.64766 0.762 0.43 53.5 4.4 79
1975.3 2628.7 18.22319 2.631 0.99 -45.0 4.2 117
2982.6 2627.9 9.93423 2.290 0.38 83.1 2.7 111
2481.8 2632.2 9.23849 1.610 0.30 59.2 3.1 111
2919.2 2646.1 14.67347 3.580 0.63 59.0 0.3 27
919.8 2694.7 283.83510 7.762 0.88 72.2 4.5 453
2554.8 2635.5 11.92210 3.305 0.62 -17.1 4.5 157
1346.7 2659.4 40.16890 2.469 0.93 -7.4 3 105
2229.2 2639.4 22.79224 8.071 0.49 89.3 4.5 329
3187.4 2646.9 15.39196 1.970 0.61 -80.2 1 37
3090.1 2647.6 13.31202 0.880 0.11 -63.5 4.5 259
4075.2 2647.1 11.74708 3.270 0.60 83.3 1.3 65
2685.6 2635.9 23.35111 15.655 0.31 -13.1 4.5 537
3136.1 2648.1 17.95384 2.624 0.35 -40.5 4.5 257
2329.9 2646.7 7.80491 0.504 0.12 -57.6 2.5 67
1792.1 2668.7 32.95762 2.662 0.91 -10.4 2.5 93
2991.5 2731.1 296.88470 6.473 0.86 -64.2 4.1 381
3597.9 2659.7 43.24108 11.857 0.81 -59.5 4.5 361
1506.8 2654.8 10.28237 1.066 0.08 41.0 4.5 321
435.4 2671.6 26.65439 2.485 0.71 56.8 4.1 147
598.8 2670.3 41.27309 10.251 0.71 74.4 4.5 395
1747.0 2669.4 17.08460 2.237 0.79 10.6 3.7 109
1850.5 2673.2 13.63844 3.372 0.48 -52.1 0.3 29
1441.3 2662.2 8.98888 0.962 0.58 87.9 4.5 109
740.2 2697.6 47.95960 3.191 0.81 81.5 3.4 153
4065.2 2674.1 10.52138 2.689 0.84 34.2 3 89
3488.7 2689.1 30.32977 2.913 0.42 -12.3 1.7 99
984.3 2707.5 92.74380 4.756 0.91 -46.8 4.5 267
2297.0 2690.8 10.78677 2.828 0.66 55.3 0.6 31
1549.1 2778.6 382.39380 7.492 0.54 -64.9 3.6 501
1292.5 2717.8 98.67355 4.094 0.90 -33.8 2.5 149
2497.1 2691.1 16.10214 1.863 0.69 -5.9 3.8 107
4130.3 2686.4 8.06482 0.787 0.20 23.2 4.5 151
3328.1 2726.9 90.87444 4.969 0.93 5.8 2.8 181
272.3 2757.6 214.76510 5.153 0.79 74.8 3.8 307
905.6 2704.2 115.76970 58.857 0.79 -65.4 4.5 849
4174.5 2719.3 134.86380 25.034 0.74 24.6 4.5 779
1998.3 2715.0 32.47107 6.240 0.83 70.5 2.7 171
3384.4 2697.8 7.20320 0.264 0.21 50.2 4.5 89
1987.9 2707.6 46.13010 20.958 0.26 7.3 3.6 699
3064.6 2712.6 18.85838 5.581 0.63 -36.8 4.5 279
2767.7 2721.5 43.07051 1.852 0.87 -43.3 2.5 77
2899.7 2716.1 24.02556 3.695 0.79 -84.5 3.1 135
2946.9 2730.9 95.09280 16.023 0.69 13.0 4.5 631
1353.2 2733.6 36.26688 4.242 0.63 25.1 0.8 61
3110.3 2716.4 19.88421 3.363 0.44 -67.5 4.4 209
782.7 2720.9 11.68233 1.371 0.35 -62.2 3.3 103
2675.8 2733.0 53.16489 3.301 0.92 62.5 4.5 205
1535.6 2735.4 101.35080 37.973 0.70 48.3 4.5 779
2949.7 2721.5 111.97990 67.457 0.79 17.9 4.5 861
4050.5 2733.6 24.43325 2.862 0.61 -46.7 1.6 75
2313.8 2774.1 176.53630 7.623 0.76 -89.8 4.3 407
130.6 2735.9 31.40561 5.088 0.59 -23.5 1 83
3054.3 2728.9 42.71998 11.310 0.59 -16.9 4.5 421
3041.1 2890.4 2447.76100 7.685 0.98 -40.3 3.7 559
3907.4 2738.4 15.22175 2.435 0.88 51.4 1.6 53
903.2 2743.7 18.57616 1.871 0.60 -42.4 1.2 41
705.3 2728.7 11.93615 2.931 0.26 74.9 4.5 263
115.6 2734.8 59.25699 30.833 0.32 14.1 4.5 845
2176.3 2732.5 9.14376 2.507 0.60 13.9 2.1 75
2310.2 2743.6 51.19884 36.252 0.29 -87.7 4.5 909
3451.9 2797.9 238.03240 6.716 0.86 -76.9 4.5 427
3470.7 2756.8 29.85423 6.963 0.81 -39.9 4.5 305
2659.8 2742.8 35.03612 26.568 0.21 -7.6 4.5 861
2594.5 2756.4 33.37722 16.230 0.49 -29.1 4.5 503
601.9 2784.9 140.12230 48.271 0.70 -84.3 4.5 929
1792.3 2758.6 17.95383 6.294 0.30 -1.0 4 307
2853.6 2770.6 22.16249 2.769 0.94 -14.4 3.5 113
1677.8 2760.7 11.52575 3.065 0.32 36.1 4.5 203
3088.2 2776.6 17.20252 2.479 0.41 -30.6 1.8 87
1642.5 2781.3 36.58141 3.084 0.57 -24.8 4.5 219
377.3 2765.7 9.30725 1.893 0.60 80.3 2.3 69
2564.6 2763.5 18.49047 4.975 0.56 -10.6 4.5 269
2961.6 2763.4 11.91701 2.798 0.12 -22.9 3.9 293
3310.8 2771.8 17.16621 3.687 0.63 50.4 4 167
854.5 2942.5 1721.40700 9.156 0.72 65.0 3.7 683
3628.2 2770.9 11.62254 4.152 0.67 56.9 1.3 75
3670.5 2886.0 184.38500 33.255 0.67 0.4 4.5 989
2471.5 2805.0 77.41163 3.684 0.92 -14.0 2.1 111
346.7 2787.4 14.49672 1.455 0.51 69.3 2.8 81
2039.0 2789.7 35.85166 3.666 0.67 -71.9 4.5 243
1522.7 2794.5 114.16380 17.741 0.56 -47.7 0.3 127
2701.8 2789.6 17.20883 4.493 0.36 21.9 0.3 43
3811.3 2790.2 24.97814 7.350 0.36 -1.4 4.5 425
1615.4 2783.3 13.51127 2.260 0.10 10.8 3.3 263
3124.7 2808.0 68.76646 5.818 0.62 -6.0 4.5 443
1224.8 2820.1 60.52876 3.836 0.56 37.3 2.7 175
3104.6 2812.7 35.02531 6.877 0.50 46.1 1.5 153
3427.3 2803.9 173.95020 76.510 0.99 -73.0 4.5 939
1460.0 2798.2 23.49380 3.950 0.85 -8.4 3.1 135
2709.6 2793.7 19.27991 5.787 0.67 36.3 3 173
2397.2 2820.1 62.52878 1.995 0.92 41.6 2.5 83
3505.9 2805.5 77.83324 31.547 0.87 -42.5 4.5 609
1687.2 2815.2 30.46580 3.893 0.69 61.3 3.5 171
3610.6 2801.3 11.05285 1.084 0.19 -46.1 3.3 121
3358.8 2810.3 17.82654 1.804 0.46 2.2 4.5 173
4123.1 2813.5 43.21955 16.905 0.90 -7.2 4.5 409
3426.9 2819.6 138.54140 73.041 0.63 -55.8 4.5 1063
2320.5 2815.5 20.00905 2.919 0.77 79.4 2.9 109
2542.9 2824.0 52.25634 15.906 0.63 44.0 4.5 507
64.5 2831.8 25.71767 4.339 0.55 39.4 3.3 187
203.4 2820.1 30.65424 21.427 0.38 70.7 4.5 569
2673.4 2841.7 36.40452 5.547 0.93 62.5 4.2 209
1282.6 2837.8 21.55906 3.809 0.69 -2.9 0.3 27
729.8 2833.6 9.86711 0.391 0.06 69.9 4.5 163
3621.2 2870.2 130.95160 4.717 0.85 -57.4 3.6 243
216.9 2851.3 70.92898 4.427 0.65 29.6 4.4 271
2043.0 2832.5 23.44785 7.781 0.17 51.8 4.5 633
2657.4 2840.4 24.53183 4.512 0.54 13.3 4 219
3253.4 2833.3 16.36277 3.954 0.40 -2.3 4.5 231
2362.0 2902.2 336.82520 5.076 0.66 13.0 3.6 351
260.4 2832.3 9.21486 2.313 0.26 35.3 1 61
2849.6 2857.2 49.86175 2.952 0.86 -3.6 3.8 155
312.9 2836.6 31.46126 18.836 0.30 -61.2 4.5 629
3060.1 2849.5 147.99540 42.942 0.62 50.5 3.6 867
3132.2 2851.5 14.22617 2.281 0.84 -61.4 4.4 117
4034.4 2859.8 22.78136 3.048 0.55 89.1 1.3 69
422.6 2872.7 100.88950 17.874 0.61 -84.8 4.5 697
300.6 2854.2 19.63451 1.878 0.36 -72.9 4.5 175
1045.9 2850.0 11.45784 1.349 0.28 -23.4 3.1 107
1116.3 2883.8 106.31720 4.561 0.70 22.7 2.9 209
1090.4 2853.4 21.36374 12.165 0.73 79.9 4.5 325
659.7 2858.8 22.94841 4.969 0.81 -40.0 4.5 201
3558.8 2863.0 17.63507 3.203 0.58 65.8 0.6 41
997.1 2877.8 89.25201 7.978 0.88 15.2 4.5 387
2776.2 2867.6 13.80890 1.888 0.78 6.5 0.5 19
851.0 2903.6 327.63920 92.132 0.84 14.0 4.5 1363
838.4 2869.5 54.89137 43.404 0.91 -77.3 4.5 547
1290.3 2877.7 25.92396 6.785 0.28 35.2 4.5 427
1740.8 2881.6 25.11678 1.871 0.94 1.0 2 57
2478.3 2876.3 23.77292 6.717 0.50 6.2 4.5 347
4196.6 2880.3 80.70018 28.061 0.25 -61.8 2.9 889
1020.1 2889.7 104.23380 47.775 0.32 28.6 4.5 1217
17.1 2885.6 52.69493 18.447 0.31 -72.7 4.1 663
4151.6 2907.5 151.22460 83.460 0.44 -16.0 4.5 1345
3654.3 2886.9 145.99880 53.444 0.59 16.2 4.3 999
3143.4 2896.5 43.26693 5.768 0.92 10.4 4.5 235
114.6 2881.3 62.23669 65.393 0.51 -9.8 4.5 829
177.9 2876.0 57.11486 35.808 0.50 77.5 4.5 709
1025.2 2890.3 49.57804 15.268 0.26 30.3 4.5 681
3233.9 2879.0 9.48401 2.707 0.87 7.7 2.7 81
1926.8 2896.0 21.99271 3.438 0.40 -46.5 4.5 249
3407.2 2899.9 40.97134 9.313 0.79 -79.5 4.5 329
3154.7 2903.0 59.54328 21.783 0.51 78.4 4.5 643
4190.2 2897.2 212.03360 90.613 0.63 -15.2 4.5 1323
3693.2 2899.7 37.55847 17.585 0.44 27.8 4.5 551
2035.5 2916.3 43.62245 2.407 0.92 -15.8 3.1 111
11.2 2904.8 40.27810 9.257 0.22 -62.7 2.6 425
2872.0 2922.2 48.94793 6.537 0.94 -29.2 3.5 215
1422.4 2946.3 196.46750 6.136 0.69 -39.3 3.9 359
2874.8 2908.1 36.41093 9.391 0.40 70.4 4.3 407
4197.5 2907.2 115.45610 33.219 0.47 25.7 2.5 731
1449.6 2911.9 59.25184 27.204 0.43 -53.3 4 681
2322.8 2921.1 75.09905 28.628 0.39 -35.0 4.5 873
493.8 2928.0 19.51508 3.691 0.35 -79.2 3 187
2266.1 3089.8 845.00410 8.021 0.74 38.1 3.6 527
3584.2 2918.8 13.48543 2.690 0.23 -28.3 4.5 289
695.5 2918.6 13.15445 2.533 0.30 25.9 4 185
2987.8 2921.0 33.82468 36.160 0.97 81.4 4.5 417
2301.7 2931.2 68.25820 29.868 0.58 -8.3 4.5 697
3548.9 2942.3 18.72347 2.518 0.91 -34.3 1.3 47
1446.6 2929.5 79.15693 39.556 0.48 -50.1 4.4 823
3366.1 2934.5 38.33944 19.422 0.73 73.0 4.5 453
3024.5 2951.6 193.78670 55.734 0.76 -43.5 4.5 1049
5.5 2943.3 24.00289 2.280 0.67 -31.1 2.2 83
3008.2 2954.2 125.01890 28.463 0.76 -35.5 4.5 755
1294.3 2942.9 33.24801 4.918 0.61 5.7 3.3 201
3858.6 2935.0 15.22276 5.172 0.35 41.4 4.5 297
1889.1 2940.0 75.92073 71.714 0.43 68.2 4.5 1023
2655.3 2961.7 40.80508 4.054 0.70 -26.9 2.6 149
3821.0 2948.2 20.84619 2.446 0.75 12.0 3.6 119
1783.4 3041.7 767.47440 6.559 0.87 -5.5 3.4 399
2588.1 2953.9 58.95210 21.706 0.54 45.0 4.5 635
3316.6 2937.9 7.65085 2.668 0.76 -21.2 1 39
2380.2 2944.9 18.10740 6.828 0.60 53.5 1.5 129
4006.0 2976.5 84.71926 9.361 0.77 22.8 4.5 379
2167.0 3040.2 255.68280 6.017 0.91 12.8 4.5 405
1479.5 2955.7 13.46358 2.524 0.44 -58.2 4.5 185
1886.4 2964.0 21.14799 4.163 0.26 -28.2 4.5 353
3770.0 2966.7 19.15422 3.263 0.81 -10.0 1.4 63
1426.9 2965.6 40.44994 24.892 0.31 32.3 4.5 741
3382.1 2960.8 44.26923 27.510 0.34 -9.9 4.2 709
2606.9 2978.9 57.54407 23.028 0.99 88.8 4.5 473
1262.3 2977.1 21.27941 3.381 0.59 -4.6 2.5 123
4097.8 3029.1 62.31423 5.032 0.57 -8.0 4.2 289
394.8 3073.2 66.15062 4.491 0.84 -24.5 4.5 255
3946.9 2978.5 10.39571 2.688 0.99 87.7 2 61
636.0 2975.3 9.10194 1.644 0.29 34.2 1.5 61
1365.1 3059.3 162.10720 5.365 0.85 -72.4 3 233
1472.6 3007.6 27.58299 3.934 0.42 -71.9 3.8 225
991.1 2992.8 17.17179 3.180 0.52 63.3 4.5 239
2796.7 3016.1 37.17817 2.020 0.69 77.8 4.5 187
2709.8 3008.6 47.03479 3.981 0.89 23.8 4.5 207
3439.9 3009.4 25.53193 1.913 0.79 80.2 4.5 137
3841.8 3004.5 24.13746 2.720 0.46 43.9 4.5 249
3259.0 2990.3 9.31122 0.785 0.05 22.4 3.2 187
2301.2 3005.3 16.64419 1.964 0.49 -64.3 1.2 49
1220.4 3087.3 447.27930 6.629 0.73 74.2 3.8 433
3134.5 3001.7 7.13375 0.857 0.27 50.4 3.3 81
180.5 3017.1 25.57985 3.595 0.78 85.9 3.2 139
3394.4 3011.0 44.78277 13.860 0.70 -36.3 4.1 377
1906.7 3011.8 13.12537 2.804 0.80 36.3 0.6 29
3530.8 3047.5 119.36420 6.489 0.78 77.4 4.1 321
3380.4 3008.6 40.04148 21.796 0.57 21.1 4.5 535
495.7 3008.0 10.82422 2.955 0.93 15.6 4.5 125
2152.6 3018.8 232.60080 94.105 0.98 -11.9 4 1083
1983.8 3012.5 9.63890 1.932 0.63 -49.8 4.5 137
734.2 3018.8 15.00371 3.185 0.59 -84.8 4.2 159
2395.0 3010.7 7.43810 0.564 0.05 -48.4 1 41
212.4 3021.3 57.35559 46.414 0.99 -42.6 4.5 535
4154.6 3035.0 49.52309 5.631 0.73 67.1 4.5 331
2974.0 3036.3 30.89082 2.337 0.85 47.4 2.7 95
2428.2 3033.4 43.74740 7.623 0.40 -16.8 3.7 359
3939.8 3020.5 9.79331 2.207 0.56 -66.6 4.5 163
2547.5 3029.1 27.76490 6.259 0.44 29.4 4.5 363
2444.5 3032.1 44.36665 10.469 0.19 -4.7 2.2 447
3773.1 3045.2 42.96015 5.088 0.88 26.4 4.5 273
1577.1 3029.1 24.23904 7.897 0.80 23.6 4.5 253
220.0 3062.7 106.94400 5.463 0.88 -4.4 4.5 301
2609.6 3028.7 31.77249 11.600 0.08 45.3 3.7 921
3478.2 3079.2 248.08990 56.761 0.87 -45.1 4.5 1047
1846.3 3129.8 840.17530 7.771 0.63 3.4 3.6 555
2230.6 3041.9 49.81368 48.366 0.65 45.9 4.5 629
2621.5 3038.5 37.47956 17.689 0.37 19.3 3.8 529
3473.5 3093.0 215.60210 9.025 0.75 -53.8 4.5 537
4173.0 3052.0 19.81807 2.041 0.62 -16.9 1.5 55
52.1 3046.5 15.92161 3.032 0.29 -42.2 4.5 305
3464.7 3073.2 192.89060 51.294 0.73 57.8 4.5 1047
2399.0 3068.2 26.11574 2.293 0.61 42.2 1.9 77
1245.8 3055.3 24.21792 7.151 0.36 -17.2 4.3 339
1719.3 3077.6 62.22950 3.587 0.60 -7.2 3.3 195
2995.3 3064.8 12.08127 2.061 0.58 -77.7 3.7 111
2479.6 3092.6 70.32368 4.828 0.84 81.5 4.5 289
1555.4 3077.0 24.46288 3.546 0.88 -6.8 2.4 103
550.7 3097.1 66.17150 4.638 0.64 -49.6 4.1 263
1410.0 3074.8 51.51157 17.799 0.94 11.4 2.9 329
715.7 3083.9 38.83358 11.446 0.46 -81.8 4.5 497
1418.4 3081.8 43.41420 15.876 0.86 8.1 2.6 297
162.7 3105.6 58.17289 6.818 0.72 -17.8 4.5 407
3330.4 3088.4 57.87218 35.869 0.52 69.7 4.5 713
1538.2 3082.9 19.68609 8.900 0.23 -6.5 4.5 497
2961.1 3103.6 16.87809 2.593 0.40 60.6 2.7 129
706.0 3099.7 20.09086 7.672 0.48 16.3 3.9 277
4071.0 4095.8 23.03334 1.737 0.84 86.4 3.7 99
2703.1 4092.4 86.68138 3.792 0.66 -10.9 3.2 203
2385.9 4094.1 78.95312 3.519 0.98 7.2 2.9 141
950.8 4097.8 20.92467 5.355 0.26 -13.5 4.5 389
3325.9 4088.0 92.33205 5.038 0.59 -67.0 3 239
1114.6 4053.8 175.03990 18.676 0.88 66.2 4.5 735
3895.4 4064.4 150.23020 5.647 0.88 -30.9 3.5 267
2147.3 4045.5 63.33995 12.570 0.40 8.7 4.5 629
1580.0 4094.3 15.78059 2.463 0.53 82.7 3.7 137
2825.7 4023.8 80.38667 31.566 0.29 -76.4 4.5 1019
330.2 4002.2 27.90043 4.576 0.34 -78.8 1.9 163
3406.2 3959.7 83.68448 17.210 0.69 -60.5 0.8 197
2571.8 3957.5 64.38616 26.198 0.36 -5.1 4.5 791
3742.0 3951.5 33.22247 4.960 0.42 -57.8 4.5 329
2594.1 3955.2 22.44507 16.233 0.40 -3.5 4.5 477
2387.4 3950.9 81.49486 15.791 0.62 55.6 4.5 613
1051.9 3954.2 13.36957 3.077 0.63 23.8 1.3 61
4103.1 3954.8 11.33344 4.564 0.40 -3.7 3.2 183
2517.8 3951.4 24.18970 1.998 0.99 -58.7 4.5 153
1963.7 3949.4 18.28253 4.113 0.34 -88.1 1.1 95
4194.8 3899.6 175.37590 13.264 0.61 -59.3 4.5 723
42.4 3908.2 7.88193 0.358 0.02 42.2 2.8 155
2790.1 3902.5 34.15884 2.122 0.70 -36.9 2.1 77
4044.8 3280.2 18.04679 4.229 0.30 31.4 4.5 305
1453.3 3219.5 12.75937 4.105 0.56 -20.4 4.4 181
3533.9 3320.1 39.69146 10.335 0.55 -48.6 0.3 75
1249.6 3249.1 62.98505 5.501 0.94 -54.0 4 229
22.8 3258.8 55.53751 10.699 0.58 -16.6 4.5 513
350.2 3202.9 94.64729 7.241 0.59 47.5 3 295
1368.9 3215.1 18.00977 3.393 0.41 -39.6 2.2 129
3996.3 3586.2 14.18108 2.291 0.47 -54.7 4 143
1894.1 3789.8 12.47223 2.374 0.28 -52.2 1.6 89
782.3 3841.5 10.08128 1.938 0.56 46.6 1.4 49
744.6 3611.1 94.67484 17.851 0.78 -83.4 4.5 601
2150.3 3703.2 15.17967 2.624 0.78 41.0 4.5 133
1951.9 3632.6 21.20058 2.202 0.48 48.5 4.5 183
644.1 3663.3 152.06650 29.693 0.77 -89.1 1.3 397
3179.3 3822.2 12.45489 3.369 0.29 -59.2 4.5 255
2810.1 3698.0 10.66675 2.028 0.17 85.4 1.2 75
383.0 3752.0 9.39398 0.974 0.65 47.4 4.4 77
3910.1 3785.6 36.03881 3.944 0.99 -34.5 4.3 173
3093.9 3743.0 6.97498 0.291 0.47 89.0 4.5 81
2941.1 3803.0 23.46719 13.024 0.37 22.4 4.5 481
3989.5 3788.4 12.20451 4.111 0.68 -64.0 2.2 107
119.0 3686.6 16.34487 4.363 0.44 -86.5 4.2 219
3563.5 3826.6 30.82550 4.018 0.70 38.3 1.4 85
2755.1 3689.5 23.79532 10.530 0.11 53.3 4.5 847
3901.5 3776.0 25.14685 15.246 0.60 33.9 4.5 389
2794.1 3799.8 20.52093 4.323 0.59 67.8 0.8 59
2862.6 3799.6 27.88497 7.036 0.08 -1.8 4.5 887
1710.0 3771.4 84.94654 4.522 0.81 82.9 2.2 147
1141.8 3635.6 25.64495 12.538 0.25 20.2 3.5 489
2961.4 3809.7 46.33141 2.640 0.88 -39.6 3 115
2562.0 3761.8 39.26184 16.860 0.24 -29.9 4.5 763
252.3 3665.1 94.67962 22.818 0.45 70.5 4.5 759
3645.6 3590.5 15.36433 3.707 0.89 -42.6 4.5 173
2594.6 3751.3 126.20660 59.215 0.58 -81.8 3.6 965
2103.7 3761.5 10.61241 1.666 0.45 28.5 2.8 87
2585.1 3766.6 113.10120 27.550 0.69 -83.7 4.5 765
3033.3 3735.9 48.26657 3.431 0.94 -13.8 2.1 99
2268.0 3754.2 71.20715 2.737 0.86 -25.6 3.8 163
2733.9 3763.7 30.77251 5.227 0.83 67.5 2.3 135
1048.5 3748.3 19.01069 2.619 0.64 -38.7 3.9 139
2747.3 3641.4 26.69659 8.687 0.84 -44.2 4.5 289
3893.3 3715.5 48.76086 5.267 0.52 -8.4 4.5 405
4031.1 3762.1 91.57703 4.383 0.67 31.2 3 207
3000.5 3761.7 51.54012 7.181 0.63 -48.5 4.5 413
3822.2 3626.3 16.71715 2.282 0.32 -36.4 3.8 175
3497.5 3712.2 66.72513 3.950 0.69 -39.5 3.5 203
1946.6 3724.9 28.99620 9.626 0.19 -24.1 3 469
3153.8 3550.1 8.87511 0.427 0.41 -51.7 4.5 91
3136.2 3790.8 9.24293 0.631 0.23 68.0 4.5 119
2815.7 3602.4 9.23752 0.988 0.12 47.9 2.6 113
2073.3 3600.6 18.33677 3.564 0.03 -55.0 3 581
1255.1 3734.5 18.89835 2.675 0.55 26.5 1.1 55
363.1 3585.5 38.82074 2.647 0.83 -12.3 2.3 91
4125.1 3711.9 27.13534 6.516 0.26 -2.6 4.5 441
3015.8 3677.0 94.56127 66.557 0.74 -61.3 4.5 833
1957.4 3718.8 14.53525 2.658 0.16 -36.9 3.9 259
782.9 3732.2 71.06641 3.919 0.61 -43.3 3.7 231
2586.8 3734.2 84.29850 5.107 0.88 -78.8 4.5 301
3583.4 3714.0 49.23452 10.280 0.61 -72.2 4.5 407
2539.2 3734.7 23.37594 2.202 0.70 -74.0 2.7 93
1225.7 3706.9 56.78454 4.450 0.65 -33.7 3.6 221
2213.0 3710.9 50.49685 6.566 0.83 -61.4 4.5 287
2059.2 3723.7 15.25174 2.655 0.43 28.6 1.6 79
2541.4 3682.8 11.68729 1.151 0.44 46.2 2.6 67
1739.1 3620.9 23.08871 1.829 0.77 18.6 2.7 79
1594.2 3703.6 27.28795 4.239 0.66 -45.2 3.6 183
2570.7 3682.0 11.59291 2.323 0.10 -30.4 2.6 215
3133.7 3681.1 6.72375 0.853 0.11 -80.7 4.5 181
2461.4 3609.8 43.20144 5.077 0.54 -61.1 4.5 293
2515.7 3484.7 34.93992 12.443 0.26 -44.6 4.5 585
1881.5 3694.6 7.97584 0.761 0.33 15.6 4.5 153
1367.1 3602.4 237.92990 7.076 0.80 52.3 4 387
269.0 3610.0 58.19059 17.016 0.70 -62.3 4.5 519
658.8 3698.4 607.55190 8.240 0.51 56.1 3.8 625
4050.4 3624.9 108.05160 4.030 0.92 67.8 3.3 189
435.7 3710.4 13.27976 3.526 0.39 -3.8 1.2 83
4003.9 3679.4 36.08423 7.826 0.75 -78.5 4.5 309
3488.5 3662.7 21.90228 1.413 0.44 89.4 2.9 97
1510.5 3713.5 12.29958 4.111 0.11 40.2 4.5 517
3030.8 3663.8 103.75040 9.834 0.78 -44.8 4.5 423
1008.2 3676.3 35.67958 6.489 0.63 -58.5 4.5 289
3804.6 3673.2 34.51825 3.545 0.90 -88.1 2 91
836.9 3644.7 38.16533 4.385 0.98 80.5 4.5 239
1562.9 3594.9 115.30100 6.467 0.76 -32.4 4.1 323
3874.4 3641.2 24.83453 3.093 0.43 -9.5 2.5 141
2686.9 3629.4 38.48766 2.478 0.89 -27.1 2.4 87
371.3 3648.9 31.45905 3.863 0.62 -43.2 4.5 215
515.3 3653.7 30.17925 2.830 0.63 82.3 1.9 89
2824.3 3647.3 20.30818 3.192 0.59 37.8 2.9 131
2572.5 3582.1 209.66520 81.417 0.77 -79.1 4.5 1163
2721.0 3646.3 51.04812 5.501 0.85 30.9 4.5 303
1697.5 3643.6 23.93833 2.305 0.68 72.7 1.2 47
885.4 3638.2 23.77119 12.214 0.25 -1.8 4.5 569
3770.1 3642.3 16.78754 3.308 0.58 -85.5 0.7 45
514.5 3712.6 45.30280 3.873 0.82 13.8 4.3 199
1349.1 3579.2 70.58820 17.597 0.37 71.6 0.6 211
2031.5 3667.4 155.76610 5.004 0.63 -81.2 4.5 359
3394.3 3670.4 311.39240 5.974 0.89 -82.0 3.5 319
3371.9 3369.7 526.49460 7.366 0.64 76.8 4.1 543
3796.0 3571.8 73.97092 4.740 0.83 62.6 3.2 197
311.4 3622.3 18.45378 3.027 0.98 -7.7 1.2 47
2254.1 3563.6 12.76225 1.651 0.39 -59.1 4.5 167
2316.7 3598.4 69.56918 7.499 0.50 74.2 4.5 437
1606.9 3649.7 20.41839 3.774 0.57 72.9 4.5 261
3201.1 3631.5 129.91800 4.998 0.63 56.3 3.2 261
2956.1 3555.0 73.89973 10.349 0.74 11.7 4.5 413
897.0 3590.8 14.27706 2.386 0.89 -63.5 1.5 51
1783.5 3566.8 57.60591 36.863 0.55 88.7 4.5 697
3527.4 3618.8 59.51957 4.183 0.85 -2.2 2.1 119
4180.6 4040.5 77.17194 21.396 0.64 -88.6 4.5 643
4114.0 3366.9 119.35380 35.715 0.31 29.8 2.7 973
1704.1 3514.2 36.16677 28.912 0.90 88.5 4.5 433
3188.4 3588.7 33.83424 15.821 0.57 79.8 4.5 415
161.0 3614.5 14.49246 5.532 0.25 -7.7 4.5 333
1121.5 3625.6 17.61540 2.907 0.56 42.4 4.5 227
3046.6 3492.1 11.15656 2.395 0.34 56.2 3.7 157
1649.9 3531.0 75.80611 3.392 0.87 -64.7 2.5 125
4158.5 3872.6 77.65137 4.561 0.96 -84.8 4.5 259
1871.3 3584.7 41.65740 3.288 0.48 72.5 3.7 207
3755.8 3599.5 28.27508 15.894 0.23 9.9 4.5 689
148.5 3506.5 25.23881 8.833 0.59 -71.9 4.5 357
4052.6 3459.9 18.79811 2.264 0.78 15.7 1.2 43
686.5 3404.5 26.82511 3.377 0.77 -40.5 2.6 117
2830.9 3485.2 18.10529 6.093 0.29 70.7 3.1 273
139.8 3531.2 48.56311 36.800 0.50 67.4 4.5 687
571.5 3976.3 9.99261 1.051 0.40 14.9 3.1 75
69.9 3568.2 85.75623 26.090 0.88 70.6 4.5 597
3245.5 3569.0 14.27773 3.197 0.45 -23.1 2.1 109
1524.8 3485.3 28.96247 3.374 0.61 -23.4 3 149
1173.6 3570.9 107.74670 4.334 0.82 -11.7 3.2 201
473.0 3417.8 26.46645 10.181 0.28 64.4 4.5 549
246.4 3603.3 37.61250 16.224 0.67 44.5 4.5 455
2588.5 3559.0 469.95140 7.173 0.59 -68.4 3.7 501
2951.3 3545.3 94.03899 47.525 0.71 11.1 4.5 783
33.2 3468.9 10.66534 2.145 0.80 -36.5 0.5 21
3790.4 3566.7 90.45414 4.312 0.92 16.7 2.4 147
1504.6 3883.6 14.92989 2.320 0.74 -26.0 2 67
2896.4 3812.8 14.54868 2.150 0.21 81.1 4.5 339
331.6 3721.5 21.52659 3.355 0.41 -38.9 4.5 223
1017.9 3453.5 73.54118 44.106 0.66 -65.9 4.5 731
3955.2 3559.0 29.83383 14.891 0.67 -4.7 4.5 407
1434.9 3576.5 168.56270 4.738 0.83 -26.1 3.7 265
2454.3 3806.5 27.90665 6.907 0.39 44.1 4.5 419
3774.8 3606.1 14.68316 3.242 0.34 7.7 4.5 231
1494.2 3913.5 9.76956 3.707 0.49 8.2 0.9 59
118.5 3866.2 20.39307 2.782 0.54 -89.4 3.7 155
3434.7 3588.5 17.08261 1.769 0.59 52.6 4.5 185
154.7 3546.6 38.81783 6.271 0.66 41.2 4.5 279
5.5 3545.6 71.28317 24.762 0.38 -42.0 2.5 621
1879.4 3550.8 22.38174 4.086 0.63 -4.2 4.5 217
3240.5 3968.2 46.98171 5.170 0.61 -26.5 4.2 263
1712.3 3468.3 146.78660 5.234 0.85 54.0 3.4 251
2529.4 3517.4 27.79154 2.104 0.86 -78.0 1.4 47
2605.1 3528.5 199.95850 79.166 0.74 -81.8 4.3 1127
773.8 3386.5 42.07998 20.759 0.69 86.2 4.5 473
2347.2 3112.6 16.61909 2.806 0.65 -28.7 1.8 77
1690.9 3924.0 75.75844 76.120 0.47 -63.9 4.5 959
20.0 3536.3 56.71392 30.287 0.74 -39.6 3.6 517
1216.9 3426.4 54.08414 31.392 0.51 46.9 4.5 687
28.6 3423.3 22.45659 3.074 0.44 51.2 1.9 107
830.6 3449.5 17.81474 4.197 0.48 66.1 0.9 69
199.6 3535.3 7.90758 1.689 0.55 -2.1 0.7 25
2386.9 3912.5 387.49260 7.260 0.83 36.9 3.3 369
58.2 3988.5 18.78040 3.904 0.29 -79.9 4.5 357
3656.2 3487.7 55.14415 3.534 0.57 -20.8 3.4 199
3373.4 3726.1 190.19000 4.675 0.76 -27.8 4.5 337
3515.9 3505.2 77.62854 4.676 0.77 -80.1 4.3 259
2016.5 3523.2 26.94753 4.580 0.65 -84.0 4.5 235
2888.5 3889.4 23.60008 2.450 0.90 -24.4 1.1 41
1851.8 3500.8 20.56499 3.674 0.62 55.3 1.8 99
2712.3 3877.3 104.13980 25.145 0.72 -89.0 4.5 663
2196.6 3478.4 21.54265 4.296 0.34 56.1 2.3 177
3113.1 3099.8 12.90850 2.626 0.90 -69.1 0.9 35
2204.2 3406.4 13.73071 1.505 0.96 64.3 2.4 53
1457.4 3452.4 165.90340 4.985 0.61 -0.6 3 263
3368.8 3504.1 24.56023 2.188 0.59 14.9 3.2 121
3460.9 3481.5 21.59970 3.446 0.55 -77.3 4.5 219
3723.4 3496.7 107.85730 6.800 0.93 -18.7 4.5 339
3909.5 3409.5 35.63677 2.409 0.92 11.6 3.1 107
3606.2 3403.1 71.64809 3.970 0.76 -38.6 2.9 171
3161.4 3474.2 45.69926 26.532 0.62 4.1 4.5 547
714.2 3462.2 8.68476 0.379 0.87 -69.7 4.5 69
3458.7 3457.4 21.05824 8.851 0.15 9.5 4.5 613
314.9 3489.5 284.85060 6.088 0.85 -33.0 4.3 385
3749.2 3459.5 19.80340 7.858 0.40 28.6 4.5 389
3707.5 3507.0 37.71989 12.285 0.56 -32.5 4.5 411
431.9 3507.2 9.88086 0.514 0.08 -38.8 2.8 99
3164.9 3451.6 27.37891 15.542 0.51 -81.8 4.5 453
3206.7 3409.7 40.21497 3.353 0.67 67.5 3.4 165
2209.5 3799.7 53.80593 2.967 0.98 -37.2 3.5 141
3866.9 3497.3 45.42485 4.629 0.86 -44.8 2.8 157
1060.6 3373.4 110.76370 5.964 0.64 59.4 4 331
448.5 3443.7 32.44551 3.443 0.87 -60.3 4.5 223
606.7 3586.4 41.42736 5.338 0.60 -27.5 4.5 289
2834.4 3438.8 39.49489 6.129 0.64 -63.3 4.5 369
343.5 3178.0 142.15770 23.762 0.44 67.9 4.5 989
3867.6 3359.6 35.99107 14.615 0.58 79.4 4.5 419
732.7 3386.3 15.06715 3.006 0.25 -52.0 4.5 277
3331.4 3224.3 30.00388 1.981 0.84 -23.3 2.2 71
3361.6 4029.1 41.86794 10.914 0.55 89.8 3.9 369
4133.8 3401.5 27.60853 8.099 0.87 -75.3 4.5 297
2111.5 3475.1 13.98089 3.510 0.41 -55.0 4.5 257
3155.3 4093.3 54.20995 24.776 0.25 -80.3 3 773
3218.4 3434.6 25.45285 5.044 0.54 69.4 4.5 325
4004.0 3410.8 166.70440 5.533 0.85 16.6 4.1 309
3321.2 3393.1 13.77503 2.630 0.24 6.5 4.5 283
847.8 3118.7 25.73451 18.511 0.41 50.5 4.5 511
1656.4 3375.1 26.82436 6.311 0.30 -52.1 4.5 373
3478.3 3357.2 6.86810 0.122 0.02 -54.2 1.6 31
103.0 4096.0 22.39609 3.034 0.44 -16.9 3.7 181
1527.3 3402.3 118.91170 4.347 0.77 -3.2 2.8 193
3680.1 3298.5 18.29450 1.675 0.13 28.9 4.5 277
1045.3 3425.8 56.81911 55.513 0.41 -43.8 4.5 861
3190.4 3345.3 48.38572 29.067 0.58 -86.6 4.3 573
259.4 4079.9 27.78222 19.021 0.29 -54.8 4.5 621
1709.4 3363.5 18.23168 2.265 0.65 -81.7 3.6 119
2877.3 3300.9 58.59875 3.669 0.96 -53.0 3.3 157
49.9 3384.8 8.76047 1.831 0.98 -23.0 3.9 79
422.1 3408.6 27.53197 2.503 0.83 30.3 1.4 53
1409.7 3402.8 36.26398 15.235 0.27 -2.3 4.5 689
2488.5 3105.3 98.73872 43.241 0.49 -74.7 4.5 921
572.1 3389.4 39.61155 5.151 0.62 -8.6 4.5 263
2053.6 3107.6 34.46748 8.009 0.22 -10.4 4.5 579
3071.8 3374.4 102.75200 3.803 0.74 35.5 2.9 179
158.7 3416.6 69.40588 53.471 0.94 -74.4 4.5 619
160.1 3378.4 205.33970 5.477 0.66 -69.6 4.4 387
1203.2 3330.9 23.44996 3.501 0.39 41.3 2.7 165
3551.2 3377.2 93.73929 3.420 0.65 37.9 2.3 145
105.8 3338.3 38.69915 2.490 0.88 -78.6 2.2 83
2439.5 3354.0 54.44188 4.441 0.58 -21.4 4.1 257
385.9 3332.2 57.90223 45.837 0.44 -64.8 4.5 813
1784.1 3262.1 78.30591 6.385 0.49 -86.6 4.5 437
3471.8 3287.4 119.51420 3.637 0.87 57.1 2.9 165
2961.4 3880.8 9.10661 2.745 0.29 -1.8 0.8 57
3538.7 3311.6 42.77003 8.999 0.78 -38.3 0.6 81
2193.3 3272.6 59.49406 2.454 0.87 -4.9 2.6 103
1016.9 3441.9 61.27637 9.262 0.61 51.7 4.5 407
1776.6 3292.6 58.39376 3.458 0.70 -68.7 4.5 273
3533.8 3326.2 38.33813 24.454 0.25 -47.2 4.5 809
957.9 3291.1 57.25741 47.239 0.60 1.2 4.5 705
398.8 3285.4 641.75040 7.017 0.80 89.6 3.8 461
2761.7 3346.6 38.96229 2.840 0.73 -30.4 2.5 111
690.5 3378.0 17.25618 10.294 0.46 -69.5 4.5 367
1675.1 3337.2 27.16312 3.228 0.77 -76.7 4.5 175
3195.4 3301.0 715.15930 8.026 0.59 26.1 3.8 591
2825.2 3325.3 12.20043 3.235 0.61 -26.2 0.3 25
4097.2 3346.3 175.09790 7.490 0.52 67.1 4.3 479
305.4 3395.6 41.65233 2.519 0.75 -32.4 2.7 109
3846.6 3340.0 36.80216 8.048 0.70 -8.0 4.5 361
1506.5 3308.1 7.11977 0.886 0.24 57.8 1 29
774.9 3116.0 29.06393 19.440 0.34 56.0 4.5 593
189.7 3290.9 36.01974 8.937 0.44 -25.1 4.1 365
532.0 3326.3 18.87138 2.177 0.61 -63.6 2.7 97
3609.1 3169.8 20.97261 3.431 0.59 -31.7 2.7 131
538.3 3194.7 47.84783 30.870 0.88 -31.0 4.5 491
2749.5 3280.6 190.11710 6.067 0.66 -13.4 3.4 323
3298.2 3313.4 20.18163 2.143 0.83 -64.3 1.7 55
47.1 3584.5 51.83431 49.613 0.55 -6.5 4.5 715
1891.2 3141.6 86.91825 18.207 0.67 -21.3 0.4 131
2345.3 3326.8 11.47471 3.014 0.43 66.5 2.7 127
198.9 3284.0 36.70577 13.847 0.50 -33.4 3 371
2318.8 3870.3 9.65958 2.019 0.69 -11.1 1.6 49
3388.7 3281.7 245.84960 5.005 0.85 51.0 3.6 285
3547.1 3312.7 56.53246 6.475 0.90 -66.1 4.5 309
3940.1 3189.6 95.55794 28.760 0.35 -58.8 3 803
2929.5 3287.4 16.48386 2.352 0.77 -64.7 3.2 101
1296.1 3309.3 17.59298 2.805 0.83 -15.2 2.8 99
1732.9 3204.0 29.25093 4.096 0.89 35.6 3.7 159
1730.0 3218.0 26.56225 11.990 0.54 -42.5 4.1 347
3128.5 3307.1 50.14178 17.536 0.22 -29.1 4.2 771
2957.9 3252.3 30.66787 3.205 1.00 -57.7 1.6 67
3583.7 3250.2 15.07963 2.102 0.70 48.0 1.8 59
2343.9 3284.8 12.66462 3.173 0.65 88.9 1.6 75
2797.8 3803.5 19.07768 3.955 0.52 73.0 1.3 85
1078.0 3696.1 110.84930 8.186 0.68 -5.7 4.5 423
622.3 3300.1 19.64584 3.361 0.53 -26.1 3.3 157
3845.5 3829.2 15.25780 3.191 0.57 -6.0 4.5 185
2873.9 3259.4 192.36140 5.195 0.93 56.0 3.7 271
1199.7 3867.4 12.26190 1.736 0.57 74.1 1.2 39
4165.2 3224.9 14.08239 2.031 0.30 3.5 3.5 153
182.1 3102.6 63.12796 36.934 0.37 -14.7 4.5 865
1118.7 3828.2 112.92330 6.198 0.72 35.7 4.5 407
64.0 3257.0 46.84148 46.528 0.23 -3.9 4.5 1013
924.8 3330.6 83.29589 5.689 0.59 -14.3 3.4 279
2908.8 3188.5 40.26643 9.078 0.33 -76.6 4.5 571
3322.5 3835.0 422.60650 6.222 0.66 -67.7 3.6 413
178.0 3355.6 53.60538 22.361 0.56 -55.9 4.5 603
1732.4 3258.9 52.98047 10.390 0.31 6.8 4.4 543
1774.1 3584.3 34.32462 9.417 0.45 -7.7 4.5 469
254.7 3283.8 13.35436 1.537 0.53 35.0 2.3 67
2406.3 3243.5 15.41869 3.846 0.46 40.5 4.1 197
292.1 3173.2 14.69904 2.484 0.42 -8.4 1.8 87
1670.5 3239.6 15.47618 5.304 0.45 58.1 4.5 295
840.1 3679.6 18.95848 5.384 0.09 -73.7 4 521
3462.1 3620.7 63.54440 3.609 0.93 42.3 2.7 131
3650.8 3214.0 99.71863 33.369 0.80 -88.5 4.5 705
520.6 3583.0 20.88727 7.846 0.47 33.6 4.5 341
1986.5 3795.4 109.54960 7.450 0.69 -73.7 4.4 381
804.2 3871.4 38.54095 6.487 0.94 -14.9 4.5 297
3635.8 3226.5 51.76907 6.525 0.52 -79.4 1.3 139
304.3 3542.0 7.67481 0.983 0.14 -55.0 1.4 57
2806.1 3115.8 36.28901 4.758 0.56 75.5 2.4 165
1129.5 3166.3 9.59352 0.988 0.22 4.8 4.5 195
118.8 3217.5 26.59811 8.577 0.94 -8.4 4.5 255
1298.0 3248.5 61.12192 6.881 0.77 -54.7 4.5 331
512.4 3918.6 13.72134 1.441 0.31 -73.6 4.1 143
402.2 3231.7 34.59838 7.203 0.51 86.3 4.5 415
787.3 3894.4 94.25665 38.860 0.63 -29.9 4.5 799
550.9 3585.3 23.69631 2.643 0.89 47.3 1.6 59
1932.9 3220.7 87.38632 4.110 0.80 -81.3 2.8 171
3917.0 3914.2 128.97970 65.144 0.90 55.1 4.5 845
430.3 3125.4 14.83422 4.394 0.47 71.2 4.5 251
3931.8 3201.1 102.72400 37.555 0.62 -45.9 4.5 815
3669.3 3232.5 50.12819 13.066 0.60 32.4 4.5 497
2709.6 3160.0 46.95956 26.037 1.00 10.4 4.5 445
3220.1 3199.0 14.52168 2.785 0.91 37.8 1.1 43
341.9 3167.7 63.19307 7.640 0.38 69.7 1.3 187
3500.8 3134.9 23.06405 4.181 0.37 45.3 4.5 323
3862.2 3910.2 9.93824 2.006 0.14 80.0 3.4 199
655.8 3229.1 22.45644 5.174 0.62 -60.4 3.7 201
1316.3 3220.6 31.74934 16.428 0.44 -52.3 4.5 519
3476.9 3219.8 10.57412 1.260 0.16 -22.6 2.6 115
1841.1 3193.1 15.84724 1.713 0.67 -83.6 2.8 79
1030.9 3181.0 29.39345 16.967 0.26 46.6 4.5 649
3779.9 3222.4 537.41270 6.530 0.75 -45.0 3.7 435
2572.3 3194.7 9.77016 2.488 0.57 29.6 1.6 65
3190.4 3160.0 12.56725 1.687 0.29 -56.7 4.5 199
2374.6 3816.7 18.31457 2.518 0.47 -46.8 4.5 209
1286.4 3176.6 13.30287 1.480 0.33 2.4 4.5 147
3647.4 3225.2 142.76070 41.876 0.67 11.7 3.5 809
1675.7 3922.6 64.90663 44.263 0.82 71.2 4.5 617
3699.2 3145.4 16.25286 3.896 0.12 -40.6 4.5 531
3766.4 3176.8 116.80550 25.794 0.69 -83.5 4.5 767
2273.3 3802.6 15.62081 2.735 0.84 25.4 3.3 107
342.9 3621.3 28.62350 2.777 0.85 -19.9 4.5 211
4052.9 3920.6 61.59642 35.907 0.58 -77.7 4.5 697
2472.3 3133.8 47.82524 7.408 0.91 -81.7 4.5 323
625.2 3725.8 42.22389 13.551 0.59 -42.5 4.5 479
3181.6 3104.6 8.43197 1.437 0.79 41.7 2.1 47
3918.7 3131.0 22.16881 9.101 0.25 77.0 4.5 493
3510.3 3931.1 44.41789 2.920 0.69 -1.4 4.3 189
3289.2 3161.0 53.36081 12.977 0.57 -32.1 4.5 525
356.0 3937.4 26.13413 11.470 0.25 -42.2 4.5 557
2716.2 3167.4 38.38013 13.729 0.30 59.3 2.4 437
465.1 4056.2 34.27579 34.597 0.57 -79.3 4.5 549
2131.6 3868.7 18.80099 2.685 0.57 88.9 4.4 161
1678.2 3945.7 100.73910 61.964 0.42 -55.0 4.5 1109
1585.8 3120.0 52.85519 2.636 0.93 37.8 3.9 149
229.1 3205.9 30.80683 3.840 0.80 -1.0 4.5 209
1055.7 4005.8 25.08328 4.811 0.84 18.5 4.5 227
4098.3 3887.6 54.71122 5.923 0.89 -7.1 4.5 309
263.1 3907.7 39.77163 7.516 0.87 55.5 4.2 251
1148.3 4046.5 1457.91300 9.235 0.83 71.9 3.6 601
786.2 3136.6 59.26213 3.773 0.56 -34.0 3 191
4044.3 3908.5 47.93758 29.641 0.48 83.1 4.5 655
1437.1 4063.5 2358.02500 9.559 0.89 20.9 3.5 623
3711.7 4037.9 10.62472 2.598 0.66 47.9 1.9 69
1101.2 3859.8 12.32467 1.882 0.15 -63.7 4.5 299
3788.2 3909.6 33.75289 2.935 0.69 32.1 3.1 135
1887.0 3140.8 146.20600 22.312 0.66 -4.1 0.4 171
4032.9 3719.8 13.69274 4.619 0.44 78.2 3.7 199
977.0 3145.7 43.72266 25.592 0.99 20.9 4.5 433
2663.4 3825.6 30.58054 2.794 0.70 -26.2 3.2 133
2458.7 3147.8 31.66211 20.789 0.46 -40.1 4.5 533
2535.3 3164.2 13.35409 3.843 0.69 -73.4 4.5 189
258.6 3633.0 171.64650 19.538 0.66 88.8 4.5 853
1284.1 3114.6 27.20100 7.784 0.42 54.2 2.9 275
2423.3 3121.6 56.20729 2.586 0.77 -11.0 1.9 85
2502.6 3929.9 22.28420 3.268 0.87 40.2 4.5 171
109.4 3149.8 12.23020 2.598 0.56 34.5 2 83
3871.4 3950.4 24.48378 2.164 0.58 3.4 1.9 73
3991.1 4039.0 42.98859 28.648 0.66 -22.0 4.5 539
3293.2 3156.5 39.15953 5.433 0.70 -41.2 4.2 241
54.4 3118.9 19.20214 2.642 0.23 -35.4 4.5 309
1168.7 3132.5 23.70040 13.713 0.47 12.1 4.5 437
1346.9 3443.6 32.04504 5.603 0.57 -33.5 2.8 201
149.0 3973.7 195.57380 6.618 0.84 -74.3 4.5 403
2914.4 3128.1 31.03996 4.598 0.77 60.6 4.4 205
2519.5 3894.9 7.43434 0.035 0.01 27.5 4.5 115
3229.9 3793.7 11.03608 2.278 0.70 84.5 1 37
3928.0 3879.1 881.35170 7.057 0.77 -14.2 4.1 537
286.0 3108.5 26.23431 2.724 0.45 18.8 4 189
2715.2 3347.2 20.26178 7.250 0.07 -38.4 4.5 775
1299.6 3125.6 41.69740 15.188 0.52 -5.5 4.5 505
3988.7 3955.6 8.98733 0.815 0.38 -83.5 2.8 61
2491.7 4059.7 10.48149 1.214 0.29 -42.5 1.1 39
1786.2 3904.8 15.51387 2.251 0.46 -67.1 1.5 67
2588.2 3756.0 169.29840 68.730 0.60 -77.4 3.8 1113
3049.5 3948.6 347.12040 8.667 0.76 -86.0 4 485
2518.7 3141.7 13.58197 3.187 0.06 9.8 4.5 541
1858.9 3909.2 22.31614 1.995 0.44 11.8 4.5 191
2574.0 3836.7 21.94650 4.337 0.74 10.0 1.9 105
2735.2 3220.0 8.79006 0.990 0.17 -56.5 4.5 157
166.6 3954.8 111.18640 23.557 0.67 -52.9 4.5 749
1069.8 3987.1 24.57011 4.751 0.82 87.8 4.5 245
2486.5 3999.0 19.84990 1.572 0.62 8.3 4.5 161
2036.3 3910.2 24.84795 21.792 0.58 -88.2 4.5 439
2015.6 4050.6 226.23210 6.674 0.77 -48.2 4.5 435
3264.4 3548.5 10.03465 1.419 0.81 57.9 2 43
1430.5 3965.4 17.33710 2.219 0.36 -20.2 3.4 151
734.6 4051.2 12.35164 3.121 0.65 66.9 1.9 83
2032.2 4037.9 89.24692 22.268 0.67 -33.4 2.8 489
3046.4 3923.8 82.56213 24.847 0.86 1.6 4.5 567
1636.2 4061.1 16.16260 3.754 0.68 -13.4 4 159
299.6 3783.6 57.08560 5.327 0.58 68.0 3.7 265
462.7 4034.0 19.88202 10.244 0.41 -64.6 4.5 385
1290.0 4032.5 8.76298 0.683 0.11 -55.0 3.7 129
2657.8 4070.7 14.42532 3.768 0.51 41.3 3.2 155
2821.5 4030.5 81.34019 38.068 0.41 -84.0 4.5 899
4036.7 3395.6 41.61502 19.867 0.49 -33.3 4.5 549
3155.6 4081.0 28.18750 4.169 0.68 -68.9 4.5 231
2322.5 4053.8 17.91555 7.258 0.40 45.0 2.7 237
1920.8 3892.8 69.18278 5.616 0.59 -64.4 4.5 327
3554.9 3901.9 81.68820 3.140 0.86 58.6 4.5 219
1733.4 3855.7 465.25250 6.215 0.98 -57.0 3.5 333
1972.5 4085.5 14.93288 3.232 0.33 -6.4 4.5 253
3919.4 3701.8 35.53331 10.668 0.41 68.7 3.4 381
3975.1 4055.3 27.74908 3.549 0.57 58.0 4.5 255
3137.1 3930.2 64.59669 6.130 0.82 -1.3 4.5 297
3628.6 3957.6 13.65170 4.123 0.66 -51.7 4.5 219
264.0 3912.2 39.90071 6.335 0.88 20.3 2.5 169
1907.1 3946.4 84.69203 3.677 0.83 54.5 3.3 181
567.4 4008.3 26.93278 2.371 0.78 58.1 1.9 69
3561.9 3926.1 56.91162 30.118 0.41 69.6 4.5 771
3646.9 4088.0 27.90330 12.179 0.38 12.7 3.2 383
555.1 3393.1 36.14324 14.322 0.63 -47.1 4.5 449
125.7 3993.8 45.50993 19.008 0.58 28.2 4.5 513
484.4 4005.0 35.97118 5.940 0.35 -53.3 4.5 425
1261.6 3836.0 24.87199 3.002 0.66 74.3 4.4 173
1686.0 4096.7 12.65921 3.141 0.73 -3.3 0.3 23
1368.9 3921.4 26.58268 3.211 0.58 -29.7 3.8 173
2081.6 3975.4 39.78170 3.299 0.75 47.2 3 141
2421.0 4014.9 35.22454 7.670 0.64 -7.0 4.5 311
1508.9 4005.4 86.36290 8.863 0.48 14.1 4.5 535
3123.7 4000.3 17.24516 1.912 0.54 -20.6 1.4 53
2296.8 4039.5 18.38435 6.410 0.29 22.0 4.5 417
1227.1 3972.8 563.33370 6.318 0.80 -3.8 3.5 395
689.8 3890.1 31.12242 10.872 0.68 32.2 3.5 291
1463.3 4040.0 223.45720 41.128 0.91 27.3 4.5 947
2246.3 4018.4 10.86534 2.796 0.56 18.9 2.3 93
3350.4 4007.4 41.29612 21.556 0.28 55.2 4.5 773
3282.4 4012.0 13.21342 4.802 0.29 -31.4 4.5 321
2863.9 3925.6 10.31328 1.699 0.62 -54.9 1.9 53
2270.3 3990.0 14.43565 4.316 0.39 2.2 4.5 263
4067.7 3888.7 76.59103 52.478 0.47 -40.5 4.5 893
1902.8 3912.1 49.90137 21.089 0.96 -67.2 4.5 445
1404.5 4005.7 80.08944 30.668 0.71 55.9 4.5 675
3177.6 3945.3 44.51090 3.517 0.68 74.2 4.5 247
1933.7 3988.8 14.25423 2.971 0.43 -15.5 2.8 135
2819.3 3986.8 222.89970 6.736 0.57 -66.1 4.2 453
1872.3 3879.8 40.23803 2.498 0.73 -68.1 1.9 79
2720.9 3884.8 124.81480 7.637 0.83 36.7 3.7 323
1169.3 4003.9 302.18230 66.659 0.72 -30.5 4.5 1313
4193.5 4025.2 112.83180 53.636 0.53 -41.2 4 959
4158.7 3380.6 111.33310 6.175 0.64 58.4 3.7 319
1014.0 3924.7 9.45922 2.079 0.61 9.9 3.7 103
616.9 3976.2 111.85130 6.115 0.72 -28.1 4.5 347
59.5 3965.2 18.98953 8.829 0.48 77.9 4.5 305
3127.7 3885.0 7.82169 1.842 0.35 89.5 1.1 47
3426.3 3947.4 91.36987 9.717 0.70 -88.2 1.8 221
2687.1 3977.1 71.12627 5.887 0.81 76.5 4.3 275
650.0 3990.3 96.28597 10.190 0.48 49.0 4.5 621
