795.1 112.2 669.27250 6.695 0.78 75.3 1.1 131
1918.1 52.8 348.20890 6.076 0.76 -61.2 1.1 117
2177.0 62.1 98.08911 5.597 0.72 -71.8 2.7 213
3153.6 41.5 33.82447 3.800 0.67 59.6 1.1 67
2199.5 15.4 1479.48700 11.148 0.63 -62.0 1.1 231
123.4 29.6 97.15734 6.422 0.66 71.9 1.5 149
2247.5 11.8 464.35790 8.960 0.55 -71.8 1.2 195
1797.8 28.6 18.34206 3.446 0.87 46.1 0.8 41
995.4 12.0 412.44470 8.994 0.81 72.9 1.1 155
277.0 8.8 132.04670 6.205 0.85 16.4 1.6 143
2725.9 10.2 27.07938 2.851 0.76 -80.5 1 45
2394.5 11.6 8.11496 2.044 0.47 60.1 1.3 49
1990.6 9.1 23.06345 4.247 0.79 77.4 1.7 95
1405.9 9.3 16.13589 3.749 0.48 -66.2 4.5 217
3324.1 9.1 9.26382 2.841 0.88 -1.0 1.4 51
641.8 9.4 8.40498 1.304 0.30 51.4 4.2 125
3993.2 4.6 39.05738 3.615 0.54 7.3 0.7 49
3571.3 6.4 13.15331 2.161 0.82 -7.5 0.7 25
450.4 32.7 23.52873 4.100 0.58 -63.8 1.4 91
1389.8 3.5 33.73424 12.400 0.08 40.5 4.4 973
3601.5 52.0 66.55898 5.550 0.86 23.3 1.2 95
424.6 166.1 790.54880 9.357 0.79 -44.3 1.1 173
1681.5 47.3 64.73322 2.539 0.80 -14.3 1.3 57
2449.0 42.8 30.55685 4.488 0.79 -21.6 0.7 51
1206.7 55.1 51.52488 4.382 0.71 74.0 1.4 95
3987.4 48.4 50.88165 9.387 0.81 52.6 3.3 271
973.1 37.7 60.98011 30.334 0.54 -18.9 4.2 641
1410.3 57.1 46.60881 5.176 0.66 -10.0 1.1 91
2745.3 46.0 11.50252 2.643 0.51 64.2 0.5 29
2963.1 128.8 172.64500 7.097 0.49 87.3 1.2 169
2406.1 44.3 13.53421 1.445 0.34 -28.3 2.3 81
3824.7 36.5 12.47826 4.252 0.60 58.6 1.6 95
1461.7 58.4 21.35965 5.073 0.77 82.0 1.7 105
3986.8 55.2 38.63482 5.012 0.53 -86.3 0.4 45
3914.5 99.8 35.67263 6.289 0.47 23.9 2 185
2921.3 75.0 44.61591 2.954 0.89 41.9 1.3 55
2106.4 91.0 72.55808 8.759 0.54 70.2 1.5 195
2381.7 67.1 23.46019 6.112 0.63 73.0 4.5 259
3421.2 55.4 34.47836 13.752 0.26 75.4 4.5 603
3421.2 58.4 30.01674 11.336 0.27 75.8 4.3 507
1329.2 56.1 16.62555 6.427 0.33 88.2 0.5 79
795.4 76.4 107.39000 32.909 0.60 -34.8 4.5 777
1191.2 129.7 267.39640 5.888 0.86 -80.7 1 93
2124.0 67.2 33.48365 14.286 0.34 -38.4 3.9 493
2464.9 60.1 22.45273 9.066 0.14 32.4 4.5 657
3575.1 72.1 70.78445 57.742 0.68 -15.4 4.5 745
3645.5 103.2 89.90457 5.047 0.92 -32.4 1.1 79
805.1 76.5 109.53960 33.198 0.37 -32.7 3.5 911
4157.8 67.3 9.57457 2.517 0.43 -31.0 0.5 31
3260.6 116.8 146.47890 5.977 0.74 -17.3 0.9 85
3425.8 72.3 37.36777 15.383 0.40 81.2 3.1 445
3326.4 78.8 14.06440 1.686 0.54 -88.9 4.4 123
1473.8 73.8 65.16116 63.895 0.54 67.0 4.5 823
2390.2 82.1 18.26699 3.132 0.71 20.9 0.3 23
2117.1 72.6 119.89490 38.063 0.21 -42.2 2.4 1169
245.8 96.1 25.80567 3.977 0.61 52.2 2.2 125
3359.7 77.0 14.18446 4.767 0.21 -14.0 4.4 325
1780.5 104.7 39.58120 4.796 0.87 45.8 1 67
733.3 90.8 38.04233 7.270 0.34 -16.2 3.1 329
2673.0 107.9 20.73035 4.097 0.67 80.6 0.4 35
2013.9 111.3 41.53738 4.908 0.43 35.1 0.6 67
2742.1 100.3 25.46432 5.176 0.44 -16.5 3.1 221
1262.5 91.0 15.77545 4.062 0.12 31.5 4.5 491
2105.1 107.2 76.80134 15.599 0.57 -79.8 4.5 553
3135.4 118.9 45.86061 4.759 0.88 -8.8 1 69
550.2 112.2 42.66364 2.549 0.70 31.2 2.9 123
473.6 123.2 46.80421 3.842 0.78 45.4 2.4 131
1954.6 164.2 138.84280 8.047 0.82 -81.9 1.2 139
865.9 127.0 45.60939 5.492 0.60 -25.9 1 89
3002.5 107.1 53.68076 13.772 0.36 1.3 1.5 321
2574.1 103.6 25.48407 21.333 0.52 27.4 4.5 467
465.4 109.7 17.63118 5.632 0.88 -15.7 0.5 43
123.8 133.4 54.34539 2.760 0.79 -5.9 1.4 63
1583.9 118.2 21.00424 2.849 0.98 -87.9 2.6 89
1114.7 118.5 16.30469 2.961 0.60 -3.5 0.3 23
3014.4 100.9 36.63029 10.050 0.37 7.3 0.3 91
170.5 120.0 27.47526 7.681 0.43 -62.6 2.2 229
1970.0 145.9 94.30444 4.863 0.79 -16.5 2.9 199
565.5 129.0 34.44349 4.303 0.76 52.3 4.1 197
3382.1 179.0 167.07140 6.337 0.90 78.4 1.1 99
3513.6 177.0 97.60751 6.891 0.66 -17.5 1 109
3372.5 137.4 17.25698 4.501 0.77 42.6 0.3 31
2027.0 149.0 45.89532 3.529 0.90 23.8 0.8 43
2249.3 129.1 9.63126 2.237 0.57 57.0 1 41
1694.6 136.0 14.18777 2.485 0.88 14.6 0.6 25
3863.2 136.9 16.24457 4.971 0.42 -35.5 2.2 161
1020.9 126.5 8.22406 2.328 0.73 68.4 1.9 61
57.3 133.6 6.68872 1.837 0.78 31.9 0.9 25
1098.8 158.6 29.98216 6.111 0.84 -81.5 0.5 47
857.3 151.7 49.66456 20.392 0.53 -77.1 4.5 571
2097.4 154.1 14.38068 3.185 0.55 51.0 1.2 65
587.6 170.7 44.31998 2.528 0.87 -65.2 1.8 71
3717.4 174.3 46.75170 2.850 0.93 -62.8 1.1 47
3705.9 160.6 24.34622 5.267 0.68 -82.3 2.7 161
2328.4 193.2 56.78278 5.243 0.67 73.0 0.8 73
3798.0 187.5 101.68110 4.478 0.73 -17.2 1.1 83
3967.8 176.1 128.17290 26.010 0.44 27.8 4.5 885
824.1 149.7 7.85640 2.299 0.65 -7.6 0.8 31
1400.1 188.5 68.42611 3.561 0.92 11.8 2.3 119
2873.1 160.4 32.17068 11.152 0.32 -6.7 4.5 531
244.2 174.2 25.93188 2.888 0.78 -22.2 1.1 49
3170.1 157.1 14.70253 3.775 0.56 -32.5 1 63
1366.3 168.2 17.81000 3.006 0.76 -22.1 0.5 29
2338.7 158.6 23.00586 6.961 0.41 57.2 0.3 61
1981.8 162.4 48.28172 21.399 0.65 8.1 4.1 477
3168.9 161.4 15.44222 4.447 0.42 -12.3 0.4 45
1045.7 170.1 16.42321 3.080 0.72 -61.0 1.2 53
4071.1 197.3 57.98999 4.571 0.92 -34.5 1.5 93
3975.4 187.2 74.08672 9.871 0.56 36.2 1.3 195
4112.9 182.4 19.44813 3.105 0.59 -86.4 0.8 47
2685.6 173.4 20.11304 3.437 0.75 5.8 0.7 39
1198.6 220.7 89.04509 9.894 0.59 2.6 1.3 195
3899.4 174.7 21.93559 4.103 0.69 -2.9 1.2 75
2994.0 172.6 14.34559 3.539 0.79 78.8 0.4 27
2917.2 168.0 35.08867 21.791 0.81 -88.1 4.5 415
3191.4 179.9 17.08417 4.235 0.86 31.2 0.6 41
1492.0 216.5 147.26940 5.364 0.88 43.6 1 85
2937.7 177.7 24.04520 6.001 0.86 -43.6 4.5 255
4178.5 172.9 16.08904 3.392 0.65 -6.8 2.1 97
3943.6 180.9 66.65045 26.517 0.58 -23.8 4.5 663
3194.7 177.8 17.81976 4.176 0.88 15.4 0.5 37
1246.8 202.7 58.86943 2.730 0.92 -8.3 1.6 67
43.3 190.5 20.86871 2.816 0.60 69.5 1.4 65
2937.6 221.8 78.52091 6.727 0.92 -65.7 1 87
4141.2 202.5 27.93216 4.906 0.83 76.5 0.4 37
627.8 179.9 7.76711 2.290 0.65 22.9 1.6 53
3114.2 198.6 27.79574 2.884 0.84 51.9 1.2 51
2282.1 197.1 23.62407 7.793 0.93 -60.4 2.5 165
896.6 213.7 75.72093 2.334 0.83 49.2 1.5 61
3145.3 188.2 7.32452 1.544 0.62 -39.3 1.1 31
4190.0 194.5 10.60542 2.403 0.77 -51.3 1.6 55
1807.5 191.8 8.40475 2.160 0.45 -49.4 1.1 45
1939.6 212.6 28.27600 3.571 0.62 86.2 1 59
1805.4 233.6 113.80390 4.664 0.77 -6.5 1.2 89
1331.2 212.5 17.36318 3.478 0.91 -22.9 0.9 45
1388.5 212.7 30.32877 7.939 0.77 -78.3 2.5 193
348.1 198.2 10.56353 2.564 0.49 45.9 4 139
1907.0 219.6 61.85763 15.543 0.44 -66.7 4.5 673
2383.1 202.3 28.27347 12.238 0.28 22.0 4.5 535
1534.4 208.6 10.20731 3.251 0.72 66.0 0.3 23
3379.2 263.2 231.21400 7.935 0.58 -23.5 1.3 179
1144.7 245.9 23.99249 6.732 0.27 70.5 3.4 337
1768.0 247.0 96.72652 7.872 0.85 -61.7 1.6 157
3592.3 213.0 13.31242 4.066 0.68 43.6 1.1 65
2266.7 210.7 14.79182 5.009 0.34 -37.8 4.5 291
311.5 263.3 190.95280 5.286 0.87 40.0 1.2 101
3901.5 235.5 33.14631 3.274 0.77 48.0 2.6 117
3176.4 220.2 50.93515 33.306 0.35 10.8 4.5 815
1851.7 228.7 16.25666 4.384 0.33 82.2 1.7 141
3162.3 219.3 25.27257 10.005 0.21 -6.4 3.1 449
941.0 237.9 19.75842 2.379 0.15 79.3 4.5 357
904.5 225.2 20.46662 8.732 0.15 25.5 4.5 573
1893.2 240.7 63.83070 25.812 0.65 -29.3 4.3 567
368.0 254.7 55.83781 3.327 0.48 22.1 1 73
3769.5 232.2 12.39455 4.153 0.61 21.6 0.6 47
2517.1 248.0 35.01121 4.545 0.55 -16.3 0.3 37
2043.0 360.8 2975.23100 7.617 0.95 19.4 1 139
1334.0 234.7 10.04522 2.963 0.40 7.0 1.6 85
1000.2 247.9 27.34191 12.251 0.27 25.4 4.5 551
2915.6 250.0 15.92413 3.413 0.43 -53.3 4.5 259
1967.3 324.5 461.51140 6.652 0.90 -40.9 1 107
3320.2 262.2 66.36147 12.401 0.41 14.7 4.5 563
3117.4 239.0 21.42625 8.292 0.70 4.0 0.3 55
2410.5 245.6 41.02834 12.693 0.33 -65.2 1.7 321
389.4 271.7 34.38677 4.550 0.55 46.2 2.2 149
2753.8 272.9 42.90804 3.007 0.84 50.0 0.8 41
941.3 265.4 26.90784 4.106 0.72 1.8 0.6 43
2060.6 249.5 8.99355 2.046 0.20 -89.8 1.8 99
1642.5 264.1 20.37835 5.882 0.24 -79.2 4.1 355
510.3 261.6 22.05021 8.553 0.30 76.7 4.3 387
387.5 454.3 7641.66100 10.472 0.56 -41.4 1 253
3248.1 283.1 46.20106 3.682 0.92 -72.3 0.7 41
2880.8 261.8 35.99780 27.952 0.52 56.9 4.5 561
1873.6 269.4 26.52092 4.989 0.95 61.2 3 147
3940.6 286.7 49.30360 3.792 0.87 16.0 0.9 51
678.5 256.0 23.09704 14.643 0.33 -3.2 4.5 523
1348.5 287.2 47.75432 2.218 0.88 -83.2 1 37
1152.0 259.9 16.04725 5.877 0.27 65.3 0.3 63
3559.8 256.9 9.37636 3.531 0.59 -5.9 1.1 59
200.6 395.9 1376.94400 9.169 0.82 87.4 1.1 167
1669.0 276.0 28.84588 6.197 0.95 6.9 4.1 201
1589.9 289.1 56.11208 2.818 0.85 70.9 1.3 57
2830.3 268.9 18.67423 4.967 0.33 3.5 1.1 113
613.7 272.0 15.82220 3.105 0.71 -83.9 2.6 105
275.4 293.2 29.40398 4.585 0.53 70.0 0.6 57
694.9 321.7 150.82910 6.340 0.58 30.7 1.1 125
1754.7 284.9 18.31760 3.008 0.80 38.2 0.4 25
1246.2 283.1 14.96501 2.342 0.65 18.0 0.9 37
64.9 297.1 38.02810 3.737 0.67 35.9 1.5 87
2898.8 285.2 34.95463 9.695 0.45 53.0 0.3 79
2912.0 296.3 47.41650 5.837 0.57 62.2 2.8 223
2697.2 290.2 18.52522 5.450 0.51 -4.4 0.7 67
3587.9 309.5 48.69964 5.520 0.82 53.8 3.3 203
3502.9 419.2 1555.26600 8.035 0.90 87.3 1 139
480.6 297.0 31.36125 15.247 0.59 -46.8 4.5 435
3991.6 322.6 65.40858 5.235 0.82 32.7 1.1 81
1397.0 297.3 13.89459 2.597 0.73 -86.1 2.4 85
1640.7 288.5 8.16838 2.919 0.50 53.1 0.9 49
2727.6 331.3 70.56554 4.189 0.73 -84.1 1.6 103
2296.9 310.5 22.72646 4.683 0.60 -1.8 0.7 61
2976.8 381.1 460.64680 7.974 0.87 -47.5 1 121
2818.2 304.0 9.03373 2.344 0.40 -84.2 3.7 133
1470.2 296.5 9.32362 3.041 0.56 24.8 0.3 25
3163.6 376.9 206.93010 7.628 0.52 -53.0 1 141
2418.2 363.1 218.67050 6.467 0.67 33.6 1.2 129
3073.8 310.6 31.20871 14.574 0.56 75.3 4.5 395
2603.0 303.6 12.55112 4.456 0.78 -9.2 0.4 33
4166.4 312.3 7.35124 1.342 0.45 -42.2 0.8 25
4068.4 321.2 11.04329 2.750 0.37 -74.9 3.3 147
459.6 323.0 16.61454 3.336 0.31 -2.0 0.5 49
1353.0 317.3 15.78462 8.557 0.44 -68.7 4.5 323
4072.0 354.4 64.09457 5.412 0.67 -52.8 1.5 125
65.3 353.4 64.29047 5.258 0.69 38.3 1.5 117
2122.5 327.7 27.39760 11.960 0.59 -15.0 4.5 359
1470.6 329.0 11.43107 2.752 0.59 -86.0 3.9 133
2965.0 337.4 41.94916 16.887 0.41 66.3 3.3 487
2324.2 345.3 22.57075 2.431 0.84 18.3 0.4 19
1339.5 343.2 19.05635 2.248 0.75 -0.6 2 71
1705.4 443.0 1198.30500 7.337 0.99 -72.4 1.1 129
3903.1 343.4 12.12820 2.808 0.58 50.3 1.7 75
1616.5 334.3 18.25099 7.665 0.24 70.4 4.5 455
1682.6 376.4 71.90421 5.919 0.85 69.5 0.7 67
2591.2 390.4 71.91091 4.097 0.87 -69.4 1.1 67
3900.2 464.5 382.21590 8.689 0.70 -80.8 1.1 157
4051.6 380.8 47.76392 3.803 0.97 -36.6 1.2 63
2554.1 376.0 30.56684 3.146 0.90 66.8 1.1 49
2590.9 373.1 24.76134 4.484 0.57 -73.7 1.1 83
274.3 428.7 328.45630 6.625 0.82 -71.4 1 109
342.7 413.9 113.44910 14.220 0.47 73.9 2.6 461
2922.8 403.4 91.28876 5.462 0.62 -31.4 0.9 91
341.7 377.2 21.47890 3.686 0.64 -0.5 0.5 35
982.0 356.6 13.74372 5.277 0.41 -22.4 4.5 285
2394.0 383.6 115.54190 27.985 0.54 -44.8 4.1 757
2662.7 404.8 12.27790 2.310 0.40 -89.3 4.5 171
1241.8 386.0 38.31693 7.981 0.49 -69.6 1.9 207
502.7 425.4 145.12110 5.812 0.76 50.7 1.1 107
1414.2 394.0 44.05574 6.211 0.29 37.2 0.8 119
394.1 387.5 44.57495 2.383 0.93 53.1 0.7 29
3409.7 379.1 13.23347 2.389 0.24 -70.8 2.5 143
4128.8 370.4 11.05168 3.287 0.61 -30.1 0.3 25
1066.5 396.3 43.87326 3.259 0.78 -57.5 1.1 55
295.0 392.3 18.07167 2.036 0.78 55.0 0.6 23
3629.7 390.8 8.91584 2.876 0.81 52.7 0.3 19
2089.3 724.9 4419.02200 11.259 0.52 -49.5 1 253
3752.7 401.1 16.91634 2.381 0.51 -2.0 2.4 99
4033.9 406.9 26.54524 3.328 0.61 4.4 0.7 47
1404.5 418.6 48.91498 2.645 0.86 -66.2 1.8 73
2733.6 415.1 42.28122 7.936 0.32 -85.4 4.5 505
2476.0 400.2 9.76905 2.327 0.45 26.2 0.8 37
4074.4 411.4 27.31607 5.924 0.37 -87.5 4.5 343
3752.2 397.2 18.04200 3.161 0.90 -57.9 0.8 37
2323.4 401.4 17.22210 6.955 0.98 39.6 2.8 149
345.2 431.0 365.29020 103.815 0.45 76.4 4.3 1933
1884.5 421.9 37.64330 6.057 0.45 -3.5 2.7 233
1902.7 415.8 17.66462 6.778 0.60 -8.5 1.7 139
2595.8 448.6 36.58270 6.785 0.59 -81.9 0.6 73
1390.4 452.4 42.31842 4.600 0.42 72.2 0.7 69
52.0 428.1 10.94117 3.230 0.61 70.8 0.4 27
3464.7 452.1 71.21542 5.614 0.82 57.3 1.4 107
4074.4 432.7 42.65089 18.127 0.26 -82.4 4.1 677
2755.5 422.3 33.77090 40.394 0.70 27.6 4.5 499
1855.0 433.7 145.21430 43.508 0.81 -30.2 1.6 561
1618.2 445.4 17.46340 2.935 0.57 89.5 1.3 65
2551.6 509.5 142.56480 7.265 0.59 -74.1 0.9 121
232.9 449.0 24.90540 3.888 0.65 -13.9 0.4 33
1929.0 483.9 132.65770 7.734 0.60 10.5 1.6 199
1481.4 454.4 19.91961 2.283 0.72 -71.0 1.5 55
2253.8 440.0 8.35049 1.954 0.36 84.8 4.5 157
4150.4 454.3 20.16740 4.250 0.59 24.7 0.7 53
1759.4 453.9 28.07506 4.953 0.46 -69.1 4.4 267
1817.6 460.1 53.26087 12.147 0.79 -43.6 1.1 159
664.6 478.1 68.39912 3.365 0.77 -66.0 1.5 85
2505.4 456.0 14.49471 1.745 0.43 -53.3 4.1 135
1990.8 475.3 46.31126 5.000 0.58 -27.0 1 83
4068.9 450.8 28.69366 13.456 0.62 -18.5 2.9 307
682.2 462.0 80.66847 41.200 0.43 -32.9 4.5 891
2036.6 460.8 12.53828 3.619 0.44 -56.4 2.2 121
3680.3 455.4 11.16525 2.882 0.26 -10.0 4.5 225
4178.1 467.4 54.35391 23.042 0.20 23.7 4.5 975
4169.8 465.1 51.98487 18.451 0.21 25.9 2.6 661
1559.0 492.3 52.98734 4.925 0.82 59.7 1.2 87
790.0 474.0 14.25745 3.138 0.73 69.3 0.6 31
4086.6 489.8 21.08612 3.089 0.86 66.4 0.8 37
1747.8 542.4 172.52400 5.080 0.97 46.3 1.1 85
1944.4 520.5 46.38029 7.501 0.83 60.1 1.1 107
2152.8 514.0 43.25142 3.309 0.94 -36.7 0.9 43
1723.3 500.0 22.97568 3.464 0.88 -4.4 1.2 57
520.9 520.9 44.58643 6.746 0.64 -72.8 1.7 153
558.9 508.4 22.96121 5.390 0.40 -85.0 0.3 49
1317.8 513.3 21.99559 3.437 0.58 -74.8 2.3 117
1839.6 576.7 674.72020 5.902 0.94 -36.4 1 97
3984.4 509.2 9.96393 2.730 0.50 -38.2 0.9 45
3174.3 522.5 23.16486 2.789 0.82 -61.9 1 45
867.6 514.1 15.32547 3.187 0.98 1.4 1.7 65
2510.6 512.8 52.88478 26.265 0.32 24.1 4 751
119.5 512.4 19.77808 13.062 1.00 3.4 4.5 255
1597.9 529.6 26.06616 4.376 0.68 66.2 1.5 91
2036.9 556.1 19.32570 5.428 0.41 74.9 0.3 49
3292.5 532.5 38.68978 3.696 0.59 1.6 0.8 57
815.9 520.3 9.48422 2.335 0.45 -78.1 3.4 121
2486.5 528.1 68.67316 58.998 0.36 -42.8 4.5 1007
1205.9 526.2 16.95278 5.090 0.38 38.7 4.5 293
4139.5 581.2 123.69120 6.114 0.63 87.8 1 107
3.1 524.7 13.14061 3.417 0.55 -23.2 4.5 181
297.2 549.2 43.81600 3.088 0.88 -37.8 1.1 51
2663.1 530.6 18.51385 4.208 0.56 11.2 1.7 105
3220.7 545.1 31.06133 5.907 0.79 58.4 1 79
2661.7 527.0 17.58295 3.599 0.30 6.4 2.1 149
248.8 543.5 13.72657 2.998 0.82 -83.0 0.4 23
1225.6 536.5 18.83327 3.886 0.42 29.3 4.5 269
1015.2 572.5 73.33437 4.601 0.53 58.9 1 89
1725.5 545.8 47.66887 10.992 0.38 -24.5 3.8 455
502.7 562.9 43.18547 5.077 0.75 52.5 1.2 89
3868.0 545.1 21.74994 5.811 0.82 -37.9 0.3 37
1438.8 577.3 86.23614 4.320 0.92 -15.8 1.1 67
1360.1 542.6 29.21676 7.555 0.15 -86.7 2.5 417
1766.4 603.4 185.79830 7.854 0.56 -33.1 1.1 151
2091.2 564.7 46.40239 2.981 0.89 53.3 0.8 37
60.2 546.5 35.79267 11.495 0.47 13.5 2.7 329
3406.3 564.8 23.27651 3.661 0.62 -32.8 0.8 51
2327.7 596.4 141.17240 5.702 0.98 5.5 1 81
2985.3 558.3 18.32423 3.553 0.55 -83.1 2.3 119
2357.5 553.6 22.12281 4.336 0.51 54.1 2.7 163
1136.5 699.5 237.04410 6.448 0.65 -42.1 1.2 139
1359.8 547.8 29.99361 8.504 0.10 -84.6 3.9 703
3358.0 576.9 51.01270 3.106 0.72 -61.6 0.7 41
3639.2 562.7 31.27505 9.474 0.97 30.3 3.6 231
1889.8 627.3 430.93740 6.028 0.97 75.4 1 99
1497.1 584.7 50.39825 3.741 0.77 -49.1 1 59
760.4 568.3 25.79744 3.727 0.69 22.1 1 61
1050.7 583.4 37.74425 3.693 0.62 77.1 1.6 95
3563.7 566.8 28.97163 4.938 0.26 -14.6 4.5 381
1365.2 561.9 24.73953 9.189 0.41 56.2 4.3 355
119.0 625.2 263.08860 8.323 0.57 -14.2 1 155
3637.8 582.4 72.57042 7.876 0.68 58.0 3.2 291
4042.6 589.9 46.72808 7.475 0.60 -83.4 2.9 251
82.9 574.1 16.82275 2.669 0.54 45.5 2.5 107
1537.0 557.1 30.24872 16.217 0.67 -64.9 3.7 353
675.1 590.2 60.57951 4.136 0.89 17.3 1.7 99
1352.7 617.9 73.89857 6.176 0.53 -20.3 2.9 267
3902.4 573.9 14.51486 5.990 0.36 -62.7 1.8 165
4022.8 599.1 49.28124 3.732 0.84 -28.9 1.5 81
1976.1 576.2 29.02909 9.596 0.54 -64.5 1.9 215
329.3 622.2 35.29798 4.091 0.35 72.5 1.8 149
3643.6 594.0 45.84846 9.845 0.62 74.3 1.7 207
3149.4 588.9 27.88580 4.981 0.63 5.9 0.9 69
2511.6 578.7 10.95028 4.168 0.58 -29.8 0.6 47
3909.3 596.3 24.31368 2.717 0.89 -40.2 0.9 37
942.0 608.1 40.70191 3.085 0.81 -38.7 1.2 57
2651.0 589.0 11.02901 3.073 0.59 -12.4 1 51
2160.7 595.9 13.61188 3.607 0.22 84.7 2.7 201
1336.1 622.6 73.50327 7.352 0.64 -26.7 2.1 211
2112.1 594.5 8.24460 1.628 0.51 48.6 2 59
541.3 593.6 12.18332 3.255 0.65 -2.9 1.3 63
261.6 664.6 291.64510 5.449 0.67 -60.2 1.2 119
2814.0 644.4 120.25030 5.930 0.62 -35.1 0.7 81
4111.4 637.8 98.25478 4.708 0.94 37.7 0.8 61
3124.3 607.7 20.89557 2.502 0.58 -9.2 1.5 65
4050.5 604.4 42.97261 15.588 0.36 51.7 4 537
2783.0 603.9 10.24716 3.049 0.78 -25.2 0.7 35
1733.0 617.1 20.51582 4.372 0.46 5.2 1.3 95
3754.1 609.3 13.30108 4.797 0.63 71.4 0.7 57
1624.7 642.5 44.99092 4.746 0.52 -55.3 0.5 51
521.1 635.5 31.99989 4.422 0.60 -77.3 0.9 65
3569.9 683.6 308.62730 6.839 0.63 32.0 1 127
1016.9 675.2 135.45960 7.072 0.74 -55.4 0.9 103
626.4 662.4 117.42440 4.608 0.82 -34.6 1.1 79
2725.9 656.3 90.48457 5.779 0.59 18.4 0.9 95
2890.5 632.2 13.51791 3.073 0.41 -45.7 2.4 121
676.4 651.6 47.61416 2.503 0.93 -65.4 1.6 59
2589.1 670.2 78.24438 4.269 0.92 -88.4 1 63
2388.5 645.4 31.65928 7.677 0.58 -3.9 2.1 199
429.7 678.5 86.01131 4.986 0.89 26.2 1.1 79
2508.1 637.0 8.55554 3.041 0.77 32.5 0.4 23
334.9 666.6 53.36356 3.396 0.93 -11.3 1.1 57
3257.1 642.5 18.60919 7.161 0.24 -19.9 4.5 405
3395.5 774.2 1287.86800 8.501 0.85 71.3 1 143
656.8 680.7 61.53337 6.384 0.59 -32.2 2 185
1273.6 673.3 34.50683 5.495 0.40 -45.3 2 185
165.6 681.7 71.88216 2.215 0.85 -51.8 1.7 67
2296.3 663.9 25.49892 7.551 0.74 -26.7 3.9 235
3602.9 663.7 13.11167 3.256 0.66 41.1 1.8 81
1431.8 675.6 73.76538 19.763 0.42 -84.3 4.5 681
1553.5 691.9 50.14064 5.160 0.88 -50.6 1.2 85
4123.3 674.7 29.92825 3.717 0.85 77.4 1.4 71
1403.4 672.3 19.11279 4.049 0.27 -77.7 2.5 199
1115.1 694.7 107.07800 15.341 0.55 -8.2 1.5 303
3607.1 678.8 33.38523 4.354 0.56 -44.9 4.5 275
3240.8 781.4 92.13788 6.853 0.77 -41.6 1.1 111
1431.7 703.6 54.08496 9.389 0.38 -79.0 2.1 301
3074.2 697.4 37.78564 5.279 0.37 65.1 0.9 105
1066.7 689.7 19.80009 5.475 0.58 -46.6 0.8 71
2528.7 676.3 18.06380 2.885 0.28 -22.5 2.8 171
2587.2 722.2 90.47828 4.480 0.59 87.2 1.3 107
3338.7 687.0 24.11285 3.937 0.63 -40.3 0.7 47
2723.3 697.6 39.07180 2.827 0.80 -40.9 1.2 53
1767.8 695.2 32.56447 5.408 0.51 85.4 2.3 177
2834.1 684.5 11.88111 3.712 0.94 38.7 0.3 23
2495.2 699.2 22.72359 5.762 0.71 78.4 0.3 39
1833.0 714.7 42.75003 4.185 0.51 45.9 1.1 89
1938.1 748.1 111.81110 5.713 0.93 17.4 1.1 91
575.1 737.2 104.96470 5.520 0.63 49.0 1 95
468.9 715.8 58.58960 6.532 0.73 38.8 1.4 129
465.4 706.6 48.65608 14.018 0.80 74.5 4.5 401
1536.4 705.2 22.25655 3.852 0.77 39.8 1.1 61
1799.5 707.3 20.14385 3.835 0.97 40.6 4.3 149
1106.5 708.6 93.56397 32.968 0.80 -1.2 4.1 623
86.4 718.7 28.76664 5.031 0.74 -43.8 1.4 95
480.2 718.0 66.56199 16.031 0.78 5.3 4.5 479
716.0 797.5 86.31620 6.503 0.63 39.8 1 109
552.0 720.9 28.35147 2.516 0.50 31.2 3.9 171
2254.0 716.9 10.23066 1.279 0.27 -59.5 4.5 171
2417.3 717.9 11.84040 3.017 0.63 -50.2 2.7 105
1758.5 720.6 28.53716 12.677 0.20 -53.4 4.5 617
2829.5 755.2 53.31350 2.990 0.87 -43.5 0.8 41
1135.0 750.6 52.71862 4.868 0.70 10.0 1.2 89
483.5 748.1 31.17618 4.510 0.65 49.3 0.8 63
344.2 736.2 19.24529 5.783 0.32 -9.3 4.5 343
3071.3 746.7 25.36236 4.729 0.90 -79.4 2.7 135
4059.1 737.9 21.44174 4.673 0.71 55.6 0.4 37
364.1 747.6 26.64579 8.317 0.27 89.3 1.9 275
3572.4 734.2 10.47640 3.935 0.53 -37.8 0.8 53
365.0 732.0 41.09215 17.463 0.31 75.1 3 539
2623.8 751.9 16.88791 2.636 0.65 64.3 0.8 39
2327.4 767.9 69.53407 2.608 0.90 -60.1 0.8 33
3177.1 756.3 14.47053 3.396 0.72 -32.6 0.7 41
2875.8 753.0 17.21586 3.674 0.53 -22.2 0.8 55
1774.5 766.2 37.24606 5.233 0.64 -39.6 0.7 65
3719.7 775.7 81.69159 7.681 0.61 -40.2 2.3 243
3895.1 760.7 31.61856 5.596 0.69 21.0 1.9 139
1756.6 764.2 64.36620 4.553 0.45 6.7 1.5 135
2579.5 781.0 38.20848 6.073 0.74 -58.4 1.6 123
1047.6 752.9 11.28180 1.182 0.18 -79.8 3.1 125
3733.0 769.8 56.99252 4.748 0.77 -9.8 1.9 125
3446.1 766.5 49.93782 17.186 0.76 0.5 4.5 453
3069.8 776.9 29.92853 2.903 0.87 -57.8 0.6 29
114.8 768.9 23.16746 2.575 0.72 -5.5 1.3 55
3452.6 773.4 22.96618 5.205 0.76 75.0 1.1 77
2241.0 784.9 30.51847 6.361 0.69 11.4 1.8 145
1973.1 767.1 75.48228 81.960 0.49 0.2 4.5 949
3098.5 769.0 12.18190 3.435 0.33 -11.7 3.9 201
1499.5 790.8 22.89750 3.521 0.67 87.0 0.4 31
3503.6 780.2 15.55164 3.747 0.64 -44.0 1.2 69
2534.2 787.4 25.59209 3.521 0.71 1.2 0.4 31
373.9 883.1 2018.02500 6.886 0.86 -18.6 1 131
3119.3 790.7 21.10304 2.092 0.60 -74.0 4.5 153
126.6 859.2 418.22770 6.934 0.96 -53.7 1 107
2575.7 789.2 49.00456 18.039 0.56 -70.9 4.5 553
2256.9 784.1 37.65814 18.173 0.40 -11.3 4.5 587
3701.4 782.3 51.66797 12.345 0.40 -26.3 0.3 105
2404.0 835.9 122.67440 6.167 0.94 -82.0 0.9 79
2370.6 786.3 13.18010 3.485 0.57 5.1 0.8 49
954.5 875.4 122.21900 6.180 0.68 -4.3 0.9 99
2927.7 832.7 102.24900 5.896 0.80 -29.7 0.6 63
1612.5 796.9 12.25899 3.799 0.94 52.4 0.8 41
2968.8 818.7 32.88519 3.685 0.81 -75.2 0.8 45
1855.6 1020.2 224.85730 7.832 0.54 -77.6 1 147
3428.4 797.2 45.39296 28.236 0.72 2.3 4.5 509
3017.3 808.6 24.86067 7.271 0.51 16.3 0.8 101
509.9 804.8 11.69646 3.623 0.31 -44.3 3 177
2481.9 811.0 14.16483 2.920 0.80 -56.5 2.1 79
263.5 828.0 28.06470 4.104 0.57 -84.9 0.9 67
2791.2 815.0 26.15895 6.490 0.88 -79.9 2.4 151
4151.3 828.9 29.30188 6.775 0.82 -58.2 2.6 173
2783.4 816.8 20.61251 5.143 0.45 3.0 0.3 45
313.1 816.8 14.63745 3.755 0.56 18.4 0.3 29
3325.9 824.0 9.79746 2.881 0.45 -73.4 2.5 111
2788.5 817.5 32.18813 10.130 0.79 13.9 3.9 277
2792.3 890.4 55.36060 2.493 0.95 -72.8 1 39
4166.1 821.0 40.32406 26.082 0.41 -46.6 4.5 631
3200.0 834.7 15.26058 3.628 0.89 -59.6 0.8 41
3836.9 823.3 12.31302 3.067 0.37 35.3 4.5 235
1041.2 923.7 472.52900 7.320 0.88 81.6 1 115
3985.5 828.9 10.73098 3.496 0.99 63.2 0.3 21
30.3 869.3 90.73508 6.007 0.77 24.8 1 91
1712.9 849.6 16.46779 3.941 0.58 62.5 1.1 71
1472.6 839.5 22.13286 5.201 0.68 -65.4 0.9 73
3127.1 843.1 16.14927 3.538 0.84 86.0 1.1 55
2121.4 835.2 17.09102 4.332 0.26 61.2 3 235
3439.0 920.3 547.02830 6.364 0.81 33.0 1 109
545.2 844.1 12.10652 4.821 0.80 37.0 1 63
1384.3 848.5 11.08121 1.476 0.30 33.5 4.5 185
2922.2 869.0 42.12613 4.235 0.79 -48.4 2.1 121
450.9 867.1 25.00572 2.250 0.92 -13.7 1.5 49
908.3 862.3 9.23269 1.580 0.34 -55.7 3.5 113
878.7 859.7 13.93201 3.033 0.84 66.3 0.9 39
599.1 947.4 708.47130 7.171 0.66 -27.8 1 133
967.1 877.1 52.77515 5.406 0.84 -10.7 2.7 173
2163.5 874.6 20.10010 4.008 0.79 -19.5 0.6 41
3197.8 868.8 18.15489 5.734 0.70 72.6 1.7 115
2543.0 869.9 16.31390 5.165 0.27 42.6 2.3 211
1477.9 886.0 24.19132 4.131 0.82 9.4 1.3 75
698.0 882.8 23.28116 2.884 0.76 -57.2 0.9 43
426.6 916.7 121.10550 5.892 0.78 51.1 0.9 89
1291.9 898.8 54.63104 2.570 0.81 -85.6 1 43
1633.6 897.2 37.95338 3.684 0.78 -68.1 1.3 71
1226.7 883.1 26.93368 5.917 0.37 22.8 0.3 55
1215.3 877.0 25.86060 6.695 0.44 20.9 0.4 69
77.8 903.8 62.66300 4.256 0.67 -21.9 3.4 211
3068.6 884.7 9.46111 1.254 0.58 -70.6 4.5 105
2987.3 886.2 10.44814 1.225 0.33 -78.5 1.3 43
2103.5 890.5 13.40033 3.218 0.74 -12.4 0.4 25
3559.1 893.3 22.42640 4.257 0.63 18.4 0.8 55
1346.9 887.5 14.32594 3.302 0.47 80.6 2.4 123
785.4 902.1 23.66606 6.399 0.96 20.2 3.9 187
4048.6 901.6 14.27881 4.108 0.82 76.8 0.8 47
3870.7 920.0 42.49692 7.071 0.95 89.9 1.1 95
2839.4 922.8 35.78192 4.538 0.62 35.8 0.9 69
493.9 895.4 9.57165 2.805 0.80 -78.1 3.4 101
2460.4 1071.5 5792.07100 11.236 0.82 -1.7 1 207
3201.1 917.6 16.94558 2.954 0.66 76.9 0.3 23
3324.5 954.1 110.29770 5.658 0.89 -40.7 0.8 67
3337.7 916.0 42.10538 27.627 0.55 -66.4 4.5 579
4195.4 914.3 15.43799 4.355 0.84 -84.0 1 59
3940.6 922.5 16.85371 5.218 0.45 -32.9 3.8 225
529.5 913.2 11.53195 1.847 0.64 0.8 4.5 119
2698.7 908.5 11.30693 3.685 0.71 -11.9 2.3 99
247.4 920.2 23.39594 6.682 0.35 -26.5 0.3 63
1751.0 915.9 9.67070 2.122 0.75 -80.8 4.4 107
2667.9 920.8 24.90907 6.309 0.63 -43.9 2.8 193
1404.3 920.6 10.05904 0.812 0.25 -21.2 4.3 113
942.5 935.0 23.46348 3.111 0.90 -48.5 0.8 39
2363.6 929.9 22.58183 5.715 0.81 23.5 1.3 91
3910.6 934.8 22.69401 8.627 0.99 -88.8 4.4 221
3717.8 928.0 14.65902 5.868 0.29 -48.7 4.5 341
4049.5 1094.9 3859.19400 8.739 0.65 -51.8 1 181
545.8 955.5 48.84233 5.440 0.74 7.9 4.1 245
2312.6 939.3 13.26015 2.824 0.47 19.6 4.5 207
986.5 942.5 12.31214 4.971 0.76 30.7 0.4 39
173.0 947.8 13.07091 2.497 0.56 40.0 0.4 25
531.8 942.5 24.71723 10.511 0.14 25.4 4.5 747
519.3 961.9 45.93074 9.715 0.40 -20.8 3.9 415
443.2 943.4 22.60074 6.432 0.12 42.9 3.2 469
1175.6 957.4 20.79258 3.387 0.88 37.4 0.3 23
3202.9 942.2 8.03395 2.748 0.40 5.0 0.4 29
467.7 965.6 25.36927 5.866 0.63 6.6 0.3 43
861.5 976.2 35.31865 5.770 0.52 12.4 4.3 283
1925.4 967.9 15.24266 4.687 0.55 27.7 0.3 37
4166.7 996.6 56.95618 4.053 0.80 73.5 0.9 59
2315.1 971.3 8.93117 2.514 0.42 23.3 0.8 43
875.1 979.5 42.17847 15.743 0.40 4.0 3.8 503
1149.3 995.3 42.12488 5.260 0.67 16.8 0.9 75
1963.7 984.4 10.43544 2.084 0.67 82.2 0.7 27
274.6 987.6 16.55376 3.418 0.63 12.9 0.8 47
804.6 1020.1 39.45896 4.900 0.45 -79.9 0.5 57
441.0 985.1 12.03009 4.100 0.49 18.5 0.3 35
2365.3 1012.5 57.62173 3.386 0.90 -14.7 0.9 49
986.5 1045.2 156.05660 7.501 0.79 -56.8 1 115
3428.4 1005.2 39.73489 3.482 0.93 -1.9 1 49
2556.9 992.7 25.10333 4.501 0.41 -16.0 1.6 127
595.6 996.3 17.71865 4.339 0.60 -17.7 1.8 109
3001.2 995.9 21.29816 4.489 0.66 -10.9 0.9 65
3921.3 1007.1 39.23663 4.619 0.32 -14.2 2 193
757.3 1036.6 69.72665 5.266 0.75 9.3 0.9 73
565.3 1002.0 33.96077 21.550 0.21 -11.8 4.5 823
1739.8 1015.0 24.62963 3.505 0.58 5.9 0.6 43
15.6 1024.5 60.65801 7.606 0.66 -86.2 4.5 377
992.9 1018.2 27.35072 4.203 0.82 81.2 3.3 155
1433.5 1016.0 17.13671 7.576 0.25 33.0 4.5 393
3501.8 1031.2 22.24393 4.000 0.91 -65.5 1.2 65
2977.1 1063.0 78.84485 4.952 0.95 76.0 0.8 57
18.5 1042.7 49.89681 10.237 0.45 79.3 3.2 375
1806.0 1025.0 44.36069 20.997 0.31 -81.2 3.5 635
3080.1 1025.4 9.22535 2.077 0.36 35.7 2.8 109
61.8 1037.1 18.95309 4.731 0.21 -64.7 4 335
1801.2 1036.9 25.48846 6.492 0.52 -80.4 1 101
1809.4 1047.4 25.53649 4.511 0.87 42.0 1.3 77
2007.2 1033.8 8.30629 1.548 0.41 -84.3 2.5 77
1471.3 1175.0 4314.71700 8.031 0.83 40.1 1 153
308.0 1073.9 85.24516 6.438 0.83 41.7 1 93
570.9 1057.6 33.61699 2.981 0.86 -13.8 1.1 51
3254.4 1076.6 70.87097 3.805 0.96 30.8 1 55
1059.1 1043.7 10.79282 2.220 0.88 85.0 4.5 121
510.0 1047.3 9.63729 1.433 0.61 -31.7 2.8 67
2556.0 1095.1 94.02525 6.012 0.67 89.2 0.8 85
3919.5 1039.4 9.28253 3.143 0.98 -26.2 1.8 63
1198.0 1058.3 25.00534 4.273 0.88 51.7 0.9 55
471.4 1065.9 50.52966 5.715 0.55 23.4 1.5 137
11.4 1074.9 65.89211 2.518 0.91 -72.2 1 39
1958.1 1046.3 11.28192 2.102 0.53 -82.5 3.5 113
3963.5 1065.4 24.46085 2.882 0.83 36.6 0.6 29
2211.2 1068.7 30.97667 4.368 0.56 -25.1 0.3 37
2906.1 1063.5 15.01992 3.506 0.51 -48.3 0.4 33
416.8 1171.4 339.28200 5.561 0.81 -30.9 1.2 113
2608.6 1101.1 103.54310 6.223 0.63 39.0 1 107
1774.5 1072.8 33.32832 5.420 0.61 -8.8 0.6 63
3626.3 1078.2 15.31451 2.555 0.89 56.1 1 37
2358.9 1063.6 10.68247 3.519 0.70 -23.4 1 51
930.3 1070.7 24.65634 2.792 0.55 -19.5 4.5 243
896.0 1077.9 35.42377 7.093 0.62 47.1 0.9 97
890.2 1071.6 36.43916 7.219 0.65 53.4 1.5 141
889.4 1075.2 37.40462 7.386 0.61 59.4 1.6 155
1024.5 1084.6 24.62067 5.133 0.54 -2.8 0.3 41
3213.9 1092.9 24.54173 5.585 0.67 -7.2 0.7 63
3985.9 1200.8 1272.21900 8.185 0.86 68.7 1 139
2345.7 1160.7 326.65120 7.022 0.86 51.6 1 115
3330.4 1108.4 22.99919 5.293 0.33 -63.8 0.6 75
1150.1 1078.4 20.16539 11.705 0.26 52.0 4.5 499
3770.7 1087.3 17.37695 5.280 0.99 76.9 2.4 115
1383.2 1100.6 34.96159 8.023 0.60 -56.5 0.6 89
575.6 1098.6 21.33026 5.092 0.40 -31.5 1.7 145
2642.3 1105.6 53.31048 18.501 0.43 -5.5 4.5 647
113.7 1117.7 57.34309 6.940 0.78 47.2 4 275
3617.2 1162.2 195.09820 6.653 0.55 -59.1 1 125
2735.5 1114.0 14.13085 3.443 0.82 7.7 0.4 29
3931.7 1138.5 41.72458 4.632 0.75 -70.8 0.9 63
886.5 1117.0 9.87381 2.272 0.25 -87.8 0.8 49
1780.9 1112.2 21.51049 6.986 0.26 76.9 2.1 251
205.3 1137.4 76.16148 6.703 0.59 9.7 1.1 125
3987.4 1148.0 79.24139 5.888 0.72 -63.4 1.4 121
770.4 1132.0 32.58064 5.422 0.45 -11.6 1.9 167
3994.8 1134.6 51.93012 10.249 0.60 -51.2 3.4 339
2572.9 1142.9 12.63386 2.302 0.31 -83.9 0.7 43
1798.2 1138.5 16.54255 4.360 0.68 26.4 0.5 41
4155.0 1159.2 36.81445 4.981 0.58 -10.8 0.3 41
3242.9 1144.9 15.57634 2.591 0.86 -42.8 0.4 21
1009.9 1140.9 13.60283 3.350 0.39 39.9 4.5 275
2158.1 1165.1 61.28762 3.329 0.78 -37.4 0.8 47
880.4 1159.2 22.31911 3.077 0.82 -36.4 1.3 57
3159.8 1149.9 14.43767 3.629 0.48 37.0 0.3 33
3016.0 1144.7 17.44086 4.419 0.42 -10.1 0.3 39
2828.2 1161.4 23.38989 2.409 0.59 28.8 1.2 53
3494.0 1146.0 22.83719 13.636 0.23 30.4 4.5 577
1353.5 1206.8 106.96400 6.439 0.58 -82.6 1.2 129
1819.9 1162.1 20.11618 2.737 0.88 2.9 1 39
1694.3 1160.2 15.37603 4.187 0.69 -56.7 0.8 55
3893.5 1173.0 48.26520 5.069 0.73 -6.4 2.9 185
3508.9 1155.3 14.55335 3.981 0.15 28.3 3.9 329
2598.0 1221.7 425.59740 5.334 0.83 -24.3 1 87
2016.0 1162.5 10.11383 1.762 0.10 47.5 4.5 363
844.4 1161.2 31.10762 20.460 0.47 86.9 4.5 513
2893.0 1211.5 133.65410 5.872 0.65 -13.6 0.9 91
943.9 1173.5 10.65055 2.354 0.87 19.3 1 33
848.4 1192.7 67.15842 15.229 0.34 -37.3 3.7 603
2668.3 1237.4 241.20100 6.710 0.57 40.8 1 127
323.2 1182.7 15.24106 2.597 0.64 31.8 1 45
2865.4 1181.8 12.75631 2.305 0.45 5.1 2.5 101
834.6 1200.4 68.98235 18.270 0.39 -34.2 3.4 591
2683.6 1206.9 82.40359 12.150 0.70 -52.7 2.1 285
632.6 1218.9 75.86213 3.943 0.92 -85.3 0.8 47
1562.9 1186.1 13.24478 3.136 0.86 -84.2 4.5 145
1869.1 1182.3 44.04052 21.623 0.33 63.9 3.3 607
230.2 1184.3 12.65233 4.654 0.78 -42.5 0.8 53
1631.8 1207.0 27.67244 5.392 0.49 73.5 1.2 109
284.2 1210.4 22.24310 3.640 0.76 76.6 0.5 35
1820.1 1188.7 18.54632 6.325 0.51 25.3 0.3 49
3431.0 1201.5 17.98051 3.514 0.51 -2.4 0.7 49
1884.9 1191.2 28.84037 13.377 0.77 58.7 3.2 283
2002.8 1259.0 133.24710 6.556 0.62 -67.6 1.7 185
3192.8 1238.1 127.97600 9.399 0.45 -19.8 2.9 417
3217.6 1224.0 43.83361 3.855 0.87 -83.0 1.8 97
3861.3 1224.2 25.70274 3.595 0.85 78.0 0.6 35
924.4 1207.3 14.33513 4.563 0.91 38.1 0.9 55
2533.9 1222.7 74.26762 44.520 0.51 53.3 4.5 831
3900.4 1210.9 8.65644 1.744 0.20 21.9 0.7 39
60.9 1222.3 14.61307 4.505 0.63 -80.3 3.2 153
2928.8 1222.0 15.75112 2.849 0.64 -72.3 0.7 37
454.3 1244.0 51.74057 3.695 0.89 6.0 1 53
578.8 1237.1 33.89269 4.814 0.53 38.8 1.6 123
817.3 1258.4 99.30518 4.767 0.94 -61.8 1.2 85
2400.2 1238.5 40.82774 6.231 0.74 33.0 2.5 183
586.4 1246.7 36.09616 6.568 0.55 56.2 2.9 235
2547.5 1231.1 25.33367 10.932 0.65 34.5 4.5 315
2411.5 1244.2 29.19902 5.906 0.86 11.0 1 75
1452.0 1253.6 54.30271 5.295 0.55 -16.3 1.6 141
3956.8 1236.8 23.26424 5.634 0.21 36.4 2.3 271
569.4 1289.6 125.45600 7.149 0.59 -74.5 1.1 131
3158.2 1237.2 25.19983 20.344 0.57 3.9 4.5 437
1985.5 1280.9 118.37260 9.117 0.88 19.6 1.6 181
698.8 1240.5 11.96467 2.118 0.70 67.0 1.2 41
795.3 1236.9 14.51282 5.554 0.87 7.4 4.5 201
1860.7 1259.1 36.97589 3.071 0.84 -12.9 1.1 53
891.8 1344.4 53.46428 5.284 0.58 -61.8 2.3 185
1421.7 1265.6 62.45853 13.764 0.53 -21.4 3.1 421
3586.5 1276.9 55.04580 4.730 0.99 -22.2 1.3 79
3759.2 1256.5 72.54788 32.320 0.85 68.4 3.9 549
2609.2 1274.6 40.84668 3.696 0.68 15.3 0.8 53
84.2 1260.5 18.02695 3.394 0.73 -28.3 0.9 47
3221.4 1266.9 22.43691 4.534 0.73 9.0 1.2 75
3751.4 1266.0 66.38349 36.333 0.66 -52.6 4.5 669
313.0 1281.5 28.85909 3.520 0.67 42.2 0.7 43
4165.2 1279.7 19.50954 2.535 0.73 48.0 1.7 65
1532.1 1264.3 14.43417 5.129 0.28 -54.8 0.3 55
2321.7 1282.2 17.83828 3.932 0.67 77.4 0.8 51
3465.9 1283.9 32.73167 2.759 0.79 -35.3 1 47
817.4 1276.6 120.53200 16.932 0.29 87.6 0.3 171
1675.6 1334.9 144.25110 4.869 0.64 -5.7 1.1 95
817.7 1285.4 26.39957 7.063 0.37 -82.3 0.3 65
3116.9 1316.3 68.76635 3.679 0.78 -40.3 0.9 55
487.5 1283.5 26.47137 6.632 0.13 71.2 2.7 419
964.3 1285.5 9.41564 2.112 0.26 46.5 2.3 109
353.5 1318.4 72.17281 11.570 0.82 -15.8 1.6 209
165.2 1287.0 19.48009 6.219 0.40 -52.7 0.3 55
3576.2 1306.2 32.66406 4.946 0.56 23.9 1.3 105
3534.8 1300.1 8.62077 1.070 0.44 81.2 2.5 59
893.7 1296.7 14.09879 4.680 0.33 -26.1 0.3 47
159.0 1298.6 20.40557 5.778 0.34 -53.3 0.3 55
324.6 1330.6 95.42644 6.380 0.76 0.0 2.4 207
3938.1 1307.6 22.91640 5.190 0.40 -42.6 0.4 51
1224.6 1397.6 75.53115 4.754 0.64 73.8 1.5 113
4114.6 1305.4 10.91657 1.749 0.28 -13.0 3.9 149
1000.0 1307.4 23.61113 15.143 0.91 33.3 4.5 319
2270.0 1304.9 15.83826 5.595 0.30 -66.7 3.3 257
729.3 1310.3 37.92389 27.299 0.51 -87.6 4.5 579
28.4 1326.3 24.38147 3.493 0.65 -76.2 1.4 75
1525.6 1330.0 25.96301 3.210 0.87 20.5 0.8 41
2292.0 1326.7 21.50072 4.114 0.52 -50.3 0.8 65
58.5 1320.6 14.18471 3.174 0.61 44.6 0.8 45
1045.5 1340.0 43.14601 5.423 1.00 -18.3 1.5 99
3868.2 1315.5 11.36166 3.341 0.49 -67.2 1.9 99
3004.3 1321.6 15.70900 3.100 0.45 -56.8 2.9 141
950.0 1324.3 14.92057 3.961 0.63 59.2 0.9 57
3281.6 1341.9 60.28323 6.046 0.80 -19.1 1.1 93
592.2 1346.9 60.74536 3.272 0.57 -87.3 4.5 291
2171.7 1321.4 21.38274 6.434 0.48 -49.8 1.2 125
4196.1 1340.7 26.96828 6.026 0.38 -89.8 1.5 155
134.1 1349.8 21.82987 4.156 0.60 88.8 0.7 51
3661.8 1339.1 14.43019 3.499 0.61 72.0 1.6 83
694.0 1334.9 11.42495 2.167 0.24 -38.7 4.4 197
1340.1 1353.8 57.44691 2.824 0.63 -13.3 1 53
424.5 1388.8 196.17880 5.766 0.75 25.6 1 93
3077.2 1357.4 35.85051 5.023 0.82 -71.3 0.7 53
1259.9 1358.0 33.21226 3.735 0.72 -72.2 2.9 145
736.9 1335.6 15.82315 5.119 0.20 -19.6 4.5 405
3336.6 1370.4 65.89371 3.263 0.97 -50.9 1.1 53
4005.1 1350.7 17.30117 4.512 0.69 -47.7 0.9 61
3312.9 1349.0 17.58412 7.923 0.78 36.7 4.5 255
3426.1 1370.0 58.63231 10.640 0.34 50.0 1.9 321
1163.8 1349.9 37.75555 21.825 0.34 26.7 4.1 615
3079.6 1367.4 37.95747 5.289 0.85 23.9 0.7 55
184.4 1364.6 20.19704 3.337 0.58 -19.6 1.3 69
3751.5 1370.4 18.11510 3.157 0.77 -24.2 0.4 25
889.1 1378.9 32.78652 2.692 0.88 -48.1 0.9 37
1862.2 1371.2 20.43971 3.181 0.83 -16.2 0.7 35
4094.7 1378.8 35.68093 2.655 0.92 12.0 0.5 25
741.7 1371.3 17.17222 2.809 0.28 -7.5 4.4 229
2271.9 1438.5 403.96770 6.287 0.91 -13.6 1.1 105
3521.6 1388.6 47.53831 3.031 0.90 -47.6 0.6 29
3341.0 1403.4 52.36787 4.247 0.90 -80.6 1.1 65
1005.2 1433.8 260.07370 5.504 0.85 32.8 1 91
3996.6 1391.2 30.54724 4.622 0.63 82.7 1 75
3603.9 1388.8 28.54470 4.740 0.63 -36.2 0.5 49
2220.3 1391.1 23.66645 2.764 0.64 -70.1 0.8 41
3437.8 1381.3 42.25758 9.336 0.35 43.5 0.3 87
826.4 1375.1 17.43140 6.006 0.55 -24.0 0.7 71
3680.7 1376.3 8.58996 2.845 0.57 29.6 0.9 43
253.7 1394.1 17.64128 2.029 0.28 -90.0 4.3 195
3715.3 1435.2 29.07216 5.394 0.44 -59.0 2.1 179
2645.4 1385.2 23.85008 10.016 0.41 -5.0 4.5 431
2886.7 1435.2 170.13000 5.404 0.91 -85.8 1 79
2629.1 1407.3 35.65623 5.113 0.63 44.6 0.3 37
1769.6 1388.7 12.13860 2.359 0.66 -58.9 2.3 79
2167.4 1385.0 9.23253 3.210 0.66 -52.8 0.4 29
3902.2 1488.6 837.57840 6.055 0.76 -19.6 0.9 107
879.9 1415.1 43.67492 5.937 0.25 -35.1 3.3 365
3997.2 1398.5 29.60915 4.773 0.52 85.9 0.8 73
1062.5 1437.5 58.98972 4.576 0.43 -88.2 0.8 77
2279.3 1387.3 13.71004 5.347 0.70 -80.7 4.5 193
2815.8 1400.9 13.14870 3.540 0.47 -59.0 4.5 195
249.2 1436.0 93.30376 4.935 0.79 55.3 1.6 115
3887.4 1395.9 14.25108 5.719 0.37 21.5 3.8 247
168.8 1396.0 11.78484 3.630 0.52 86.6 0.7 47
348.0 1419.9 26.46194 3.511 0.78 52.0 0.3 25
857.9 1421.6 29.68578 3.303 0.76 40.9 1.2 61
948.3 1432.4 66.27045 5.452 0.62 -25.5 1.7 147
2704.5 1417.5 27.69139 7.403 0.39 -46.7 0.3 65
3151.9 1412.0 28.24477 10.221 0.25 55.6 4.5 589
3160.3 1436.6 33.95375 3.287 0.90 63.1 1.2 59
2837.3 1416.9 11.57437 4.070 0.78 11.0 3.8 139
3716.4 1480.7 175.24850 5.615 0.72 69.4 0.9 89
2036.5 1440.4 42.66273 6.403 0.97 58.4 1.7 121
1725.9 1437.1 17.53658 3.750 0.76 43.1 0.5 35
2733.3 1432.9 43.15759 34.130 0.61 44.2 4.5 581
425.5 1466.3 48.91574 5.145 0.71 -73.9 0.9 75
1976.9 1459.9 27.78363 4.203 0.45 -70.5 0.7 61
3894.5 1450.5 35.94650 2.801 0.85 55.3 0.6 29
2462.4 1475.2 87.23333 5.483 0.86 71.9 1.3 101
2266.5 1515.3 376.55970 6.149 0.75 49.0 1 111
465.9 1481.0 76.78600 4.456 0.91 -28.5 1 67
272.6 1450.9 68.05965 18.915 0.25 -0.1 4.5 877
4104.2 1432.6 14.37103 5.630 0.81 -34.0 1.3 85
754.2 1450.3 11.58703 3.215 0.35 -47.2 0.3 35
4016.6 1446.1 9.64898 2.484 0.79 -13.9 0.4 21
2318.1 1457.1 70.27017 24.501 0.73 59.5 3.3 497
238.6 1462.1 32.51915 7.360 0.72 -22.8 4.5 313
138.5 1464.4 18.42159 3.434 0.27 -83.1 1.5 115
922.9 1460.0 92.68385 46.603 0.55 -55.3 4.5 857
918.7 1464.8 42.16845 13.725 0.38 -50.7 2.8 417
3608.9 1475.0 24.15005 2.882 0.62 61.8 1.3 65
1128.5 1464.9 12.33262 2.414 0.89 76.5 0.3 17
2556.9 1489.6 47.38702 5.315 0.81 -43.1 0.8 67
2645.8 1482.4 25.02011 4.123 0.82 52.5 1.4 75
1337.4 1457.9 13.36466 4.662 0.56 -11.9 3.5 171
1790.9 1489.1 48.32570 2.620 0.94 40.0 0.6 27
2867.1 1522.9 102.64090 6.191 0.74 -47.9 1.1 107
819.6 1492.3 44.09094 5.171 0.74 -12.1 2.5 163
1727.4 1486.6 45.49241 4.395 0.67 3.1 3.3 197
3906.6 1532.0 166.38840 16.890 0.75 39.6 2.6 443
2798.6 1473.4 22.84659 12.548 0.21 -14.1 4.5 611
1702.6 1501.7 52.91358 5.185 0.53 40.8 0.9 83
2545.0 1491.4 72.02175 21.208 0.46 -23.9 4.5 705
836.8 1488.3 51.28451 28.672 0.42 -15.9 4.5 719
2488.6 1488.7 65.19013 41.473 0.55 42.1 4.5 745
2663.3 1490.9 21.66550 6.247 0.94 46.6 1.7 111
3314.0 1485.4 7.91023 2.896 0.76 87.9 1.2 47
3878.8 1519.0 58.58684 3.732 0.63 -49.3 1 69
812.4 1514.0 44.23936 2.794 0.90 -68.5 1.6 65
1061.3 1494.5 31.18165 8.638 0.69 -8.7 2.4 211
3395.0 1496.0 24.41884 10.399 0.37 -16.2 3.5 363
258.8 1506.7 16.79176 3.254 0.12 -35.0 4.5 485
3108.3 1522.1 32.54937 2.992 0.72 31.6 0.7 37
2429.3 1517.5 18.50213 3.510 0.64 -41.1 1 57
229.2 1519.1 26.10323 3.024 0.66 -87.7 2 93
1006.3 1516.7 19.71725 2.471 0.83 16.6 1.2 47
1404.3 1525.2 25.62683 5.400 0.64 -42.0 1.4 103
1724.5 1512.5 30.76235 10.674 0.41 22.1 4.5 479
3564.1 1551.4 107.01350 4.403 0.97 86.5 0.9 61
2711.0 1510.2 11.36708 3.944 0.57 -4.1 0.5 41
3420.7 1525.8 30.65114 6.162 0.33 -50.6 0.3 61
788.4 1524.3 14.05199 3.860 0.55 54.8 0.9 57
3921.4 1539.1 127.88300 20.441 0.61 32.7 4.5 681
2880.8 1525.7 91.44559 22.319 0.74 2.0 3.3 503
3584.5 1536.5 26.13042 4.246 0.71 46.3 2 115
1180.6 1556.6 66.54057 3.962 0.53 65.6 1.2 89
3807.0 1566.9 101.01450 6.267 0.72 35.2 1.3 121
738.6 1524.2 12.33807 4.077 0.45 48.3 1.8 113
552.0 1529.6 19.51490 5.685 0.36 -36.8 4.5 337
2650.4 1533.9 14.61203 4.139 0.52 66.3 1.4 89
1884.3 1541.5 17.91361 3.183 0.25 68.2 4.5 311
311.3 1593.9 357.15490 5.850 0.68 24.0 1 109
2980.5 1593.4 192.39890 5.976 0.90 -51.3 1 87
66.7 1539.3 17.29756 6.716 0.41 87.0 4.5 287
377.0 1539.4 9.56760 2.495 0.70 -68.3 1.2 45
1424.3 1551.0 28.30318 9.448 0.98 -37.6 4.5 285
2877.7 1545.5 46.50544 29.012 0.53 46.6 4.5 621
519.0 1540.7 23.44511 10.458 0.33 47.7 4.4 413
3949.7 1543.9 52.16162 46.577 0.60 36.5 4.5 675
3186.6 1550.9 18.73177 4.512 0.29 40.1 2.6 207
3079.2 1542.0 9.05511 2.569 0.36 -6.5 2.7 121
2965.5 1563.8 29.86139 4.535 0.54 -6.1 4.5 317
1980.5 1570.2 31.04071 3.889 0.75 65.6 1.8 95
1068.3 1619.3 165.15070 5.764 0.64 -54.1 1.1 107
1334.5 1562.8 16.28889 3.950 0.43 57.5 0.3 37
2590.0 1591.3 78.98654 3.415 0.78 -84.1 4.5 257
1206.7 1592.9 54.26976 3.553 0.63 89.3 1.1 69
2438.4 1576.9 16.56757 4.916 0.50 50.4 0.3 41
2435.5 1570.7 16.02813 4.690 0.42 45.3 0.3 41
3090.2 1567.7 199.26060 37.989 0.31 31.0 1.4 811
3071.2 1619.6 26.47911 2.755 0.78 -57.1 2.9 111
837.8 1638.0 216.81200 6.663 0.63 40.7 1.1 129
3113.6 1584.3 128.41470 38.639 0.47 28.8 3.6 913
3100.6 1574.7 56.07824 13.041 0.41 32.1 0.3 111
3642.6 1574.2 8.84823 2.579 0.47 39.6 2.2 91
1882.0 1683.9 290.94870 5.885 0.94 -24.9 1 89
842.3 1580.4 9.23820 2.526 0.55 -39.2 1.1 49
353.4 1604.2 39.91742 2.953 0.87 -40.2 0.7 33
1182.6 1656.7 386.57360 6.299 0.91 -79.0 1.1 111
3566.1 1588.6 13.71826 2.183 0.18 -6.4 3.2 191
2294.4 1623.3 78.17665 6.414 0.66 -26.8 0.9 97
2055.3 1597.0 17.74888 3.134 0.86 -67.0 0.9 43
1723.2 1594.2 20.07887 5.480 0.52 23.1 1.4 113
3822.6 1588.1 65.63681 37.381 0.77 63.5 4.5 603
3767.9 1604.5 19.47048 3.403 0.68 81.2 1 55
1580.8 1666.7 28.64397 3.153 0.73 29.3 0.8 43
3352.9 1621.8 47.46613 3.646 0.79 -67.2 1 59
1175.1 1625.8 101.88760 16.745 0.89 -72.0 3.3 409
3620.2 1597.4 13.38900 6.111 0.37 -59.7 4.5 303
80.3 1618.4 20.27172 2.376 0.56 34.1 3.4 131
651.9 1612.5 19.20195 4.826 0.51 84.4 1 85
1363.0 1619.2 9.51064 2.508 0.61 -4.5 0.5 25
917.6 1630.9 20.30993 2.527 0.94 50.9 4.5 157
1401.3 1631.1 20.30441 4.468 0.56 73.9 1 75
3938.0 1633.5 24.69915 3.305 0.53 37.1 1.3 77
171.3 1729.9 854.57180 6.280 0.89 74.7 1.1 113
1601.6 1663.1 45.57643 7.380 0.72 -52.2 2.1 183
3022.0 1632.9 8.71034 2.567 0.76 59.3 1.4 49
3325.0 1639.5 21.99835 9.668 0.67 65.2 3.4 249
3871.5 1633.7 14.80814 5.980 0.31 -15.3 0.3 59
1153.7 1654.2 57.33672 22.945 0.96 -64.9 4.5 445
998.0 1647.4 13.02880 4.116 0.78 -48.6 0.9 55
1428.5 1657.9 15.95008 3.288 0.83 8.6 0.6 31
1250.9 1678.6 64.01800 4.566 0.85 -20.3 0.9 61
2145.8 1668.7 26.94911 4.079 0.55 -22.3 0.6 51
2991.2 1649.6 50.16817 37.092 0.40 -24.3 4.5 773
2246.7 1678.9 81.71844 24.621 0.38 -78.6 4.2 783
408.6 1651.9 20.94498 6.832 0.43 48.4 0.3 57
1749.6 1782.9 275.04920 6.012 0.83 25.1 1 101
591.0 1675.7 36.42351 3.452 0.95 24.2 1.2 59
1102.8 1661.2 11.46991 1.760 0.52 -29.3 1.9 61
28.3 1667.4 13.50498 2.399 0.74 -78.6 0.9 35
3729.7 1670.2 38.66466 5.333 0.57 -29.8 1.6 133
415.1 1662.8 27.86391 9.243 0.28 54.3 4 429
2989.8 1653.2 25.45814 10.654 0.82 -44.9 4.5 275
3368.2 1651.3 13.27597 5.279 0.40 -6.9 3.2 205
922.4 1712.6 158.55570 7.706 0.70 2.3 1 129
633.5 1666.7 9.12709 1.392 0.52 88.9 4.5 113
3766.6 1678.5 13.56736 3.285 0.66 37.0 0.3 25
2801.3 1674.8 15.64717 4.466 0.48 5.8 4.5 241
2164.3 1687.2 69.83450 47.971 0.56 -4.5 4.5 789
4048.3 1689.3 19.49689 4.602 0.41 25.3 3.4 213
1784.7 1681.8 9.04646 1.769 0.57 63.0 4.5 129
14.7 1693.8 9.22790 2.846 0.78 -82.5 0.8 35
804.3 1721.0 53.76364 4.656 0.67 -32.4 0.6 51
2663.3 1723.2 71.77345 3.439 0.97 -15.5 1.1 55
1562.4 1695.6 21.95197 6.899 0.25 47.2 4.5 415
868.6 1696.3 14.19844 3.337 0.28 8.4 4.5 297
93.0 1707.2 10.94643 2.819 0.79 -15.0 0.8 37
1420.6 1739.5 53.80248 5.170 0.45 46.8 1 101
3702.9 1714.4 25.49990 6.123 0.76 -60.3 3.1 185
319.7 1770.6 193.46010 7.152 0.58 -49.0 1 125
213.7 1713.6 16.51482 3.108 0.68 -21.9 4.3 153
1088.4 1726.9 29.48428 2.868 0.61 -33.0 1.2 59
4071.3 1717.0 18.56092 3.778 0.63 -43.2 1.2 73
3922.5 1712.1 12.72619 3.222 0.71 6.4 1.1 53
3056.7 1735.6 57.84520 3.353 0.92 -41.9 0.7 41
1842.8 1712.6 17.67512 5.454 0.24 -38.3 4.5 367
3288.1 1739.2 42.44205 4.702 0.65 12.8 1.1 85
890.7 1706.1 37.17501 6.236 0.03 31.8 3.4 1097
1744.6 1718.3 14.65617 4.249 0.60 -54.8 0.3 35
2129.9 1719.6 14.26085 4.715 0.60 -81.2 4.5 205
134.4 1723.4 35.59718 29.382 0.63 -22.1 4.5 513
2695.7 1719.6 44.17680 27.616 0.27 -22.7 4.5 817
2937.6 1748.6 58.92666 3.624 0.85 -61.8 0.9 49
1118.3 1717.6 7.85316 1.446 0.61 9.6 4.1 89
3182.8 1718.9 12.77948 3.454 0.89 14.3 1.1 49
17.0 1746.0 37.79694 6.518 0.76 37.0 0.9 83
492.8 1736.9 60.35984 48.841 0.79 -63.5 4.5 629
1823.9 1741.2 19.96902 2.510 0.60 45.2 1 45
2763.6 1736.8 20.46028 3.734 0.40 -78.9 1.8 121
3846.5 1728.6 11.99486 2.912 0.64 1.3 0.8 41
2086.3 1728.0 9.60562 2.882 0.38 -5.1 0.4 31
3658.9 1812.7 333.73960 7.094 0.63 19.7 1.1 139
621.6 1735.2 13.07469 2.946 0.40 13.0 1.2 69
1247.8 1735.1 13.93151 3.686 0.29 -55.2 3.9 229
1453.2 1820.6 61.04871 4.796 0.68 2.9 0.8 67
728.2 1738.1 58.57475 29.642 0.40 -70.1 4.5 753
3097.9 1735.6 7.59906 2.250 0.99 -0.6 1 31
2318.5 1753.9 28.67816 2.404 0.70 3.6 1.3 55
3813.5 1761.5 29.06228 3.854 0.82 70.2 0.6 39
2982.6 1754.4 12.99191 3.314 0.85 77.0 0.9 43
474.2 1748.5 17.23139 4.081 0.73 3.3 3.7 153
267.8 1756.9 29.70012 4.300 0.66 17.9 0.8 61
1265.9 1763.4 17.93019 3.220 0.95 83.2 0.4 23
3904.0 1753.5 11.76055 3.587 0.78 76.4 0.6 35
724.7 1757.2 36.61950 10.332 0.75 78.3 3.3 275
61.2 1760.4 11.75775 1.458 0.13 -86.0 4.5 317
1434.8 1934.1 644.45040 6.677 0.83 15.3 1 113
3259.3 1760.9 10.49982 2.074 0.28 -34.5 3.1 137
2037.6 1777.2 21.90692 4.219 0.49 -69.9 0.9 69
2003.0 1771.7 20.22788 3.724 0.65 -16.0 1.4 79
2842.4 1789.0 47.56600 4.974 0.72 -40.3 0.9 69
3370.9 1763.1 38.26291 17.349 0.24 61.8 3.9 661
3497.6 1785.5 37.19605 5.137 0.57 78.5 1.2 101
1063.6 1764.4 57.24895 40.776 0.49 44.3 4.5 749
1334.4 1788.9 39.57562 4.223 0.59 -10.7 0.7 59
1226.6 1781.3 14.66420 3.328 0.65 -50.6 0.3 25
1102.4 1802.9 100.49010 26.902 0.44 45.2 4.5 871
2883.4 1789.9 18.95129 2.690 0.75 -21.4 1.4 57
2502.5 1780.8 11.53774 2.931 0.48 -42.9 4 153
47.5 1797.5 22.99104 5.258 0.67 -26.5 0.5 47
1525.4 1791.8 38.48798 9.011 0.55 77.2 0.3 67
1883.7 1779.3 12.48330 4.459 0.74 -41.5 0.7 47
1528.3 1808.7 41.04399 6.557 0.57 -50.9 1.2 123
558.0 1797.1 16.41315 3.641 0.29 61.1 3.2 209
823.6 1838.6 113.64370 6.797 0.69 -37.9 1.5 157
2922.2 1859.6 234.30730 5.326 0.79 -37.5 1 93
2421.9 1811.2 29.56575 2.702 0.82 8.1 1.2 49
3578.2 1809.7 21.30747 3.528 0.81 -6.8 0.6 37
42.7 1800.7 23.76768 4.846 0.57 -22.0 0.6 55
838.2 1825.1 54.05793 5.724 0.61 -31.1 1.6 139
2930.9 1824.1 67.97299 4.232 0.75 -7.8 1.2 79
3032.8 1814.4 19.98859 2.694 0.71 66.2 0.6 31
1589.7 1805.3 12.68313 3.009 0.23 -82.9 2.5 165
3309.4 1848.3 19.57402 9.202 0.73 37.4 4.1 245
724.6 1822.0 45.59974 6.654 0.56 -4.4 1.2 123
3019.7 1871.7 164.68320 6.922 0.48 -45.3 0.8 109
2367.0 1816.9 21.03835 5.538 0.76 -10.1 3.6 181
2544.4 1816.3 12.32687 3.365 0.85 -33.0 0.3 23
4173.4 1897.1 629.94860 5.624 0.78 61.3 0.9 97
1211.9 1824.9 28.62256 4.351 0.46 4.4 2.4 165
1005.0 1822.7 18.72160 4.461 0.71 57.1 0.5 41
743.2 1828.2 43.71338 8.650 0.48 11.5 0.3 69
946.6 1825.9 14.07868 2.484 0.27 -79.1 4.5 249
612.8 1815.9 23.02967 13.697 0.61 -49.8 4.5 355
3152.2 1863.0 117.68610 6.852 0.50 24.3 1.1 141
385.0 1838.7 26.01830 1.603 0.71 54.6 4.5 153
1008.2 1826.1 18.47656 4.507 0.71 55.6 0.4 35
3851.6 1836.2 32.64660 13.481 0.23 59.0 3.4 547
1662.9 1838.5 12.59449 2.578 0.59 -68.6 0.9 43
509.0 1865.1 62.03414 5.057 0.93 63.2 0.8 57
1635.7 1891.4 120.24720 6.857 0.67 77.5 0.8 95
3457.5 1835.5 14.67483 4.074 0.65 3.1 1.3 75
617.1 1837.3 14.01900 2.502 0.75 -36.9 1 39
588.7 1840.2 10.37197 2.701 0.58 -21.0 4.5 179
2971.5 1833.9 8.72978 2.597 0.75 27.1 0.7 29
1990.3 1843.2 89.45319 40.253 0.59 55.6 2.7 689
754.3 1850.6 28.01409 3.798 0.55 -16.1 0.3 31
1758.1 1853.0 24.33714 3.775 0.63 -36.4 1.3 77
3796.7 1868.8 60.42096 5.032 0.69 -16.3 1 85
838.5 1851.4 57.64486 14.663 0.70 21.0 4.5 487
1139.2 1833.4 29.94594 19.340 0.92 6.1 4.5 345
2011.9 1873.2 75.12856 2.826 0.87 49.6 1.4 63
2030.1 1854.5 35.88315 7.973 0.38 83.1 4.3 387
169.2 1928.7 747.06810 6.202 0.71 46.2 1.1 123
1845.6 1840.4 11.03508 3.148 0.08 -68.9 3 319
2307.2 1859.7 27.32249 2.265 0.36 -47.0 4.5 285
1877.7 1854.7 23.23097 8.391 0.95 -57.9 4.5 245
3865.4 1848.7 23.31202 12.174 0.43 47.6 4.5 413
4082.9 1875.7 100.29880 6.243 0.83 0.3 0.8 81
1111.0 1855.6 16.04485 3.787 0.43 -49.2 4.5 259
2916.4 1875.6 85.91343 5.775 0.63 -50.9 2.3 201
3733.9 1862.0 16.34769 4.108 0.76 27.2 0.7 45
800.9 1877.0 40.73443 6.925 0.45 46.0 4.4 347
4079.2 1885.1 103.67390 6.402 0.77 -2.1 0.9 91
2689.2 1899.5 69.93245 4.662 0.91 -61.3 1 69
989.0 1892.3 52.28629 5.573 0.68 -31.7 1.5 125
778.9 1867.7 76.17259 40.356 0.39 22.1 4.5 929
1149.6 1899.8 49.17743 4.080 0.63 75.8 1 71
3965.2 1874.2 8.00091 1.243 0.36 -60.8 4.5 143
1911.3 1869.5 34.60736 21.379 0.68 89.4 4.5 439
1518.3 1876.4 12.42100 1.267 0.20 -66.6 4.5 209
2582.5 1883.3 22.31348 3.682 0.73 -57.4 1.9 97
2524.7 1889.8 28.95738 3.007 0.88 -53.8 1.2 53
2346.6 1889.5 30.70889 5.912 0.56 48.5 1 97
3082.7 1882.3 15.17625 1.855 0.23 -36.0 4.5 263
329.0 1891.8 31.90259 4.485 0.52 -60.6 1.6 119
399.2 1966.7 726.10610 5.795 0.81 -57.6 1 107
3022.9 1944.9 166.29470 7.087 0.72 79.7 1.1 121
3062.0 1884.1 13.03253 3.924 0.56 30.5 4.1 171
1287.7 1921.8 38.01571 5.038 0.64 -67.6 0.5 49
1001.7 1888.5 36.68830 8.904 0.52 -26.2 0.3 69
2794.6 1959.7 176.31470 6.811 0.82 29.9 1.2 123
1794.8 1958.1 258.78520 5.832 0.92 21.2 1 91
3983.1 1915.8 42.99707 3.821 0.74 46.3 0.9 57
767.9 1897.1 7.10307 1.140 0.89 40.1 2.8 47
3700.6 1904.6 12.56192 2.572 0.85 2.6 0.6 25
3470.6 1910.3 19.76015 4.962 0.47 -5.3 1.2 103
2273.7 1928.3 44.58309 4.316 0.90 -25.5 0.7 45
3839.1 1909.0 11.98905 3.520 0.77 86.2 0.8 41
2521.4 1923.3 47.31429 11.955 0.60 38.7 4.5 485
1709.6 1949.6 75.86129 3.646 0.82 -37.2 1.3 73
844.4 1911.7 15.16254 4.513 0.59 60.4 0.8 61
3635.9 1922.7 19.76876 4.710 0.89 26.0 1.2 69
324.4 1914.2 10.37984 3.721 0.73 19.0 1 55
3454.1 1914.7 45.95300 22.131 0.14 -20.4 4.5 1049
1893.2 1976.2 133.96850 5.848 0.77 83.2 0.9 89
4051.9 1922.9 16.83573 4.128 0.92 38.5 0.9 51
4159.0 2025.0 87.67175 6.226 0.59 41.4 0.8 93
74.9 1932.9 20.85978 3.445 0.77 -89.5 1 53
682.6 1947.0 40.39512 4.477 0.60 62.2 1.7 117
126.3 1929.4 19.42211 3.786 0.54 45.0 1.7 101
3936.0 1927.7 23.93642 6.848 0.72 71.2 0.6 67
2492.6 1938.4 17.25530 2.702 0.81 -74.2 0.6 27
4119.2 1926.1 12.83944 3.240 0.64 -15.4 1.6 75
2297.6 1983.7 115.30010 5.623 0.63 55.9 1 97
1155.2 1931.7 13.52172 4.185 0.24 -75.7 4.5 313
2339.8 1935.8 14.45133 4.929 0.44 42.1 0.4 51
2548.5 1939.9 29.92740 10.371 0.29 86.5 3 397
788.7 1942.0 13.72965 4.100 0.77 -5.9 1.4 71
2547.6 1948.5 27.87928 9.564 0.24 84.2 3.7 455
62.2 1968.9 37.73729 2.796 0.64 55.0 0.8 43
1222.9 1948.1 9.22353 0.423 0.12 -1.8 2.9 69
1663.8 2019.1 162.52250 6.474 0.61 -74.7 0.8 99
2246.4 1972.9 90.01203 30.645 0.77 15.7 4.5 627
1838.5 1958.9 39.32499 14.443 0.18 43.4 4.5 857
2168.0 1947.5 10.94201 4.014 0.77 -23.8 0.4 31
2355.0 1959.3 11.19721 3.503 0.20 -74.9 4.5 353
2781.9 1984.0 80.45393 7.539 0.83 -7.3 2.9 243
678.5 1984.4 26.73339 2.694 0.79 85.6 0.6 29
3269.5 1963.7 41.00725 16.582 0.25 48.4 4.5 717
3962.3 1987.0 40.48736 3.136 0.67 85.8 1.1 61
3960.3 1963.7 24.46399 9.020 0.19 -26.8 3.9 491
994.3 1984.7 25.91751 3.752 0.77 38.6 0.6 39
2256.7 1976.6 74.78772 26.056 0.54 26.1 3.7 623
2685.4 1970.6 32.44096 15.684 0.50 25.0 4.5 439
3768.4 1980.8 16.85499 3.377 0.85 -58.7 0.5 31
3474.6 1978.6 14.30856 3.570 0.76 -61.6 0.7 39
811.3 1985.8 23.69606 5.902 0.40 33.3 0.4 63
1264.9 1985.6 14.65095 3.825 0.53 40.4 4.5 201
4173.0 1976.9 7.62206 1.235 0.23 10.5 3.4 113
3390.9 1985.9 23.42692 5.166 0.52 21.0 2.4 171
2222.2 1992.0 50.70476 14.967 0.69 41.7 4.5 481
1236.8 1989.1 24.33826 5.364 0.86 -17.4 3.4 169
2694.5 2036.6 103.88690 5.682 0.69 -49.7 0.9 85
2711.5 2010.8 42.97604 4.523 0.65 80.2 1.8 123
173.0 1986.1 9.73058 3.794 0.87 -4.8 0.5 33
13.4 1988.3 11.24274 2.927 0.66 27.3 0.7 35
3774.6 2017.2 38.57054 2.705 0.91 33.3 0.9 37
130.6 1993.6 11.81244 3.931 0.48 87.3 0.3 33
3711.2 2004.3 16.14659 3.747 0.51 34.8 1.1 71
3816.6 2024.5 28.96175 4.551 0.62 49.5 0.4 39
1959.9 2003.7 12.76877 4.257 0.35 -72.1 4.5 291
1282.2 2012.1 13.52341 3.364 0.65 81.2 0.3 25
1223.5 2017.8 42.65395 7.993 0.49 -55.7 4.5 421
2662.8 2019.9 31.72872 7.346 0.42 -37.2 3.6 315
158.8 2036.4 64.99997 2.914 0.77 -30.6 1.9 93
4046.6 2149.3 1209.62900 9.768 0.77 -39.2 1 165
2941.8 2029.0 31.72625 26.054 0.29 35.6 4.5 701
949.3 2042.2 21.70983 3.151 0.77 -52.9 0.9 47
169.8 2031.8 30.07707 11.281 0.32 -4.3 4.5 549
856.4 2042.6 19.96061 3.979 0.70 -51.9 1.4 81
4066.4 2030.0 8.18723 1.590 0.69 72.1 3.4 77
3415.3 2036.1 34.04438 13.652 0.27 -49.1 3.8 537
2959.5 2041.0 12.80922 3.436 0.81 -18.7 0.8 39
1888.1 2075.2 79.83986 4.581 0.85 31.8 0.8 59
3168.4 2082.0 57.86131 4.239 0.85 -66.9 1.2 75
3241.6 2140.1 317.07850 8.356 0.56 -64.9 1 161
1049.3 2058.8 11.45476 2.433 0.68 -60.4 1.3 49
2531.1 2098.4 176.28390 4.734 0.78 70.9 0.9 73
1686.7 2070.8 39.11204 2.302 0.77 62.2 0.9 35
2142.0 2053.5 15.52556 4.615 0.75 -68.2 4.5 211
3110.2 2051.7 13.36967 2.952 0.52 -3.9 0.8 45
254.1 2047.1 9.43502 1.875 0.10 24.0 3.4 221
171.8 2072.4 31.47838 3.296 0.87 -50.9 1.3 61
1942.0 2055.1 11.61771 3.619 0.39 -65.0 0.4 37
1491.9 2077.3 54.82174 2.730 0.93 -7.8 0.7 33
1880.6 2067.4 35.31837 4.860 0.62 82.5 2 137
1606.5 2102.2 131.86670 4.894 0.91 -20.6 0.8 65
54.4 2065.1 15.10694 4.477 0.41 9.6 4.5 281
3444.4 2065.3 13.12999 2.263 0.86 -58.0 0.7 27
1992.1 2053.8 10.48689 3.206 0.27 15.0 0.3 37
3075.8 2078.0 26.16087 6.347 0.77 82.5 1.4 111
2727.5 2080.1 26.56066 3.247 0.62 -55.5 0.9 51
3752.6 2106.6 101.51960 6.658 0.86 56.6 1 95
3981.2 2064.4 71.58842 41.346 0.48 -63.9 4.5 825
548.8 2118.6 186.86210 5.284 0.79 -51.4 0.9 79
2956.9 2091.0 73.08665 13.873 0.70 20.0 3.8 419
3593.8 2080.3 24.93223 4.113 0.72 -71.3 1.3 77
4172.3 2080.9 24.41436 3.653 0.60 3.4 0.9 57
2080.9 2079.0 12.10265 2.400 0.50 -46.7 2.5 99
1615.5 2078.9 28.69950 11.105 0.97 -36.3 4 255
3654.4 2090.1 21.37639 4.737 0.67 -14.6 0.6 47
1619.6 2078.6 29.72568 15.194 0.35 -77.9 4.5 543
884.4 2108.0 47.41449 3.871 0.69 -16.5 0.9 57
2553.6 2085.7 49.31045 25.043 0.36 -36.1 4.5 735
3969.6 2087.2 15.39600 5.148 0.27 -48.5 0.3 55
2805.2 2106.7 40.18970 3.826 0.96 -56.3 1.5 75
2932.0 2103.8 46.59253 6.177 0.72 -51.0 2.8 205
51.0 2107.3 16.77115 2.778 0.94 -84.4 0.8 35
2587.7 2098.1 9.59827 2.989 0.71 41.6 1.9 75
1220.4 2157.0 131.78120 8.105 0.62 19.5 1.4 179
3873.6 2100.3 19.66237 6.487 0.17 34.7 2.4 323
3638.9 2112.7 12.02852 3.432 0.84 -68.1 1.1 53
846.0 2122.9 26.36458 6.925 0.38 87.2 1.4 161
3725.3 2117.5 24.89766 11.173 0.41 -10.1 3.8 369
3807.6 2136.7 24.46686 5.168 0.38 -60.2 0.8 85
408.3 2141.3 31.91783 3.949 0.72 -28.4 1.1 65
964.6 2141.3 28.67232 4.021 0.51 -51.8 1.1 83
3915.3 2125.4 12.18431 3.358 0.85 -30.3 4.5 171
848.3 2137.3 28.07022 7.663 0.35 83.8 1.5 193
1646.5 2124.0 10.14830 2.869 0.97 -15.5 2.7 79
1323.4 2123.6 10.12439 2.988 0.78 -81.6 0.4 25
3956.9 2128.6 10.71462 1.880 0.58 13.0 1.3 43
3732.8 2141.5 22.94211 7.904 0.28 65.2 4.5 491
484.1 2157.2 36.97999 6.931 0.51 -64.0 2.4 221
3389.8 2156.3 18.60646 3.264 0.87 10.1 0.5 29
1254.0 2138.7 67.11521 38.475 0.57 -31.1 3.1 657
2889.3 2144.3 17.95990 7.711 0.40 73.7 4.5 333
1515.1 2152.4 39.70434 19.001 0.52 76.3 4.5 491
475.5 2168.4 49.35762 5.711 0.75 -12.0 1.4 109
3611.6 2155.3 19.81197 5.284 0.74 -84.9 4.5 245
1515.7 2164.8 28.32291 5.657 0.72 87.1 1 79
3007.0 2151.6 24.06421 7.020 0.18 -58.1 1 185
3612.8 2152.0 14.09295 3.683 0.92 -86.6 0.7 39
2798.5 2170.4 23.37095 3.204 0.87 -48.2 1.2 57
186.1 2159.2 13.16809 5.391 0.79 82.3 0.3 35
3109.6 2195.2 132.61420 6.493 0.66 5.0 1.1 121
1717.2 2191.4 91.28819 4.384 0.89 15.6 0.9 63
3070.1 2174.2 24.75592 3.319 0.80 13.6 0.6 35
3397.1 2205.1 91.36037 5.902 0.98 65.9 1.1 89
3957.2 2174.2 17.85543 2.803 0.85 58.3 0.3 19
2927.1 2188.4 50.31948 2.604 0.93 7.7 0.9 37
2997.2 2164.9 25.52330 8.283 0.29 -61.8 4.5 423
440.5 2212.6 87.47007 6.068 0.75 -80.7 0.9 85
99.9 2185.9 46.25573 3.105 0.97 -3.6 0.7 35
2891.2 2167.4 17.80790 6.840 0.28 69.1 4.3 349
1267.3 2183.1 27.87569 2.771 0.84 -2.9 0.9 41
2632.4 2239.2 171.00760 7.764 0.75 71.8 0.9 111
1830.0 2174.2 22.98235 6.859 0.42 84.4 2.9 245
2334.8 2179.2 25.46751 6.792 0.57 -26.8 1.4 133
2116.6 2178.9 14.39010 2.940 0.22 -2.9 4.5 349
2155.9 2199.4 41.18917 3.007 0.94 47.3 2.9 117
2956.2 2200.9 42.65443 2.756 0.89 32.4 0.8 35
350.3 2179.8 10.45109 3.275 0.47 20.1 1.9 97
780.3 2193.4 13.00041 2.941 0.43 -60.6 0.5 35
2133.0 2182.8 47.00719 41.835 0.41 5.8 4.5 759
3420.6 2227.3 127.97550 18.679 0.63 58.8 3.4 559
1356.1 2191.5 52.61522 17.128 0.36 78.9 3.7 579
2422.2 2205.2 14.86588 3.674 0.43 79.0 0.5 43
2270.2 2198.2 12.04107 1.556 0.25 13.6 4.5 175
2246.3 2231.9 52.66525 3.143 0.99 35.7 0.7 37
45.6 2208.8 9.65249 2.910 0.60 -20.0 0.6 33
1944.1 2218.6 21.74096 3.051 0.94 81.6 0.9 41
3725.9 2207.7 9.82735 2.242 0.70 -64.4 2 63
2069.7 2252.7 73.40348 3.749 0.72 88.6 0.8 51
977.8 2221.3 14.43705 2.869 0.78 -79.0 2.3 85
2917.5 2252.3 94.95290 4.390 1.00 -39.9 1 61
1238.5 2233.5 35.57541 18.651 0.78 -69.3 4.5 409
3006.9 2251.4 55.29672 3.297 0.88 -75.3 0.8 43
3726.1 2348.5 121.20010 6.172 0.88 -52.6 1 89
1477.3 2222.0 11.45908 3.663 0.29 23.7 0.9 75
3995.7 2225.1 21.39877 7.093 0.54 -32.5 1.2 121
450.7 2234.8 31.93154 9.306 0.40 51.3 0.3 81
3432.9 2254.3 37.82045 6.546 0.73 -86.8 1.5 129
150.5 2298.1 25.65623 3.368 0.33 63.4 1.4 107
3991.4 2232.8 19.46211 6.574 0.57 83.7 1.2 115
1250.0 2287.9 127.75720 7.684 0.75 56.2 1.4 151
30.6 2265.9 53.91802 4.206 0.97 36.2 0.8 49
1091.4 2312.2 266.65160 6.680 0.64 59.6 1.1 127
1775.2 2257.3 20.07659 3.838 0.40 38.4 0.7 59
116.7 2249.7 20.92082 2.178 0.23 -12.1 3.9 215
3170.0 2255.4 16.18303 2.952 0.72 35.1 0.3 21
810.8 2280.7 40.75343 4.655 0.74 -3.9 1.1 77
4062.0 2257.0 12.34432 3.401 0.92 40.6 0.8 37
307.0 2303.0 330.22460 5.120 0.70 -6.5 0.9 87
1924.4 2267.5 29.29165 6.395 0.76 -49.1 1.9 137
2851.0 2299.3 125.15970 5.160 0.85 -59.3 1 81
1228.1 2268.1 85.50121 42.879 0.68 42.7 4.5 755
2511.1 2315.1 130.83670 6.902 0.49 35.9 1.1 141
2125.1 2277.0 15.78494 2.708 0.64 85.9 0.3 21
1633.1 2298.4 91.28893 5.363 0.72 7.0 0.9 81
2766.8 2288.9 59.43361 6.189 0.81 -38.9 2.9 205
1783.1 2263.1 18.68278 6.011 0.16 48.8 4.5 537
2777.9 2280.0 47.45285 11.110 0.66 -52.8 3 307
2930.2 2288.8 39.78667 3.375 0.94 -11.4 0.5 31
2023.2 2281.8 27.69174 5.496 0.91 61.6 2.1 121
1442.0 2279.5 74.11352 28.756 0.30 -40.3 3.1 815
1561.7 2298.7 62.01054 8.018 0.70 -62.3 4.5 389
500.5 2282.0 32.53087 11.995 0.34 33.2 4.5 547
1946.2 2282.6 41.76188 15.507 0.44 54.0 4.5 533
1427.7 2287.8 34.18874 7.863 0.23 -48.7 0.3 91
1732.2 2274.5 29.81537 16.315 0.24 77.4 4.5 675
2213.3 2344.8 141.91950 6.878 0.55 60.4 0.9 119
2712.6 2289.1 22.17982 5.739 0.71 2.4 0.9 73
3796.5 2314.1 59.16486 4.958 0.78 47.5 0.9 67
2014.8 2286.8 23.00483 5.884 0.60 5.7 1.7 133
425.0 2279.8 70.90819 71.780 0.28 41.3 4.5 1165
1734.8 2302.0 22.14004 5.153 0.73 -20.4 0.5 45
3887.4 2296.4 12.43070 2.330 0.21 52.0 4.5 323
443.3 2296.2 34.63101 10.058 0.27 45.2 1.7 297
236.3 2291.7 7.28845 1.455 0.69 80.0 4.5 95
4132.2 2340.4 120.32620 5.588 0.78 -20.7 1 91
968.2 2298.8 9.97754 3.103 0.85 78.7 0.3 21
488.7 2314.7 28.42519 10.118 0.56 -47.7 4.5 355
2457.0 2318.0 24.38021 8.556 0.50 -15.9 2.9 259
2465.6 2321.8 22.63653 3.974 0.39 12.3 2.6 171
1774.8 2392.3 41.76171 3.949 0.75 -52.1 1 65
1704.6 2334.6 19.36086 3.255 0.78 -38.7 0.8 43
2239.7 2322.6 22.44798 10.430 0.65 -37.5 4.5 323
1552.7 2316.0 14.51434 4.022 0.31 -80.7 0.9 79
1089.6 2335.1 132.29990 38.789 0.25 32.3 2.6 1135
2430.2 2340.6 24.36065 3.301 0.41 -18.4 0.6 47
1023.6 2361.5 60.68026 3.312 0.94 -81.5 0.7 37
870.3 2342.1 17.83118 2.662 0.52 80.7 4.5 231
784.5 2356.3 62.89156 4.179 0.52 -12.1 0.9 77
1043.2 2419.4 222.37540 8.301 0.54 -51.6 1.1 165
1108.2 2339.9 53.63842 18.470 0.28 37.9 2.3 561
665.7 2343.3 25.71149 6.142 0.51 -69.4 4.1 263
3863.4 2356.5 29.74581 5.833 0.80 31.1 1.9 127
4193.3 2345.5 78.62653 44.035 0.52 -5.2 4.5 829
2139.0 2342.0 10.42432 3.181 0.67 14.3 1.3 61
1471.6 2348.9 14.15138 3.587 0.69 -72.9 1.2 63
4181.2 2350.2 36.83756 15.305 0.40 15.6 1.6 313
225.4 2346.3 9.05318 3.289 0.53 54.7 0.7 43
271.0 2383.6 48.77396 4.149 0.65 -53.0 0.8 61
3823.8 2358.3 16.70144 4.356 0.67 -84.6 0.3 31
3865.4 2353.6 29.18300 6.135 0.79 41.9 1.9 133
2433.1 2362.9 22.06155 4.405 0.82 -11.8 2.4 119
3789.2 2378.9 34.05185 4.775 0.78 -46.4 0.6 49
1083.7 2389.2 55.55430 3.607 0.90 11.1 1 55
2774.6 2422.3 268.78110 5.222 0.92 37.9 0.9 75
2220.2 2382.0 26.96291 6.443 0.53 -82.6 3 227
3035.6 2371.9 14.95712 3.365 0.54 -12.7 0.8 47
2789.5 2390.7 31.27582 3.204 0.90 -28.5 0.9 43
304.4 2380.3 13.49113 2.424 0.57 -31.3 1.4 57
2053.3 2376.5 24.87540 12.005 0.35 13.6 3.6 401
1046.2 2397.1 108.42220 29.369 0.87 58.9 3.2 551
3906.0 2390.0 20.48220 6.199 0.67 5.1 1 89
1452.7 2388.1 17.74588 5.188 0.49 -21.2 0.7 65
342.1 2519.5 845.18920 9.320 0.58 76.2 1 179
3668.3 2469.2 242.20630 5.202 0.98 63.8 1.1 89
1492.0 2391.9 27.77151 10.638 0.29 12.7 2.5 361
934.3 2392.6 17.76766 4.834 0.31 15.1 1.6 151
2010.7 2446.7 151.89480 5.097 0.82 -19.1 1.2 97
795.4 2405.9 29.81072 10.199 0.54 -34.4 3.7 323
3297.5 2402.8 17.33889 6.289 0.40 55.4 0.3 55
521.7 2416.4 18.74478 3.902 0.30 30.7 2.4 177
3047.3 2400.1 10.08154 3.784 0.62 -63.1 0.3 29
233.9 2421.9 18.81441 3.507 0.76 77.4 0.7 41
3365.2 2431.7 34.32055 5.475 0.70 21.1 0.5 51
1643.8 2430.1 24.31176 2.936 0.82 -20.2 0.3 21
3030.3 2460.6 85.91550 6.798 0.64 22.4 1 113
2627.9 2412.4 31.88959 20.170 0.47 -9.4 4.5 515
3814.6 2462.6 109.00790 5.305 0.94 -44.1 1 79
728.3 2446.3 56.29846 16.010 0.60 -22.9 1.4 269
2751.3 2442.5 55.16362 11.446 0.64 -26.9 4.5 431
354.2 2438.2 19.79353 2.000 0.70 -51.1 1.3 45
3323.8 2466.9 73.63346 6.090 0.79 -85.1 1.3 111
3309.7 2450.0 59.64864 11.878 0.91 6.3 3.5 309
3371.9 2437.0 33.26979 5.388 0.59 34.7 0.5 53
2144.5 2438.0 14.79248 3.145 0.43 -56.3 1 63
1886.7 2440.7 15.95160 3.596 0.97 -19.5 0.8 39
59.2 2431.6 15.52837 4.543 0.57 14.7 1.9 117
1372.4 2462.7 102.12440 25.725 0.49 50.7 4 731
3289.3 2457.6 42.46837 4.749 0.74 -36.3 4.5 239
719.8 2446.1 84.30772 24.981 0.43 -35.1 1.6 493
5.6 2467.3 43.26149 3.182 0.46 87.9 3 179
1338.0 2444.1 15.97647 7.166 0.78 -3.7 4.5 221
698.2 2463.4 66.27959 24.604 0.46 -42.2 2.3 525
1482.2 2459.3 14.82462 2.826 0.74 -49.7 0.6 31
1768.8 2473.2 26.83800 4.763 0.74 -51.0 0.6 49
151.9 2456.5 8.63738 2.206 0.21 -88.6 2.4 129
1392.2 2481.0 84.74581 8.939 0.95 46.3 4.2 321
2838.1 2459.3 10.05084 3.281 0.52 78.3 0.8 47
2400.1 2588.3 1379.73400 6.458 0.68 -58.2 1 129
3417.5 2505.4 55.15838 5.312 0.51 89.3 1.1 107
1218.2 2479.7 21.58358 4.400 0.53 -68.9 1.3 95
3016.6 2472.5 82.98481 31.634 0.50 -87.3 4.5 775
4197.3 2501.6 42.86540 2.632 0.41 85.3 0.8 49
239.9 2530.5 287.56590 6.046 0.64 24.2 1 117
526.9 2786.6 11458.23000 11.270 0.57 -38.6 1 263
2868.2 2503.3 45.30898 5.420 0.62 -33.8 0.9 79
1391.6 2496.6 46.57470 5.514 0.75 -74.1 2 141
3748.4 2496.1 64.94781 4.789 0.48 -19.2 1 91
522.6 2471.2 35.07621 24.240 0.42 -0.8 4.5 603
1345.2 2470.8 23.77729 7.214 0.25 -17.7 3.2 345
548.6 2477.2 44.14182 33.561 0.97 86.1 4.5 463
3427.7 2485.3 33.67447 14.318 0.38 -64.0 4.5 525
2477.7 2495.7 23.09512 2.792 0.83 6.1 0.3 19
449.6 2500.3 21.59230 7.625 0.57 -69.1 1.6 151
3913.5 2509.2 13.30232 3.067 0.85 -6.2 0.3 21
3491.0 2507.8 16.13298 3.911 0.48 30.5 3.7 185
4023.2 2521.5 24.27157 8.322 0.73 50.7 2.8 207
1524.7 2522.7 12.52284 3.660 0.82 -60.4 0.8 43
2040.4 2568.9 165.82280 4.671 0.96 64.5 1 71
1038.7 2547.9 61.43522 3.462 0.66 18.8 0.9 57
3548.7 2543.6 24.86705 3.568 0.88 -78.7 0.6 33
4032.0 2595.4 252.04230 6.565 0.83 40.5 1 103
1863.2 2542.3 13.64132 2.428 0.79 88.6 0.8 33
3332.0 2577.1 100.06730 4.350 0.84 77.9 1 71
2437.4 2555.6 37.57781 3.207 0.88 13.8 1.5 67
2658.7 2570.2 37.93964 5.888 0.53 69.9 0.5 65
3759.9 2532.0 11.93165 3.918 0.24 -19.5 4.5 305
1906.8 2549.4 14.72661 2.038 0.32 -11.5 4.5 227
2088.4 2577.6 57.14085 4.453 0.78 82.9 1 71
20.8 2553.7 15.47834 3.475 0.24 -38.9 3.5 231
2386.4 2621.3 221.52620 7.095 0.61 67.7 1.1 133
1801.0 2600.1 280.75110 4.991 0.67 -7.7 0.9 85
924.1 2581.0 70.80907 3.367 0.77 -62.9 0.9 51
2262.1 2565.5 17.73568 3.762 0.40 58.4 3.2 183
2844.2 2632.5 294.61900 6.810 0.81 66.5 1 107
243.7 2625.6 246.48110 8.069 0.73 -19.3 0.9 123
4171.7 2557.0 7.75712 2.244 0.60 -7.6 0.7 31
2308.4 2569.4 18.53832 4.367 0.80 -35.7 0.3 31
2662.8 2574.3 35.34742 6.310 0.62 67.5 0.5 59
493.7 2632.5 294.08510 6.541 0.69 -26.9 0.9 109
4050.1 2586.5 92.25363 33.037 0.59 39.8 4 719
3993.3 2581.2 22.24647 4.142 0.57 -14.6 4.3 205
3229.0 2593.1 42.52011 2.628 0.80 -65.6 4.5 263
977.1 2604.4 21.03190 4.804 0.47 75.6 0.4 45
995.7 2584.3 23.99753 5.700 0.77 -10.5 3.9 201
4024.8 2575.7 144.47670 55.098 1.00 84.6 3.3 733
1719.3 2594.0 30.04528 6.678 0.43 -64.7 0.3 57
2094.1 2593.0 35.07300 9.902 0.53 -79.0 2.9 293
805.7 2606.5 46.31110 5.155 0.58 -8.8 0.6 63
850.3 2582.7 29.26171 21.626 0.37 -65.1 4.5 575
2313.6 2774.1 181.53040 7.499 0.73 -83.0 1.2 145
3550.1 2625.0 105.34780 4.735 0.80 -13.0 1 79
2998.5 2597.6 22.05954 3.075 0.91 47.2 0.6 31
3476.1 2628.7 146.09580 5.233 0.90 -23.9 1.1 87
3740.3 2620.6 203.06640 42.631 0.55 -5.4 2.9 929
3465.2 2598.9 13.66158 2.650 0.69 -85.4 0.7 33
2424.1 2626.7 68.19218 5.565 0.57 19.9 2.6 219
843.7 2606.2 27.93493 3.922 0.59 -4.2 2.5 143
446.2 2601.2 12.78229 2.471 0.78 77.4 0.6 27
2896.4 2603.2 10.01401 1.964 0.48 -66.3 0.7 31
3800.7 2608.4 14.50267 2.597 0.73 -65.8 0.4 23
402.8 2606.6 21.20736 3.830 0.96 43.5 4.5 199
1568.8 2605.2 11.45783 3.318 0.80 10.6 0.3 23
3953.2 2602.5 11.64063 2.743 0.69 4.0 0.4 23
3110.2 2618.4 28.34528 3.201 0.67 -31.5 0.6 37
2564.0 2606.5 24.79353 11.187 0.36 86.3 3.9 397
3136.8 2648.2 31.75241 6.411 0.22 -41.4 4.5 525
2271.8 2631.7 37.74519 3.383 0.73 68.5 0.7 43
925.7 2634.6 64.78723 5.288 0.62 42.3 1.6 135
777.9 2638.3 77.69651 3.823 0.97 71.7 1.1 59
1498.5 2608.8 10.31813 3.565 0.71 86.2 1.2 61
2765.3 2620.8 9.49560 0.998 0.29 -80.4 4.5 159
3860.0 2643.9 56.10405 2.946 0.88 43.4 1 47
3619.5 2642.7 43.56309 4.240 0.76 -62.3 1.2 75
3699.4 2624.4 74.50252 26.795 0.83 -3.2 2.8 461
1974.7 2629.1 19.02551 4.052 0.65 20.1 0.7 47
1110.7 2616.9 19.15046 7.754 0.29 0.6 4.1 361
936.7 2641.4 54.11995 7.551 0.71 35.7 1 105
2983.0 2627.2 8.95829 1.845 0.76 -76.7 1.7 47
919.3 2695.0 270.20640 6.745 0.89 57.0 1 107
2555.7 2635.8 13.67429 3.216 0.70 -10.7 1.2 57
3186.9 2646.7 28.85535 5.343 0.52 36.3 4 251
2228.8 2640.9 19.51476 5.072 0.51 -83.3 1.8 131
3089.9 2647.4 15.60447 2.446 0.73 -84.6 0.8 33
1347.0 2659.9 43.75755 3.020 0.83 -53.2 0.7 35
2918.9 2646.1 16.15583 3.995 0.70 13.6 0.6 41
2685.6 2637.2 17.85185 6.634 0.44 -27.9 0.3 55
2332.0 2646.5 9.74185 2.506 0.73 -1.3 0.8 31
3597.5 2660.3 85.01660 30.867 0.56 -34.7 4.5 771
4074.7 2645.5 42.32982 33.943 0.30 -78.7 4.5 815
2991.4 2731.3 295.02100 6.449 0.85 -60.5 1 103
1792.2 2668.4 34.90382 2.884 0.87 -28.5 1 45
1441.4 2662.0 12.73370 3.311 0.64 -79.6 0.3 27
598.7 2669.8 23.28619 3.321 0.90 -72.6 1.2 55
1506.0 2655.2 12.77813 3.075 0.49 15.1 1.6 81
4174.5 2719.1 69.52124 6.173 0.80 -9.6 1.2 103
435.0 2671.9 28.84444 2.576 0.84 -1.4 3.4 119
1746.9 2669.5 15.86879 2.644 0.68 74.7 0.3 21
1777.9 2657.6 34.84937 28.338 0.40 -7.8 4.5 631
3487.9 2689.2 42.12595 4.578 0.44 -16.4 1.1 97
740.3 2697.4 63.09750 4.881 0.86 77.6 1.3 87
1851.2 2673.1 18.43707 5.905 0.89 -38.4 4.5 193
984.1 2708.0 96.31302 5.092 0.93 -39.0 1 71
1292.5 2717.5 110.62680 5.134 0.94 -67.3 1.1 79
1549.0 2778.8 403.95660 8.399 0.55 -64.7 0.9 153
4066.2 2673.3 12.44460 3.210 0.55 29.2 0.7 43
2497.7 2690.9 15.35175 2.005 0.82 -83.0 2 59
2297.0 2690.7 15.40022 2.508 0.44 53.7 2.8 121
4126.1 2686.8 13.98519 4.457 0.39 4.5 0.3 41
3328.1 2727.3 94.76244 5.161 0.89 3.2 1 75
1997.7 2715.1 42.80173 7.847 0.70 52.1 2.3 205
3384.3 2698.2 11.35209 3.251 0.80 -27.9 0.7 37
272.3 2757.6 220.63630 5.246 0.75 74.4 1.1 99
2767.7 2721.6 49.18666 2.554 0.90 74.2 0.9 37
2947.5 2730.1 59.90461 4.903 0.93 -0.7 1.2 81
3109.4 2717.4 19.70979 4.359 0.46 -52.8 0.3 37
834.6 2700.8 10.43042 3.341 0.83 17.9 4.5 137
2899.8 2716.3 23.93795 3.923 0.81 -59.0 0.9 51
3065.0 2712.7 23.73237 5.394 0.44 -76.3 4.5 283
2675.6 2732.9 49.70476 3.088 0.94 56.2 0.8 39
1352.9 2733.7 42.55774 5.270 0.60 37.1 0.4 43
3054.1 2728.8 31.49224 5.690 0.52 -29.0 1 99
1535.9 2735.5 43.94299 5.798 0.84 16.2 1.3 99
133.2 2735.3 33.59673 5.360 0.53 -15.6 0.8 77
783.1 2720.3 14.24669 2.427 0.74 -37.7 1.2 45
4050.2 2734.1 24.24910 1.956 0.43 -28.6 1.6 69
3907.1 2738.4 17.09416 3.435 0.89 67.1 1 49
704.9 2729.1 12.73317 4.007 0.70 70.2 0.3 29
1677.8 2761.6 34.93857 22.910 0.46 51.2 4.5 553
2177.2 2732.9 10.77755 3.462 0.56 21.7 0.6 39
114.5 2734.8 32.79528 7.716 0.43 2.5 0.3 69
903.2 2743.4 25.91827 2.641 0.73 80.2 4.5 201
3451.7 2797.8 219.35880 5.498 0.89 80.7 1 89
3470.8 2756.7 21.75595 3.955 0.69 30.8 1 61
2594.7 2757.3 42.71674 14.068 0.55 -41.5 4.5 457
2307.0 2744.6 77.59574 25.560 0.39 72.0 2.3 613
854.4 2941.7 1794.94000 9.770 0.72 65.5 1 183
1791.5 2759.1 20.34050 5.076 0.51 -10.1 0.3 41
2854.2 2770.2 22.44254 3.360 0.68 -67.8 0.6 37
3041.2 2890.4 2572.40600 8.479 0.99 -48.1 1 139
3088.5 2775.8 26.82908 4.391 0.31 -37.8 4 285
2564.3 2764.6 15.64871 3.184 0.62 85.1 2 91
3668.7 2885.9 110.63540 8.125 0.63 -8.9 1.9 227
601.9 2785.0 28.51257 3.842 0.81 -87.8 0.7 45
1642.5 2781.5 36.35127 2.904 0.78 -37.2 0.9 43
3310.6 2771.7 15.27805 3.279 0.88 -8.2 0.6 33
2960.8 2764.5 8.87324 1.335 0.91 1.4 2.4 45
2471.4 2805.4 93.72305 5.383 0.94 -37.9 0.8 65
2708.9 2793.5 26.51105 6.726 0.58 34.4 0.3 49
2038.7 2789.5 46.37292 4.345 0.69 -61.8 3.7 209
375.9 2766.3 10.59253 3.571 0.72 -71.9 0.8 43
3103.9 2812.8 38.31075 7.273 0.48 38.4 1.2 139
3628.4 2770.9 12.46140 3.168 0.68 1.1 0.8 41
346.6 2787.0 17.12980 2.477 0.62 47.6 0.6 31
1615.4 2783.2 11.95394 3.131 0.74 10.3 0.3 23
64.3 2831.8 25.89187 4.385 0.71 59.8 0.6 49
3506.3 2805.3 35.39792 4.472 0.80 -52.5 1.2 75
3125.1 2807.9 59.18597 3.560 0.77 -10.1 2.2 121
3426.9 2804.7 53.41796 9.382 0.50 -66.6 2.9 323
3810.7 2789.7 41.47318 15.426 0.17 9.5 4.5 877
1460.3 2798.5 23.73055 4.465 0.92 -50.7 0.4 31
1224.7 2819.9 74.96649 5.664 0.53 30.1 1 103
3612.8 2801.5 14.48760 3.295 0.58 -15.2 0.3 27
1687.5 2815.0 32.58070 4.336 0.54 76.2 1.1 83
2397.2 2819.8 73.63774 2.742 0.93 40.1 0.9 41
3427.2 2819.0 43.80825 9.482 0.62 -64.1 2.7 269
3359.4 2809.7 19.89390 2.679 0.91 9.5 0.9 37
4124.0 2813.9 24.75805 5.346 0.96 53.0 1.3 79
2320.6 2815.2 60.14337 26.676 0.60 74.2 4.5 627
2543.0 2824.1 25.72300 4.062 0.58 69.1 1.3 83
2673.0 2841.8 36.76364 4.748 0.75 -65.2 1 69
1281.9 2837.3 28.92030 4.606 0.60 -31.0 0.6 49
667.5 2824.2 12.29770 3.441 0.39 -50.9 4.3 193
2657.6 2840.7 45.61035 10.711 0.43 15.7 4.1 431
216.7 2851.3 70.41357 4.219 0.82 37.6 1 69
3621.2 2870.0 137.24820 5.356 0.83 -62.4 0.9 75
729.0 2833.6 16.96931 3.678 0.76 83.6 1.5 75
3254.4 2834.2 18.07580 4.325 0.64 -19.7 0.5 45
260.8 2832.3 9.36458 2.411 0.76 83.2 0.9 33
2043.2 2833.1 25.72388 8.348 0.28 48.1 3 347
2849.9 2857.2 51.09708 2.969 0.85 -21.4 1.2 57
1116.7 2884.1 127.09050 6.285 0.68 30.0 1 109
3060.2 2849.4 21.76959 4.344 0.22 84.4 2.4 229
311.9 2836.2 40.75502 35.512 0.73 -85.1 4.5 525
997.5 2878.0 90.23561 6.748 0.94 17.7 1.8 151
2361.9 2902.2 351.27580 5.464 0.65 11.1 1 101
422.5 2873.0 53.36856 4.449 0.53 83.3 1.3 103
300.5 2854.0 21.31377 2.665 0.89 70.9 0.4 21
4034.3 2859.8 28.40268 4.761 0.66 85.6 1.1 83
1090.5 2853.3 41.74195 35.285 0.82 -3.9 4.5 499
1046.1 2850.6 26.55491 10.117 0.37 15.6 4.5 475
1107.3 2841.2 33.26464 23.599 0.42 -77.4 4.5 579
3132.2 2851.6 15.27413 2.844 0.90 -21.3 0.9 37
660.4 2858.6 20.17619 3.930 0.71 -89.7 0.9 55
3559.0 2863.2 23.54393 1.816 0.21 55.2 4.3 229
2776.3 2868.0 18.35907 2.102 0.59 -46.1 1.6 61
814.9 2864.4 9.59759 2.186 0.46 47.3 3.5 119
12.2 2903.7 42.41219 8.898 0.24 -68.1 0.3 101
838.8 2869.9 37.25357 23.950 0.70 69.2 4.5 477
178.7 2879.9 31.51581 9.222 0.82 -82.5 1.7 161
1740.8 2881.7 31.95924 2.530 0.91 2.1 0.9 37
1290.0 2878.3 30.22234 7.326 0.54 40.6 1.8 177
2478.1 2876.7 18.82292 4.351 0.55 -7.6 0.8 59
3142.8 2896.4 41.06195 3.892 0.81 3.6 2 107
1019.9 2889.3 110.82310 25.208 0.42 28.6 2.6 677
1543.8 2871.6 9.89125 2.917 0.49 -78.6 3.2 127
1927.5 2895.7 19.82120 3.208 0.66 -65.5 0.3 25
21.0 2884.3 41.46187 9.065 0.25 -66.1 0.3 99
1027.7 2891.9 80.04427 17.322 0.44 29.0 3.2 549
1422.3 2946.6 204.84730 6.599 0.71 -39.0 1.1 121
4189.8 2897.9 164.02180 45.882 0.42 -10.7 4.1 1159
117.0 2879.5 16.01752 5.177 0.55 -20.9 0.3 39
2587.1 2885.2 9.42364 1.450 0.16 -38.3 0.8 43
4196.7 2879.8 72.93697 24.978 0.36 -60.0 2.2 607
3235.5 2879.4 7.53857 1.503 0.71 -22.8 3.3 71
4151.4 2907.4 56.08535 10.187 0.62 -23.8 1.8 225
3407.4 2900.1 30.04374 4.459 0.69 -19.7 3.2 175
2035.6 2915.9 46.98595 2.722 0.82 -50.8 0.6 29
3155.1 2903.7 35.63291 6.712 0.64 75.1 2.4 189
2872.6 2922.1 41.17451 4.456 0.66 -71.7 1.6 111
3693.8 2899.5 21.54823 6.328 0.79 34.7 4.5 229
544.2 2900.8 18.83976 7.166 0.24 -60.0 4.5 403
4197.4 2907.2 100.05350 28.556 0.31 21.0 2.1 727
2874.7 2908.5 52.54507 16.563 0.52 67.7 4.5 525
231.4 2902.7 7.29965 0.577 0.13 22.1 3.4 95
2322.6 2920.4 45.46524 8.375 0.46 -25.6 4.5 419
3855.4 2909.7 19.30492 7.392 0.84 81.7 3.6 195
1451.1 2912.5 78.16174 26.443 0.22 -64.2 1.6 685
695.5 2918.5 12.29333 2.441 0.60 23.1 3.7 121
2302.6 2931.2 34.05915 5.934 0.52 -7.3 1.6 147
3583.4 2918.6 11.82232 3.237 0.66 -42.3 1 51
493.6 2928.2 20.47866 2.965 0.22 -78.9 4.5 287
1679.1 2917.6 11.43982 3.521 0.28 -21.3 1.6 117
3024.2 2951.3 66.68325 5.064 0.70 -25.8 1.2 97
1293.8 2943.1 37.41141 4.367 0.82 8.8 1.3 81
3548.9 2942.6 24.18045 2.955 0.85 -21.8 0.6 31
1448.0 2929.3 84.50642 21.900 0.17 -61.5 1.2 585
3008.2 2954.0 57.18075 5.854 0.79 -9.3 0.9 79
3366.8 2934.7 15.85380 2.906 0.82 44.7 3.3 113
3141.9 2930.7 7.99895 1.684 0.31 33.5 3.7 127
5.6 2943.3 27.94544 2.914 0.61 -37.9 1 53
2656.0 2962.0 50.03034 5.942 0.83 -58.1 1 83
2587.3 2954.8 34.13935 5.453 0.60 71.2 2.2 161
3821.0 2948.4 22.13880 3.119 0.90 -31.6 0.8 37
4006.9 2976.7 76.60425 6.767 0.85 16.5 1.2 113
3859.2 2935.8 11.52116 4.059 0.74 25.4 0.4 33
3316.1 2937.1 7.59342 0.966 0.11 57.2 2.4 103
2930.6 2941.8 37.56197 29.703 0.41 -8.0 4.5 651
1783.4 3041.8 808.00350 7.371 0.86 -5.3 0.9 117
1479.7 2954.7 13.88946 3.341 0.82 21.0 0.3 23
3769.9 2966.5 26.25294 4.395 0.75 -27.6 0.8 57
1886.5 2963.8 22.93254 4.524 0.61 -39.8 2.5 147
1261.5 2976.4 22.38786 4.069 0.51 -37.4 0.8 63
2606.1 2978.5 33.49377 5.193 0.66 84.4 2 141
3384.4 2960.1 31.61833 12.751 0.45 -1.5 2.7 347
1321.2 2966.0 7.95987 2.096 0.45 -20.8 0.9 39
636.2 2975.0 15.05559 4.510 0.49 16.0 3.6 189
2637.3 2970.2 35.84865 10.312 0.48 -21.6 0.3 81
2265.9 3089.5 905.17020 9.024 0.73 38.8 1 157
2166.9 3040.2 248.77340 5.286 0.93 29.0 1.2 97
3541.2 2969.2 10.90608 4.011 0.46 -36.6 0.4 37
1472.8 3007.1 25.38872 3.565 0.77 82.2 1 55
3946.9 2978.6 9.23112 1.363 0.45 -84.2 2.8 75
2709.3 3008.5 43.41782 3.540 0.71 52.6 0.7 45
990.8 2992.8 16.46060 2.982 0.66 -85.1 1.5 69
1365.1 3059.0 189.13440 7.046 0.78 -65.0 0.9 103
2300.7 3005.6 25.34026 3.539 0.76 -52.2 1.1 57
3841.6 3004.6 21.89576 2.706 0.86 37.6 0.9 37
3440.0 3009.7 26.76756 2.214 0.79 -8.1 0.9 33
3531.3 3047.6 114.00090 6.144 0.79 65.0 1 93
1220.5 3087.3 464.30740 7.071 0.72 72.0 1 125
2796.5 3016.5 41.99398 2.482 0.88 31.5 0.8 35
180.3 3017.1 27.35460 4.122 0.98 -29.3 0.8 45
1907.0 3012.0 16.50587 3.988 0.79 39.2 0.4 33
3394.9 3010.5 33.29612 7.524 0.71 -29.2 1.2 115
3135.0 3001.3 8.95305 1.428 0.47 -13.6 4.4 109
495.0 3008.1 8.78440 1.913 0.29 -53.6 0.8 41
3380.5 3008.0 34.68603 10.294 0.31 23.9 3.7 445
4098.2 3029.0 61.70971 5.212 0.50 -12.5 1.2 117
733.5 3019.1 13.73629 3.300 0.82 -51.0 0.7 35
2395.4 3011.0 8.18281 1.019 0.38 75.6 3.4 79
2622.2 3039.5 35.48573 9.689 0.30 27.2 2.6 363
1983.7 3012.6 8.78469 1.578 0.54 86.0 2.4 67
3474.2 3090.7 220.76480 7.454 0.63 -63.0 1.3 171
2426.8 3033.6 73.20947 12.203 0.35 -15.2 2.9 481
2547.6 3029.3 21.27895 4.132 0.65 21.1 0.7 53
4154.8 3035.4 44.75633 4.557 0.78 53.8 1.3 85
212.0 3021.3 35.81123 16.603 0.87 24.0 4.5 387
2974.3 3036.2 33.74580 2.565 0.87 -16.9 0.8 35
1576.8 3028.1 42.94970 14.716 0.53 49.0 3.2 395
2153.7 3018.8 90.96723 16.593 0.69 70.6 0.5 133
220.0 3062.4 96.33892 4.547 0.94 49.9 0.9 63
3773.0 3045.4 35.20753 3.109 0.88 25.1 1 49
1171.6 3024.1 7.68414 1.971 0.55 21.4 3.4 95
1003.3 3030.7 9.00254 1.578 0.17 -1.6 2.7 127
2453.1 3030.4 98.35133 20.075 0.24 -6.1 1 433
2449.2 3033.5 101.62850 28.547 0.22 7.6 2.8 1005
4173.1 3052.2 28.95711 3.789 0.65 43.4 3.7 177
2231.8 3042.1 46.52537 28.772 0.52 68.2 4.5 625
52.3 3045.6 16.31146 3.446 0.64 -21.9 1.7 87
1846.2 3129.7 909.32930 8.894 0.63 4.2 1 169
3464.6 3073.7 68.74244 7.003 0.72 60.6 1.4 139
394.4 3073.3 57.16882 3.426 0.76 -20.7 1 55
2631.4 3040.6 24.14725 6.403 0.32 19.7 1.4 169
1245.0 3055.8 16.93470 4.438 0.57 24.3 0.6 51
2399.0 3068.0 31.57966 3.506 0.76 21.2 0.7 41
1719.0 3077.9 65.92394 3.823 0.59 -0.8 1.1 79
2996.2 3065.0 13.91596 2.536 0.74 -54.5 1.2 45
3329.9 3086.7 27.10724 7.293 0.44 86.3 2.3 223
2479.5 3092.5 62.21004 3.621 0.86 -75.0 1.2 67
550.7 3096.7 67.91373 5.294 0.66 -47.7 1 85
1410.0 3076.1 31.62468 7.835 0.68 -75.7 0.7 83
1555.3 3076.7 30.98210 4.443 0.86 -17.1 3.4 163
714.7 3083.7 30.46045 4.924 0.39 -64.9 4.5 331
346.3 3072.8 17.75308 6.858 0.52 -1.6 0.3 53
3532.8 3077.9 20.46409 7.892 0.32 86.9 4.5 365
335.4 3074.9 23.30429 11.310 0.34 -10.8 4 403
162.5 3105.6 47.54099 3.627 0.82 -84.0 1.6 87
1537.7 3081.4 29.57474 19.490 0.53 -15.1 4.5 477
1418.1 3082.0 35.06976 8.971 0.48 -79.7 0.6 101
2806.6 3116.2 33.68450 4.147 0.45 77.7 0.7 63
1585.8 3120.1 57.14946 3.122 0.87 70.1 0.9 47
286.1 3108.7 33.15057 4.377 0.40 26.6 0.7 71
2423.1 3121.7 68.81675 3.539 0.89 10.5 0.9 49
2487.9 3104.5 44.96431 11.430 0.65 -78.9 3.1 315
182.8 3103.4 44.96803 23.175 0.57 -6.0 4.5 543
3114.1 3099.7 16.93734 3.435 0.54 16.6 4.5 219
732.8 3386.4 12.24104 2.127 0.33 -43.3 3.5 147
4070.5 4096.1 28.29733 2.795 0.74 18.4 1 47
3326.2 4087.7 105.25900 6.499 0.60 -68.2 0.9 101
2385.6 4093.9 86.40337 4.071 0.97 9.1 0.9 55
1686.4 4096.0 22.77792 4.838 0.70 -83.4 0.3 35
950.1 4097.4 20.40346 4.655 0.43 -17.1 4.3 243
102.9 4095.5 28.77523 4.390 0.61 -5.6 1.3 89
1579.8 4094.0 24.09602 5.094 0.83 54.5 0.3 33
1437.2 4063.5 2524.75100 10.739 0.88 22.7 1 175
2444.2 3942.8 11.54501 4.607 0.53 -44.3 0.3 37
1676.3 3923.1 66.10082 35.097 0.67 -89.0 4.5 665
2035.5 3910.7 33.66603 26.374 0.85 -51.3 4.5 421
43.5 3907.5 11.30977 1.845 0.17 26.0 1.7 101
3863.8 3909.2 9.88106 1.596 0.11 13.6 1.8 115
3554.7 3902.0 75.63379 2.772 0.92 -45.3 1 45
1921.3 3892.5 62.44581 4.631 0.57 -67.9 1.2 97
2519.9 3894.9 11.61159 3.178 0.70 -87.0 0.4 27
2719.3 3883.1 132.56720 7.240 0.62 37.1 0.6 83
691.9 3890.5 22.35341 6.438 0.76 57.9 0.9 79
4097.9 3887.4 41.21412 3.355 0.78 -72.5 0.7 41
4067.0 3888.3 23.25629 4.200 0.92 64.6 0.7 45
3477.1 3356.7 10.03091 0.636 0.28 38.8 4.5 105
4044.1 3908.1 25.44837 7.034 0.39 55.9 0.3 63
1100.8 3859.8 9.78157 3.048 0.61 -86.9 3.2 117
2762.0 3346.6 49.07907 3.756 0.85 -33.7 1.2 67
1712.2 3468.5 158.18640 6.104 0.85 42.4 0.9 87
3000.4 3761.4 35.46103 3.143 0.88 -80.9 0.7 35
4031.4 3762.3 100.35650 5.154 0.69 24.2 0.8 71
2850.6 3835.9 11.17190 2.518 0.35 -67.5 4.5 229
2586.9 3733.9 83.98479 4.467 0.94 89.9 1.5 93
2796.6 3802.3 27.33281 5.208 0.65 33.9 0.4 45
2439.8 3354.0 53.20795 4.544 0.57 -20.5 0.8 65
3551.5 3377.2 115.09680 5.085 0.67 45.9 0.9 81
1225.4 3707.5 58.24449 4.727 0.87 -66.8 0.9 65
1048.7 3748.6 26.18129 4.928 0.95 -62.5 1 61
2273.7 3802.9 22.56478 6.337 0.72 89.1 1.2 101
2209.4 3799.7 59.28336 3.124 0.93 31.6 1.6 73
3030.5 3664.0 93.25063 7.625 0.65 -46.6 1.1 135
1892.4 3791.2 16.34577 4.993 0.72 -70.2 1 71
2267.9 3754.2 74.39147 3.018 0.95 -13.3 1.1 51
3873.6 3641.2 30.94735 4.308 0.35 -5.9 1.4 123
2344.6 3284.2 13.68360 3.403 0.72 5.4 0.7 39
1118.6 3828.2 98.47253 4.818 0.76 30.6 0.9 73
2733.5 3764.0 34.76103 5.548 0.59 26.4 1.9 151
3137.0 3790.8 12.26103 1.780 0.67 66.6 2.7 75
3373.4 3726.2 188.36680 4.702 0.76 -25.9 0.9 77
2961.7 3809.7 49.52156 3.268 0.79 -54.7 0.8 43
1710.1 3771.1 98.20264 5.904 0.74 84.9 0.9 85
3188.4 3589.4 57.29227 40.475 0.72 67.7 4.5 621
1739.4 3620.8 28.39041 2.799 0.96 -0.1 0.9 37
371.2 3648.8 42.09214 5.782 0.73 -52.7 1.8 139
196.2 3534.8 11.64565 3.308 0.72 16.5 0.3 23
4032.4 3721.1 21.83725 5.840 0.08 73.2 3.3 537
3909.9 3785.6 44.78548 5.025 0.51 58.1 3.4 243
2212.9 3710.8 41.30376 3.960 0.73 -84.5 1.7 101
2677.3 3486.7 15.02004 5.004 0.23 64.5 4.5 351
2663.5 3825.3 32.11963 3.741 0.67 -28.6 0.7 45
1959.1 3717.7 23.13946 6.043 0.27 -30.3 0.3 71
2815.0 3602.5 12.64350 3.205 0.28 -83.0 4.1 215
3990.9 3788.3 10.25518 2.763 0.24 -73.9 0.8 61
4124.7 3712.1 26.38123 7.027 0.40 -5.2 1.3 155
118.3 3686.0 12.49781 3.163 0.61 -52.6 0.6 35
2538.7 3734.3 34.10497 3.231 0.82 -73.6 1.9 85
2721.4 3645.9 40.59634 4.152 0.98 -71.8 0.6 37
2150.5 3703.2 14.66523 2.866 0.86 -34.7 0.3 19
3756.8 3599.2 26.16850 7.925 0.28 2.9 4.5 429
1255.3 3734.0 23.99247 3.797 0.63 5.1 0.7 47
331.4 3721.5 19.25768 2.551 0.69 -13.7 0.7 33
1774.3 3584.1 61.16585 23.349 0.41 2.5 4.5 747
3033.6 3735.9 52.24401 4.064 0.86 -50.0 0.7 47
2562.3 3761.7 60.66236 28.125 0.50 -14.9 4.5 701
2755.2 3689.9 12.18035 2.953 0.40 47.0 3.9 169
2104.6 3761.9 16.96410 4.306 0.66 58.9 0.8 57
3527.5 3619.0 70.55102 5.718 0.70 4.3 0.8 77
305.3 3395.7 44.88657 3.213 0.80 -23.5 0.9 45
3133.5 3680.2 9.61517 2.784 0.98 18.7 0.7 29
515.2 3653.3 44.11487 5.294 0.79 58.0 0.8 67
2059.4 3723.4 18.92916 4.523 0.60 55.1 0.7 59
434.9 3710.2 18.63634 3.460 0.23 8.9 4.5 295
1077.8 3696.1 102.56580 6.697 0.83 -0.4 1 97
3016.0 3677.1 63.01722 11.540 0.45 -43.2 0.3 93
658.6 3698.4 628.34040 8.546 0.51 57.0 1 177
1261.3 3835.7 26.86778 3.726 0.67 39.3 1.2 69
1881.2 3694.2 12.60672 3.535 0.71 -28.3 1.2 61
246.3 3602.4 20.82305 3.658 0.83 64.2 4.5 193
3489.1 3663.1 28.45741 3.131 0.92 -46.7 0.4 23
3773.4 3606.4 19.51995 5.000 0.27 16.8 3.8 293
2809.5 3697.3 10.94316 2.107 0.37 -40.6 1.2 55
1594.1 3703.6 26.86814 4.552 0.58 -44.9 1 75
2502.2 3629.6 23.60000 11.389 0.51 3.5 4.1 335
3497.2 3711.9 79.98952 6.079 0.79 -44.1 0.9 81
744.7 3611.2 56.54504 6.124 0.81 81.3 1.2 103
3652.0 4087.9 15.56593 4.875 0.41 6.2 1.7 131
363.0 3585.5 44.73108 3.894 0.82 6.2 0.6 39
3996.1 3585.3 15.01967 3.206 0.95 34.9 1 45
1783.1 3566.8 40.51804 12.859 0.52 -87.4 4.5 429
3583.3 3713.5 47.05763 8.030 0.49 -62.5 1.5 187
606.6 3586.4 37.05877 3.885 0.69 -0.5 1.1 69
514.7 3712.8 45.19623 3.724 0.80 37.5 0.9 53
676.1 3331.3 8.99703 1.570 0.17 23.5 1.9 93
2085.8 3825.6 11.10249 2.812 0.27 45.7 2.7 151
2541.7 3682.1 15.16769 2.497 0.57 -56.7 0.7 35
1261.3 3651.2 17.65205 6.779 0.33 -54.5 4.4 315
1563.0 3594.7 115.95520 6.563 0.67 -17.9 1 109
3707.8 3507.4 65.30497 21.867 0.44 -41.4 4.5 689
3394.2 3670.3 331.74820 6.815 0.90 -77.4 0.9 99
2461.2 3610.0 45.05247 4.861 0.53 -63.3 1.7 137
1367.2 3602.4 243.31600 7.007 0.83 45.0 1.1 119
1606.7 3650.2 13.58159 1.015 0.19 -38.9 2.3 85
258.6 3633.2 113.06850 6.292 0.78 70.5 2 175
2855.9 3650.8 13.27939 3.076 0.22 -11.8 4.5 329
2316.5 3598.4 66.74614 5.739 0.54 88.9 1.1 109
4050.4 3624.9 120.30820 4.852 0.87 70.5 0.9 69
886.2 3638.6 13.65045 2.891 0.29 -11.9 3.2 177
3434.7 3588.3 20.45949 3.623 0.56 13.0 1.2 73
4004.7 3679.0 32.05737 5.755 0.74 69.6 0.9 79
4039.1 3397.4 39.49975 19.037 0.59 -33.7 3.9 441
2686.8 3629.4 44.66068 3.150 0.93 -61.5 0.6 31
3824.1 3623.3 22.82187 6.652 0.54 -19.8 0.6 71
2746.0 3642.3 16.44447 2.869 0.75 41.4 0.4 25
3893.3 3715.9 40.40718 3.637 0.75 -28.2 0.9 51
1121.4 3625.6 18.13319 3.092 0.94 53.1 1 45
252.7 3666.3 74.74113 12.021 0.37 70.3 2 369
3201.3 3631.5 144.04360 6.060 0.62 60.9 0.9 101
5.8 3544.5 50.55799 18.376 0.38 -36.5 2.9 523
3804.1 3673.0 46.88364 5.568 0.78 -86.2 1.1 91
520.5 3582.1 23.60282 5.683 0.58 31.7 4.5 265
837.4 3644.8 29.58887 3.081 0.85 -3.7 0.7 35
2572.6 3582.8 130.88430 54.452 0.78 -53.4 4.5 883
1871.0 3584.9 53.32324 5.053 0.57 71.4 1.5 125
2941.3 3804.2 8.88927 2.671 0.78 -29.2 0.6 27
269.2 3609.8 57.33024 11.669 0.86 -44.7 4.1 337
70.2 3568.9 43.22942 5.428 0.72 80.8 2.4 167
3956.0 3559.5 14.43102 2.232 0.45 -65.4 4.5 219
2824.6 3647.4 22.50521 3.335 0.57 60.8 0.3 29
2016.4 3522.9 32.42632 5.369 0.69 -71.2 1.6 117
3770.2 3641.8 19.69365 4.104 0.56 86.4 0.7 53
1851.9 3501.2 22.39914 4.271 0.69 88.1 0.7 49
2588.5 3559.3 498.65150 7.913 0.59 -69.9 1 153
1058.9 3706.3 30.54263 15.152 0.16 -56.6 4.5 763
1952.2 3632.9 25.68294 4.021 0.58 33.5 0.8 57
3462.0 3620.7 69.75393 5.019 0.91 57.2 0.7 53
1173.4 3570.7 122.36400 5.332 0.76 -12.2 1 83
2515.5 3483.4 29.04885 6.586 0.48 -39.8 1.4 139
1435.0 3576.9 180.05180 5.191 0.90 -22.3 1.1 87
2074.4 3601.0 31.33296 13.931 0.32 -58.9 3.4 475
2830.6 3484.4 15.40814 4.639 0.62 81.4 1 73
897.1 3590.7 14.02157 3.003 0.65 86.8 1.1 51
3245.5 3568.9 26.77324 9.276 0.52 11.2 3.8 309
47.3 3582.6 57.79298 49.847 0.68 -31.4 4.5 671
3515.6 3504.8 74.17566 4.072 0.89 -74.8 1 59
625.1 3725.7 21.92158 2.519 0.56 -26.2 4.5 171
1879.8 3550.8 24.39877 4.042 0.68 -1.4 1.5 85
1524.9 3486.3 41.48224 5.105 0.94 -30.4 1.3 83
3605.9 3403.1 77.58459 5.082 0.90 -34.7 0.9 67
3371.9 3369.6 537.24250 7.659 0.65 76.0 1 139
284.3 3513.6 16.68998 3.956 0.33 -41.3 4.5 335
1349.2 3577.8 91.93982 45.119 0.48 81.6 4.1 893
3154.0 3549.5 17.71976 3.241 0.66 50.1 4.5 171
3795.3 3571.9 63.86443 3.178 0.71 33.2 0.7 43
2863.5 3799.1 34.22455 8.762 0.38 4.7 3 331
32.8 3469.2 15.78968 3.193 0.79 67.7 1.1 53
2254.5 3563.1 18.17343 2.585 0.46 -76.0 3.3 141
1216.9 3426.7 34.57785 8.690 0.75 -76.3 2.5 209
3368.3 3504.0 27.93482 2.708 0.78 69.7 1.3 55
1697.7 3643.9 28.86395 3.060 0.76 70.5 0.4 25
1704.2 3513.5 39.54127 37.475 0.55 -58.9 4.5 597
160.5 3614.0 8.91333 2.201 0.95 -15.9 1.4 41
432.3 3506.9 12.76720 2.636 0.48 1.8 0.8 43
830.9 3448.9 18.90383 4.544 0.32 77.0 0.3 47
2529.6 3517.0 32.05901 2.622 0.76 49.4 0.8 37
1347.2 3443.1 26.14488 3.907 0.58 -26.3 1.1 73
3046.9 3492.2 9.07737 2.330 0.41 67.0 1.9 79
303.6 3541.2 10.19741 3.217 0.53 -35.5 0.8 47
1650.1 3530.9 89.47234 4.190 0.89 -80.4 0.9 61
3656.2 3487.6 61.30740 4.614 0.65 -20.3 1.1 81
3161.6 3474.9 26.56815 12.148 0.67 9.4 4.5 359
2956.5 3554.7 68.22998 7.384 0.82 55.1 1.2 121
154.7 3547.0 27.87524 3.245 0.77 62.5 1.1 55
3723.5 3496.4 100.36290 5.308 0.87 -30.2 1.3 97
3071.9 3374.3 113.73110 4.458 0.77 24.7 1 75
3460.8 3482.6 17.85507 2.609 0.82 -61.9 1.6 59
3298.8 3313.1 33.38298 3.688 0.53 -55.8 4.5 331
19.7 3536.2 29.94100 11.634 0.46 -44.6 2.9 331
1457.5 3452.3 189.33520 5.892 0.62 1.2 1 107
160.2 3418.0 30.10023 8.743 0.43 45.1 3.4 321
139.5 3531.2 25.90042 16.749 0.99 -5.1 4.5 321
3023.9 3826.5 12.44879 5.339 0.35 -29.7 3.8 237
314.9 3489.4 275.56680 5.529 0.91 -33.7 1.2 101
3821.0 3625.6 23.62550 6.683 0.61 -13.3 0.7 79
551.4 3585.2 24.64085 3.208 0.71 57.2 0.7 41
3790.6 3567.0 101.54440 4.744 0.68 28.9 0.6 51
713.8 3462.9 13.85577 2.501 0.51 11.0 4.4 153
3264.4 3548.6 15.13586 1.436 0.29 -62.5 4.5 211
2958.0 3252.3 32.62659 4.042 0.78 -42.1 0.8 49
3866.9 3496.6 48.07012 5.130 0.74 -47.1 0.8 69
2194.1 3477.6 28.39298 7.327 0.47 52.1 2.7 241
3646.0 3590.3 16.92007 3.635 0.65 84.8 0.6 39
3179.4 3822.4 11.35939 2.868 0.53 -47.8 1 49
1986.4 3796.5 102.55170 6.547 0.71 -72.0 1.1 115
2198.7 3478.9 22.28486 5.441 0.51 56.7 1.6 127
448.4 3444.0 30.72053 3.214 0.77 -29.4 1.2 61
854.2 3442.5 26.74734 19.544 0.25 -40.3 4.5 669
3207.0 3409.1 45.67482 4.493 0.80 39.2 1 69
3458.7 3456.3 9.82166 1.303 0.15 1.0 4.5 203
686.9 3404.0 29.68094 4.052 0.62 -79.6 1 67
2203.7 3406.8 17.22541 2.437 0.73 73.0 1 41
28.8 3423.4 26.08040 5.006 0.58 28.4 0.6 55
4052.2 3459.6 26.26859 3.295 0.51 41.1 4.5 243
2605.6 3528.9 107.49070 43.211 0.65 -70.1 4 793
3793.2 3815.0 14.55753 4.502 0.43 24.4 4.5 225
3685.9 3419.7 14.16088 6.306 0.84 -24.5 3.9 175
149.0 3506.0 14.36063 3.593 0.71 -82.9 0.4 29
3164.4 3451.6 9.83945 2.304 0.52 -71.3 0.5 27
774.2 3387.2 30.64081 9.693 0.63 -66.3 3.1 269
1060.6 3373.3 110.20460 5.912 0.69 64.7 0.9 87
4034.9 3393.1 36.68704 14.750 0.51 -33.6 2.8 369
3750.8 3459.4 18.55971 5.050 0.42 20.9 3 205
49.7 3385.2 11.05680 3.008 0.73 -73.3 0.4 25
141.4 3832.2 8.80672 2.841 0.34 -80.4 1.4 77
4194.4 3900.4 131.29560 6.893 0.63 -63.0 1.3 149
2961.4 3882.1 9.50512 2.910 0.29 -15.4 0.9 61
160.2 3378.2 201.99020 5.094 0.75 -74.2 1 91
2111.8 3473.3 13.95488 3.395 0.47 -45.9 3.6 165
1017.5 3452.9 31.53839 6.973 0.49 -53.7 2 195
2841.8 3457.6 32.16000 30.691 0.56 -87.2 4.5 525
956.5 3289.5 45.62564 41.905 0.39 -54.8 4.5 767
2834.0 3437.7 34.14724 3.592 0.73 -57.5 4.1 185
3845.5 3828.8 15.99192 3.902 0.84 -67.9 0.6 37
1016.5 3440.7 43.35612 4.281 0.75 34.4 1.1 71
2193.4 3272.5 69.78621 3.196 0.86 24.2 1.1 55
1656.5 3375.6 22.61413 4.811 0.54 -60.4 0.5 47
572.4 3389.0 45.99287 6.401 0.63 -5.6 1.7 151
3669.4 3232.7 47.06343 8.788 0.64 24.0 4.5 365
3229.8 3792.9 18.42350 4.478 0.58 57.4 0.7 57
1691.3 3923.5 75.66769 61.266 0.88 -15.3 4.5 689
3113.6 3313.1 24.77878 13.025 0.23 -29.4 4.5 587
3218.8 3433.8 18.46858 3.127 0.89 83.5 0.4 23
422.2 3408.6 34.61364 3.547 0.94 -39.9 0.9 49
1297.7 3248.4 48.83650 3.775 0.95 -84.7 1 55
2545.5 3275.9 43.09725 25.791 0.42 -52.1 4.3 621
1527.4 3402.3 139.01200 5.754 0.79 5.3 0.9 87
4159.0 3380.3 118.84300 7.220 0.60 58.2 1 125
1368.9 3921.0 27.12196 3.291 0.56 -24.7 0.7 47
3909.7 3409.3 36.79897 2.715 0.83 -53.6 1.1 49
554.8 3392.2 37.98538 9.703 0.48 -32.2 2.4 281
1670.0 3238.5 22.62717 8.406 0.37 56.8 4.5 361
4097.4 3346.8 179.11750 7.564 0.52 67.6 1 145
1045.2 3424.3 40.17868 24.032 0.31 -43.9 4.5 711
1709.7 3363.9 20.97347 3.593 0.72 78.4 0.8 47
1141.8 3851.0 21.00174 13.940 0.24 29.9 4.5 581
1249.9 3249.2 63.86930 5.647 0.88 -69.6 1.1 85
4134.5 3400.7 75.83994 42.034 0.63 -88.9 4.5 747
177.5 3356.1 39.34249 10.576 0.54 -57.7 4.5 457
3128.8 3306.6 65.06777 27.007 0.17 -29.5 4.5 1189
3323.2 3394.5 10.59781 3.029 0.72 -35.9 0.4 25
1410.0 3403.1 41.25875 19.333 0.56 -6.5 4.5 521
1453.6 3219.8 12.76651 4.907 0.32 -9.3 4.5 261
2873.7 3259.1 193.92170 5.497 0.93 26.3 1 83
532.2 3326.3 22.87444 3.420 0.62 -66.8 1 59
254.6 3284.2 18.28831 2.769 0.49 17.5 1.6 81
7.8 3352.6 24.14556 12.075 0.40 36.5 4.5 463
473.2 3418.4 15.69433 3.643 0.65 -82.4 0.9 53
3544.8 3312.7 72.87474 7.045 0.79 -8.7 1.6 147
2877.3 3301.1 60.05210 3.296 0.83 -23.2 1 53
3320.4 3392.4 11.27515 3.278 0.81 -15.9 0.3 23
3847.4 3340.2 46.20889 9.488 0.47 39.5 4.5 501
3680.6 3298.9 22.34284 4.383 0.53 28.5 0.9 69
1295.9 3310.0 21.00262 3.587 0.90 17.2 0.8 43
703.7 3098.8 27.61533 11.638 0.60 11.2 3.5 307
787.4 3894.4 35.33988 5.091 0.75 -15.4 1.2 87
398.8 3285.4 649.44290 7.091 0.80 -84.4 1 123
229.1 3205.9 25.05965 2.888 0.70 -59.3 0.4 27
3867.6 3359.6 53.31539 24.417 0.91 81.7 4.5 449
3195.4 3301.1 736.89080 8.662 0.60 27.4 1 161
690.5 3377.6 18.57086 8.358 0.34 -69.4 4.5 395
1847.1 3317.6 18.25323 10.273 0.33 -67.7 4.5 443
105.6 3338.3 45.76679 3.409 0.99 -59.8 0.7 35
402.1 3232.0 23.30082 1.936 0.24 71.3 4.5 307
1316.5 3221.1 17.10301 4.548 0.71 -80.5 0.4 37
3940.9 3987.2 8.14804 2.485 0.51 -26.2 0.4 23
1733.5 3855.8 495.25450 6.952 0.96 -89.3 0.9 101
782.6 3841.2 12.79414 2.003 0.27 20.5 3.7 165
2960.5 3102.9 20.40516 4.505 0.48 35.6 0.7 61
1203.8 3331.0 31.40098 5.108 0.61 30.2 0.7 67
300.0 3783.9 57.74281 5.315 0.57 61.6 0.9 87
622.6 3299.9 22.32834 3.551 0.41 -25.5 1.5 103
2929.3 3287.4 17.88203 3.125 0.52 -71.1 1.2 69
3582.9 3249.8 22.21471 4.014 0.79 27.4 1 57
343.2 3621.1 29.07140 2.957 0.92 -34.3 0.6 31
1506.4 3308.6 12.40845 2.621 0.65 -32.1 0.8 35
924.9 3330.8 85.36556 6.003 0.57 -20.6 1 103
4180.3 3327.5 14.81408 5.343 0.40 55.4 0.3 47
193.1 3289.7 32.29185 5.754 0.54 -35.0 0.4 55
3932.2 3201.5 108.05900 23.150 0.47 -69.8 4 725
840.2 3679.7 14.42840 3.684 0.34 -64.1 1.5 105
2347.2 3325.5 15.17745 5.270 0.81 46.8 0.7 55
3780.0 3222.5 561.94980 7.033 0.76 -45.6 1 127
1369.4 3214.8 19.26133 4.224 0.74 -34.3 0.8 53
2749.8 3280.6 195.29520 6.801 0.64 -19.1 0.9 107
2825.9 3325.1 16.16883 4.335 0.72 20.8 0.5 41
3471.8 3287.1 135.37870 4.896 0.89 26.6 0.8 65
2518.2 3300.9 19.52455 9.360 0.97 20.1 3.5 201
4044.6 3280.0 20.64906 4.937 0.58 43.4 2.1 139
3388.6 3281.8 269.93460 5.816 0.92 47.6 0.9 83
3649.7 3215.9 64.73083 8.706 0.54 -77.8 1.1 149
1783.9 3261.8 75.41808 5.685 0.64 84.9 1.2 107
3240.7 3968.2 44.49806 4.948 0.84 -16.9 0.8 59
4165.6 3225.1 15.13618 2.679 0.57 -8.5 1 49
1776.3 3292.9 53.26355 2.608 0.76 -43.2 1.2 55
1734.2 3259.0 45.70501 6.330 0.32 4.7 1.5 191
2015.4 3169.6 29.34011 22.939 0.33 6.9 4.5 623
1279.9 4064.5 20.20840 7.175 0.57 49.8 0.8 93
22.9 3259.0 34.34029 3.279 0.86 27.0 1.5 71
1169.1 4003.7 115.06710 13.811 0.71 -32.1 1.8 287
1732.5 3203.7 30.53714 4.122 0.63 -72.2 1.5 95
2406.8 3242.9 16.39083 3.111 0.67 -1.0 2.1 91
2054.3 3107.7 26.97162 5.051 0.45 -12.3 1.4 119
64.0 3256.5 28.94822 16.902 0.40 -7.0 4.5 533
3322.4 3834.9 453.84740 7.187 0.65 -67.2 1 133
1932.8 3220.7 108.15620 5.973 0.85 84.1 1 87
119.5 3217.0 24.66421 5.882 0.91 79.5 2 125
3636.5 3225.7 71.86651 8.480 0.76 -66.5 1.2 135
838.3 3101.3 33.89452 26.964 0.33 73.8 4.5 685
343.5 3176.0 91.52894 6.964 0.40 75.0 1.8 237
538.7 3194.9 18.54964 4.596 0.68 -54.4 1.4 89
803.9 3871.1 23.33667 2.523 0.77 -80.6 0.8 33
419.0 3889.3 10.59611 3.521 0.54 3.1 0.5 37
2888.2 3889.2 32.37780 3.474 0.85 42.6 0.8 43
3190.6 3160.4 12.31405 3.192 0.79 -1.5 0.3 23
2454.5 3806.6 20.18859 3.276 0.81 17.1 0.8 43
1902.2 3911.9 48.58392 15.256 0.48 -84.2 4.5 553
3219.2 3198.7 14.52974 3.237 0.95 1.2 0.9 41
3350.7 4007.1 41.55279 20.170 0.51 39.8 4.5 565
1841.0 3192.4 20.66323 3.126 0.80 -81.6 1 47
2486.7 3999.0 27.61615 3.209 0.74 -52.0 2.2 103
512.3 3918.0 16.35663 3.140 0.70 -48.1 0.3 23
1199.3 3867.8 22.04657 3.942 0.65 -13.6 1.2 71
2790.5 3902.8 44.40002 3.087 0.73 -46.4 1.1 57
2710.6 3160.9 28.88843 6.109 0.40 54.6 1.1 123
1458.7 3878.1 8.05549 2.872 0.71 16.6 0.3 21
1858.6 3909.5 24.69139 2.626 0.62 14.6 1.1 51
3477.3 3219.8 12.17377 2.910 0.54 -15.2 1.3 65
3046.6 3923.8 45.04504 7.937 0.74 10.8 3.6 267
292.2 3173.0 20.28959 4.476 0.61 37.4 0.9 63
2572.7 3193.9 10.57885 1.925 0.65 -39.5 2.3 67
1729.4 3218.2 30.21533 10.015 0.33 -53.2 2.7 347
3510.1 3931.2 45.88904 3.279 0.85 -27.4 1.1 55
2146.3 4045.0 54.81650 7.036 0.40 6.5 1.1 143
263.4 3910.1 37.83052 4.613 0.80 73.1 0.6 45
3106.5 3896.8 11.88233 5.156 0.24 59.1 4.5 335
2535.4 3164.2 9.99620 1.267 0.50 33.5 4.5 151
3765.8 3176.8 51.80508 4.769 0.66 -58.6 1 79
1008.5 3676.4 30.04324 4.537 0.89 -70.4 1.3 75
2909.2 3188.3 26.22240 3.229 0.90 -59.6 0.9 41
2896.6 3813.1 20.89798 5.348 0.46 69.9 2.4 179
45.9 3235.3 21.17241 13.420 0.39 46.2 4.5 449
350.4 3203.4 95.72642 6.469 0.70 43.0 0.8 87
656.0 3228.0 22.37597 4.615 0.66 -33.7 1.2 79
976.2 3145.9 25.07259 5.870 0.58 21.0 4.5 259
3331.1 3224.6 43.03452 3.908 0.78 -41.1 1.2 71
880.5 3163.9 18.71877 7.303 0.57 -22.6 0.3 53
3699.7 3146.0 10.55049 2.598 0.72 -56.7 0.8 33
3501.0 3134.3 20.60909 2.439 0.58 52.7 2.3 93
1786.3 3904.6 17.99016 3.022 0.49 59.2 1.8 95
3870.9 3950.1 33.61472 3.919 0.61 -11.4 0.8 59
2573.9 3836.8 40.09912 13.310 0.65 15.1 2.7 309
1300.1 3125.7 31.20274 6.142 0.61 -1.3 0.9 87
3919.6 3132.1 20.18320 6.177 0.21 77.2 3.3 343
1168.7 3131.6 12.67756 4.445 0.64 27.5 0.3 33
354.8 3938.6 16.64691 4.699 0.34 -29.4 0.3 47
1130.7 3166.5 11.04029 3.393 0.47 -9.4 0.3 31
397.3 3134.5 9.14773 2.704 0.66 -53.2 0.3 21
53.9 3119.1 19.22187 3.576 0.42 -47.7 0.5 43
1286.7 3176.1 20.02098 4.202 0.72 30.4 0.9 57
2346.9 3112.7 18.45956 3.076 0.51 -43.1 0.7 45
1635.6 4061.9 14.71882 3.232 0.82 9.3 0.6 33
772.7 3166.2 7.82091 2.383 0.40 4.9 0.6 35
429.6 3124.9 10.69750 2.748 0.85 57.8 0.8 33
4054.5 3920.0 23.00859 6.019 0.47 43.5 0.7 81
3292.8 3156.7 37.48225 3.805 0.61 -50.2 0.8 57
2702.9 4092.4 97.70882 4.408 0.72 -12.2 0.9 71
2914.3 3128.3 26.71478 3.941 0.91 -23.3 0.7 41
3124.1 4000.0 29.79681 4.117 0.65 -43.9 1.1 75
1675.0 3336.9 29.58298 3.229 0.74 -32.6 1.5 75
2246.7 4019.3 18.94797 6.088 0.83 -30.0 4.5 197
1289.6 4032.5 22.37714 7.618 0.39 -58.0 4.5 353
3289.3 3162.0 29.75378 3.607 0.69 -14.1 2.5 125
786.5 3136.4 69.36565 5.051 0.70 -41.8 1.1 87
1148.3 4046.6 1556.97800 10.272 0.82 70.7 1 177
2456.9 3147.1 30.67669 9.167 0.41 -34.8 0.3 77
1888.8 3141.3 56.87154 23.181 0.48 -24.8 4.5 615
2918.5 3158.2 30.71855 16.590 0.18 -73.6 4.5 733
1030.5 3181.9 20.75920 6.598 0.31 49.9 3.9 319
109.2 3149.0 13.31115 4.156 0.35 18.1 0.3 41
1872.4 3879.3 49.03672 3.555 0.64 -73.4 1.2 73
2819.1 3987.0 218.90940 6.278 0.61 -68.0 1 121
1504.6 3883.4 17.94310 2.739 0.84 15.2 1.4 53
1537.5 4088.7 10.17577 3.074 0.76 27.9 0.3 21
848.1 3118.8 17.58516 9.873 0.63 22.3 4.5 305
1463.7 4040.0 71.42752 4.179 0.87 -23.4 1.5 93
1283.7 3115.4 42.48466 13.798 0.36 58.6 3.6 489
2571.2 3681.8 18.78697 7.168 0.59 -41.6 3.5 227
3156.2 4081.1 24.20660 3.020 0.65 -86.0 1.4 69
2491.8 4059.3 18.50343 2.796 0.31 -35.4 2.7 159
2571.3 3957.4 34.11384 9.260 0.44 9.5 4.1 367
3413.2 3125.7 8.74882 3.043 0.86 41.3 0.8 35
1144.2 3139.0 27.16171 14.327 0.43 -27.7 4.5 431
19.6 3956.9 7.41517 1.065 0.26 -80.8 2.1 63
2321.8 4053.4 11.96930 3.709 0.70 23.9 0.8 47
3361.5 4077.2 14.00508 4.621 0.40 -10.8 4.5 257
3562.5 3926.0 31.74220 6.963 0.55 52.1 3.1 243
734.5 4051.9 17.12623 4.856 0.62 -86.6 1 73
3991.8 4039.0 21.50999 5.584 0.65 -3.4 0.6 59
2015.7 3613.4 8.56101 0.969 0.14 -68.0 4.5 205
1404.4 4005.5 84.52888 22.877 0.39 53.6 4.5 835
774.5 3116.5 28.93614 11.396 0.46 53.8 3.8 365
2016.4 4050.0 228.75680 6.076 0.77 -41.4 1.5 143
3609.1 3170.6 23.36338 4.144 0.63 -13.2 0.5 41
2825.5 4023.8 34.24576 7.030 0.38 -61.3 3.3 313
2472.2 3133.3 45.42489 5.383 0.68 -35.7 1.7 129
2517.8 3950.8 24.96745 2.743 0.71 -59.3 0.8 39
3177.9 3945.1 45.84586 3.251 0.64 -89.4 1.2 69
4158.4 3872.9 73.67600 3.922 0.81 -72.4 1.1 69
650.0 3990.5 81.96298 5.638 0.54 52.9 1.5 145
3788.4 3909.2 33.36129 2.828 0.80 19.2 1.2 55
3181.4 3104.9 9.70122 2.239 0.70 60.0 0.6 25
1963.7 3946.6 21.16425 3.754 0.41 -83.7 0.9 67
4194.8 4025.9 50.83574 21.810 0.19 -42.7 4.5 939
1227.2 3972.9 603.64400 7.022 0.81 -1.1 1 117
3895.5 4064.2 153.66010 6.120 0.94 -35.1 0.9 83
1508.4 4005.4 64.47721 5.036 0.45 13.2 1.1 113
4103.0 3955.7 13.05560 3.846 0.35 -10.7 0.7 63
3711.3 4037.8 11.88518 2.404 0.89 57.2 1.2 41
3975.0 4055.5 24.23292 3.626 0.71 61.3 0.5 33
3628.6 3957.8 16.23534 4.503 0.63 -74.4 3.3 159
571.5 3976.5 13.80804 2.779 0.80 2.7 1.7 63
1934.4 3988.5 34.10065 14.248 0.75 8.8 4.5 377
1971.5 4085.7 13.50417 3.316 0.36 -4.5 1.1 77
2031.7 3667.7 155.95640 5.095 0.66 -79.9 0.9 85
1114.5 4054.0 86.26019 3.483 1.00 -69.8 1.7 85
1069.8 3986.9 19.94090 3.177 0.58 -44.9 0.7 41
2420.0 4013.8 36.89643 6.499 0.92 86.5 1.2 95
2296.1 4038.8 38.01849 22.861 0.24 29.3 4.5 785
1055.4 4005.8 19.09499 2.987 0.86 32.5 1.1 47
4180.1 4040.1 42.61301 5.926 0.94 -50.2 1.5 105
2658.9 4070.8 15.34557 4.192 0.58 59.5 0.5 41
3967.9 4097.7 17.23514 5.918 0.38 -22.9 4.5 329
3361.4 4029.7 36.23118 6.891 0.51 -64.6 1 115
127.0 3994.8 50.85027 13.677 0.95 26.9 2.8 279
567.9 4008.3 33.84420 3.454 0.85 36.8 0.7 41
1907.2 3946.3 93.27567 4.152 0.80 53.3 1.1 71
4044.1 4007.9 8.58171 2.276 0.53 -61.2 1.1 45
4003.8 3410.6 164.14280 5.111 0.77 22.9 1.1 89
1678.8 3944.9 83.97735 42.221 0.45 -56.9 4.5 883
60.1 3966.6 11.25020 2.923 0.60 43.3 0.8 39
3427.3 3946.6 144.47480 17.074 0.63 84.2 1 245
2502.5 3930.3 21.03646 3.159 0.71 -40.4 2.2 99
249.8 4024.1 11.93688 5.030 0.44 1.1 4.5 229
3260.5 4024.9 9.48500 2.859 0.98 89.3 0.7 29
2686.8 3976.2 73.37673 5.285 0.64 79.2 1.6 131
2317.8 3870.1 12.82529 2.391 0.52 -82.1 3.4 123
3989.2 3957.1 10.70702 2.369 0.61 75.8 0.3 19
783.0 3732.2 73.59258 5.048 0.67 -42.9 0.8 71
330.4 4002.5 32.46367 5.254 0.46 -81.0 0.5 61
2131.4 3869.2 20.52984 2.883 0.71 -73.9 0.6 31
149.1 3973.6 181.24610 5.269 0.91 -84.2 1.2 93
3049.2 3948.7 349.29180 8.143 0.75 -84.2 1.1 145
1430.8 3965.5 23.68068 3.631 0.60 -21.7 1 63
462.7 4032.6 27.05433 24.555 0.61 -69.3 4.5 449
3928.0 3879.0 887.70640 7.065 0.77 -11.7 1 131
617.0 3976.6 112.91300 5.436 0.76 -28.7 1.1 95
4126.6 4029.3 10.77462 3.065 0.81 -84.5 0.4 23
3742.2 3951.1 30.52195 4.263 0.61 -60.9 1.5 97
2387.0 3950.8 38.41582 4.241 0.60 38.3 0.8 61
118.2 3865.7 18.08984 2.802 0.85 80.6 0.5 25
2081.6 3975.2 48.04539 3.982 0.90 16.6 1.7 91
58.2 3988.6 15.61382 2.296 0.46 -64.4 1.9 83
3137.3 3929.9 67.02037 5.735 0.72 -23.8 1.3 111
383.2 3752.4 13.29308 3.233 0.78 29.6 0.4 27
484.2 4004.3 34.79012 4.961 0.66 -52.6 2.5 161
2821.6 4030.6 47.74717 18.732 0.29 -67.4 4.5 731
1051.6 3954.1 17.04818 4.101 0.63 17.6 0.6 47
3665.6 4016.9 15.01875 5.577 0.74 -78.5 0.4 45
504.7 3774.6 12.14471 3.579 0.47 -50.2 2.6 133
3562.4 3825.8 37.16117 4.808 0.72 31.1 1 75
3094.0 3743.6 7.86386 1.635 0.35 -48.4 1.8 65
2602.4 3840.6 30.51302 16.549 0.28 4.6 4.5 603
3916.9 3914.5 82.49821 35.057 0.54 80.3 4.5 787
311.3 3622.4 21.59926 3.548 0.90 -55.5 0.8 41
166.3 3955.0 62.79641 5.882 0.69 -51.0 2.1 169
2865.0 3925.5 13.54649 3.548 0.61 -71.7 0.7 43
688.3 3986.3 26.35683 21.009 0.74 8.5 4.5 393
2585.5 3765.9 95.89823 11.513 0.60 -79.1 2.4 339
2271.5 3991.0 30.90470 8.768 0.28 54.6 2 295
498.5 3849.5 12.39586 3.751 0.60 31.5 0.7 47
2375.0 3816.8 25.87700 5.222 0.65 76.9 3.7 203
2387.0 3912.4 421.37560 8.391 0.82 36.7 0.9 127
367.5 3849.5 22.72482 15.240 0.22 -74.0 4.5 635
