1 795.0773 112.2077 19.9802
2 1918.0555 52.8091 20.6922
3 2199.5022 15.3737 19.3214
4 2247.5483 11.8367 20.6467
5 995.3646 11.9674 20.6924
6 277.044 8.7813 21.9314
7 424.6425 166.0865 19.8084
8 2963.0806 128.8475 21.4768
9 1191.2231 129.7219 20.9687
10 3260.5896 116.7802 21.6125
11 1954.5914 164.2126 21.7548
12 3382.0903 178.9863 21.4773
13 1491.9996 216.4785 21.6146
14 1805.3577 233.5983 21.908
15 3379.1536 263.2414 21.1249
16 311.5016 263.3442 21.3416
17 2043.0297 360.8461 18.3407
18 1967.2751 324.4774 20.3781
19 387.4905 454.3029 17.3055
20 200.5809 395.8629 19.1976
21 694.8844 321.7017 21.5881
22 3502.8684 419.2187 19.0477
23 2976.8059 381.0723 20.3842
24 3163.6084 376.9453 21.235
25 2418.2344 363.0955 21.1523
26 1705.4161 443.0252 19.3288
27 3900.2068 464.4952 20.5975
28 274.2596 428.707 20.7476
29 502.7018 425.4392 21.6341
30 2089.2632 724.933 17.9141
31 2551.615 509.5089 21.649
32 1929.0304 483.8523 21.802
33 1747.7841 542.4082 21.4516
34 1839.6039 576.7141 19.96
35 4139.54 581.1533 21.8223
36 1766.4395 603.4473 21.3654
37 2327.6836 596.3655 21.6542
38 1136.5221 699.4833 21.1102
39 1889.8164 627.334 20.4578
40 119.0158 625.2245 20.9859
41 261.5981 664.643 20.8796
42 2814.0034 644.3854 21.8194
43 3569.9397 683.5977 20.8111
44 1016.8937 675.1672 21.7214
45 626.3639 662.3906 21.852
46 3395.48 774.1594 19.2576
47 1938.0933 748.0698 21.9338
48 575.1433 737.2471 21.9788
49 373.9347 883.0923 18.766
50 126.641 859.2272 20.4866
51 2404.0305 835.9191 21.8083
52 954.4583 875.3614 21.8175
53 2927.7253 832.7458 21.9765
54 1855.5618 1020.2379 21.1602
55 1041.1805 923.7382 20.3512
56 3438.9551 920.3145 20.1844
57 599.0681 947.4479 19.9122
58 426.5827 916.6836 21.8263
59 2460.3647 1071.5052 17.6199
60 3324.5078 954.0876 21.9229
61 4049.5479 1094.9404 18.0557
62 986.4622 1045.2032 21.5491
63 1471.3242 1175.0194 17.9355
64 416.823 1171.39 20.7151
65 3985.8928 1200.7697 19.2711
66 2345.6511 1160.6877 20.7526
67 3617.2209 1162.1877 21.3088
68 1353.4934 1206.7869 21.9546
69 2598.0378 1221.7372 20.4596
70 2892.9619 1211.483 21.7221
71 2668.2566 1237.4139 21.0836
72 2002.7651 1259.0439 21.7908
73 569.444 1289.5551 21.8144
74 1985.4608 1280.8503 21.9911
75 1675.5846 1334.8605 21.6053
76 424.5223 1388.7583 21.3103
77 2271.8579 1438.548 20.5235
78 1005.1536 1433.8148 21.0066
79 2886.6802 1435.2197 21.4701
80 3902.1824 1488.608 19.7104
81 3716.4199 1480.7061 21.4327
82 2266.4805 1515.2924 20.5956
83 2867.0649 1522.8939 21.9949
84 3906.6064 1532.0244 21.9244
85 3564.1414 1551.3792 21.9611
86 311.3351 1593.8594 20.657
87 2980.4607 1593.3638 21.3381
88 1068.3198 1619.2603 21.4983
89 837.8217 1637.988 21.208
90 1881.9658 1683.8986 20.8684
91 1182.6144 1656.748 20.5714
92 171.3319 1729.8965 19.704
93 1749.603 1782.9186 20.9182
94 922.3532 1712.6061 21.5365
95 319.6772 1770.6041 21.3212
96 3658.8782 1812.708 20.7198
97 1434.7841 1934.1017 20.0141
98 823.6406 1838.6328 21.9651
99 2922.2424 1859.615 21.1188
100 3019.6746 1871.717 21.504
101 4173.4399 1897.1489 20.0347
102 3152.2151 1863.0256 21.8785
103 1635.6808 1891.3844 21.8448
104 169.1735 1928.6672 19.8567
105 399.1873 1966.7482 19.8789
106 3022.9121 1944.8615 21.4881
107 2794.6245 1959.7164 21.4378
108 1794.7561 1958.1123 21.013
109 1893.2075 1976.1696 21.7199
110 2297.6279 1983.6926 21.891
111 1663.8363 2019.1179 21.5198
112 2694.4954 2036.614 21.9878
113 4046.6335 2149.3433 19.3272
114 3241.5579 2140.1443 20.7899
115 2531.1106 2098.3538 21.4244
116 1606.5226 2102.1699 21.7422
117 548.7758 2118.5842 21.3531
118 1220.394 2156.9888 21.7846
119 3109.5796 2195.2478 21.764
120 2632.4419 2239.1609 21.4645
121 3726.0955 2348.5225 21.8305
122 1249.9833 2287.9077 21.8193
123 1091.427 2312.2063 20.9717
124 307.0132 2302.9814 20.7381
125 2850.9658 2299.2742 21.7967
126 2511.1155 2315.1028 21.774
127 2213.3042 2344.7761 21.6725
128 4132.2266 2340.366 21.846
129 1043.2311 2419.438 21.1747
130 2774.6226 2422.291 20.963
131 342.122 2519.5029 19.7269
132 3668.2705 2469.2358 21.0634
133 2010.7322 2446.7214 21.5779
134 3814.6365 2462.575 21.9488
135 2400.124 2588.2986 19.1747
136 239.898 2530.4521 20.902
137 526.8686 2786.6409 16.8745
138 2040.4371 2568.8948 21.495
139 4032.0002 2595.3845 21.0277
140 2386.4214 2621.3293 21.1933
141 1801.0353 2600.1025 20.9224
142 2844.1741 2632.4517 20.874
143 243.7438 2625.6133 21.0538
144 493.6686 2632.5376 20.8662
145 2313.6074 2774.1448 21.4151
146 3550.0938 2625.0032 21.9918
147 3476.0867 2628.6763 21.6333
148 919.3258 2694.9897 20.945
149 2991.4346 2731.2793 20.8646
150 1292.5026 2717.4961 21.9262
151 1549.0292 2778.7915 20.521
152 272.2746 2757.5608 21.1799
153 3451.7273 2797.8291 21.1981
154 854.3724 2941.749 18.8871
155 3041.1584 2890.3943 18.4981
156 3621.2048 2870.01 21.7045
157 1116.668 2884.0557 21.796
158 2361.8521 2902.2317 20.6693
159 1422.3297 2946.634 21.264
160 1783.3533 3041.7983 19.761
161 2265.9053 3089.5337 19.6419
162 2166.9106 3040.179 21.0423
163 1365.0688 3058.9619 21.3426
164 3531.2749 3047.5835 21.9116
165 1220.4524 3087.3071 20.3715
166 3474.1968 3090.6877 21.2232
167 1846.2026 3129.6885 19.6406
168 1437.2064 4063.4565 18.523
169 2719.271 3883.1458 21.7166
170 1712.2362 3468.5388 21.5344
171 3551.4514 3377.2378 21.899
172 3373.4258 3726.2205 21.3511
173 658.6412 3698.3528 20.0413
174 1562.967 3594.6897 21.8793
175 3394.2148 3670.333 20.739
176 1367.1667 3602.4226 21.0769
177 4050.4109 3624.9275 21.8396
178 3201.2659 3631.5146 21.6351
179 2588.4707 3559.2668 20.2878
180 1173.4014 3570.7319 21.8179
181 1435.0085 3576.8879 21.4042
182 3371.8611 3369.6331 20.2122
183 3071.9497 3374.3403 21.9152
184 1457.5079 3452.3254 21.3592
185 314.879 3489.4336 20.9436
186 1060.5708 3373.3369 21.9223
187 160.2373 3378.2153 21.2804
188 1527.3997 3402.3291 21.6876
189 4158.9702 3380.2698 21.8793
190 4097.3994 3346.843 21.4085
191 2873.7061 3259.1274 21.3276
192 398.7977 3285.426 20.0105
193 3195.4468 3301.105 19.8746
194 1733.4926 3855.7615 20.3079
195 3779.9866 3222.509 20.1733
196 2749.7756 3280.5559 21.3135
197 3471.8425 3287.1411 21.7083
198 3388.6235 3281.7834 20.9574
199 3322.4138 3834.8743 20.4038
200 1932.7789 3220.7034 21.968
201 1148.2928 4046.634 19.0561
202 2819.0632 3987.0088 21.1976
203 2016.4045 4049.9834 21.1369
204 1227.2123 3972.8838 20.0815
205 3895.5049 4064.2227 21.5738
206 2031.6871 3667.7031 21.5624
207 4003.7634 3410.5996 21.5133
208 3427.2695 3946.5693 21.8129
209 149.0781 3973.6052 21.3858
210 3049.2371 3948.6748 20.7002
211 3928.0383 3879.0273 19.6652
212 616.9717 3976.561 21.9117
213 2387.0347 3912.3801 20.475
