1 795.0687 112.2058 19.9852
2 1918.0946 52.6664 20.7058
3 2199.6062 15.4475 19.3187
4 2247.6104 11.8278 20.6787
5 995.2681 12.0337 20.6847
6 276.8806 8.478 21.9953
7 2962.8809 128.9138 21.5023
8 424.8435 165.905 19.8274
9 1191.077 129.6487 20.9722
10 3260.395 116.7104 21.5941
11 1954.6527 164.0591 21.7328
12 3381.9773 178.8654 21.5122
13 1805.3857 233.6436 21.9704
14 1491.7279 216.6407 21.5794
15 311.3546 263.3452 21.2949
16 3378.042 262.7151 21.1664
17 1705.4436 443.1192 19.316
18 2043.0568 360.8301 18.346
19 1967.2955 324.3214 20.4
20 200.6095 395.8715 19.1982
21 387.6209 454.2444 17.3077
22 695.0051 321.7457 21.6058
23 3163.8069 376.7646 21.1833
24 3502.8645 419.0598 19.0363
25 2976.7456 380.9524 20.3537
26 2418.665 363.1149 21.1952
27 274.1649 428.8806 20.7377
28 3900.1038 464.5574 20.5987
29 502.5786 425.5622 21.6555
30 2551.6689 509.7418 21.6285
31 1747.7141 542.1567 21.4695
32 1839.6351 576.6963 19.956
33 4139.3965 581.086 21.7678
34 2089.1565 725.0181 17.9113
35 1767.208 602.9523 21.3313
36 2327.7539 596.277 21.6119
37 1889.8333 627.3275 20.4383
38 119.1041 625.4164 20.9063
39 261.6176 664.5662 20.8859
40 2814.2031 644.3724 21.8751
41 626.2617 662.4866 21.8569
42 3570.0266 683.6082 20.8
43 1017.064 675.2112 21.7096
44 1136.3694 699.2421 21.0854
45 3395.5229 774.2346 19.2581
46 575.0189 737.2226 21.8946
47 1938.0286 747.9938 21.9328
48 373.9105 883.1332 18.76
49 126.4708 859.1427 20.4765
50 2404.3298 835.994 21.8158
51 2927.8799 832.9198 21.9388
52 954.3235 875.4534 21.8199
53 1041.359 923.9061 20.3359
54 599.1826 947.4764 19.925
55 3439.1863 920.035 20.1898
56 426.2458 916.4639 21.8081
57 2460.3308 1071.5209 17.6219
58 3324.5439 954.7521 21.9358
59 1855.464 1020.4774 21.1578
60 4049.4919 1094.9752 18.0584
61 986.4774 1044.8345 21.5346
62 1471.3314 1175.0767 17.9348
63 2608.408 1101.248 21.9675
64 2345.6909 1160.624 20.7507
65 3985.9155 1200.6576 19.2747
66 3617.1143 1162.635 21.3236
67 416.9553 1171.2933 20.7412
68 2598.0974 1221.9481 20.4575
69 2892.988 1211.3451 21.6407
70 2668.1108 1237.1434 21.0791
71 2002.9774 1259.4307 21.7702
72 569.3661 1289.7772 21.7438
73 1985.7814 1280.4722 21.94
74 1675.6451 1334.7667 21.5927
75 424.4413 1388.8058 21.3504
76 2886.5176 1435.5959 21.4506
77 2271.8762 1438.7223 20.5446
78 3902.0388 1488.7595 19.7175
79 1005.541 1434.3425 21.017
80 3716.1736 1480.5251 21.4119
81 2266.2676 1515.4081 20.6242
82 311.4643 1593.9178 20.6602
83 2869.1819 1523.766 21.7822
84 3906.1643 1531.8359 21.8281
85 3564.251 1551.5387 21.9684
86 3807.1025 1567.2433 21.9145
87 2980.6531 1593.7117 21.3374
88 1068.2568 1619.5397 21.5043
89 838.0301 1638.2675 21.1838
90 1182.4404 1656.7048 20.5875
91 1882.0088 1683.8903 20.8897
92 171.2941 1729.9122 19.6986
93 922.5204 1712.8427 21.5231
94 319.9759 1770.5114 21.3584
95 1749.0145 1783.2413 20.9546
96 3658.7939 1812.5663 20.712
97 399.1919 1966.7211 19.8765
98 823.2066 1838.9592 21.9449
99 2922.1968 1859.6699 21.1677
100 3019.3379 1872.3911 21.489
101 4173.4897 1897.0513 20.0257
102 3152.7346 1863.5955 21.9395
103 3022.9954 1944.6144 21.465
104 1635.8403 1891.7739 21.8455
105 169.3052 1928.6013 19.8446
106 1434.9972 1934.2083 20.0291
107 2794.1355 1959.8267 21.4316
108 1794.9154 1958.1287 20.9785
109 1892.9996 1976.087 21.6908
110 2297.3848 1983.4734 21.8736
111 1664.0586 2019.1691 21.5234
112 2694.509 2036.6704 21.9742
113 4046.5793 2149.4189 19.3199
114 2531.0618 2098.3713 21.3877
115 3241.7876 2140.1042 20.7973
116 1606.2035 2102.0955 21.7434
117 548.8366 2118.6409 21.3051
118 1218.4753 2156.5132 21.9558
119 3109.5305 2195.0437 21.7568
120 2632.4121 2239.2876 21.4499
121 1091.7589 2312.3889 20.9433
122 1249.6256 2287.6455 21.8561
123 2850.9272 2299.1436 21.7728
124 307.0493 2302.9468 20.7209
125 2511.417 2315.0691 21.7455
126 2213.3215 2344.9561 21.6618
127 4131.7988 2340.4019 21.8317
128 3725.959 2348.3672 21.8585
129 1043.3207 2419.1934 21.1716
130 2774.5688 2422.1287 20.9239
131 342.1108 2519.4951 19.7216
132 2010.7594 2446.8223 21.5935
133 3668.2021 2469.6077 21.1136
134 3814.6064 2462.5596 21.9836
135 2400.135 2588.2703 19.1753
136 239.9774 2530.7649 20.9165
137 2040.5884 2568.8413 21.4968
138 4032.002 2595.4985 21.0444
139 526.8673 2786.6768 16.8744
140 2386.1973 2621.5349 21.2082
141 1801.0143 2600.1877 20.9203
142 244.1775 2625.6709 21.0645
143 2844.4036 2632.5798 20.8761
144 493.4779 2632.6721 20.8533
145 3549.8508 2625.2261 21.9917
146 3475.8745 2629.1316 21.6194
147 2313.377 2774.5776 21.4397
148 919.3466 2694.835 20.9564
149 2991.7456 2731.2944 20.8476
150 1292.464 2717.564 21.9327
151 1549.2998 2778.4629 20.5295
152 272.4628 2757.3477 21.2379
153 854.3192 2941.8181 18.8804
154 3451.6174 2798.0676 21.245
155 3041.1709 2890.3093 18.5005
156 3621.0281 2870.2786 21.7005
157 2362.0654 2902.2236 20.6934
158 1116.5629 2884.0425 21.7862
159 1422.4044 2946.949 21.238
160 2166.7532 3040.0522 21.0861
161 1783.365 3041.7222 19.7579
162 2266.0151 3089.5229 19.65
163 1220.5601 3087.1731 20.3645
164 3530.4277 3047.2947 21.8733
165 1365.1167 3059.2441 21.3852
166 3474.2285 3090.645 21.2323
167 1846.0905 3129.769 19.6417
168 1148.298 4046.5654 19.0777
169 2719.113 3883.0605 21.6835
170 658.776 3698.5894 20.0313
171 3394.1135 3670.1724 20.729
172 3201.0403 3631.4363 21.5973
173 1457.6521 3452.2354 21.3677
174 1562.9451 3594.9529 21.912
175 4050.323 3624.9639 21.8544
176 1367.0984 3602.627 21.0747
177 3072.1575 3374.2883 21.9554
178 1173.5042 3570.731 21.838
179 1434.7498 3576.6919 21.4109
180 4004.0266 3410.4004 21.5304
181 315.0029 3489.4556 20.9423
182 2588.0605 3559.8772 20.2578
183 3322.4604 3834.9468 20.4307
184 3371.7605 3369.814 20.2331
185 1712.1605 3468.5862 21.5155
186 1527.5817 3402.2927 21.7457
187 1060.6189 3374.0049 21.9224
188 160.0538 3378.4331 21.2827
189 1933.4064 3220.9634 21.9472
190 4158.6533 3379.9402 21.8254
191 3551.5684 3377.1279 21.9547
192 3779.9822 3222.6235 20.1765
193 3471.9023 3287.1077 21.6816
194 3195.5481 3301.1033 19.8523
195 2749.7151 3280.5063 21.3041
196 2873.7141 3259.157 21.3123
197 4097.4106 3347.1165 21.3993
198 3388.7686 3281.8579 20.9433
199 3426.6838 3948.0415 21.9067
200 3373.4661 3725.9802 21.3577
201 1437.1685 4063.5098 18.5069
202 3895.2688 4064.1694 21.561
203 3927.8989 3878.9587 19.6573
204 2031.5248 3667.6233 21.5563
205 2016.2963 4049.4832 21.2189
206 149.0522 3973.6335 21.3802
207 3049.4578 3948.9514 20.7096
208 2818.9216 3986.7085 21.2374
209 2387.1267 3912.4927 20.4925
210 616.8619 3976.4719 21.9253
211 398.8445 3285.4365 20.0155
212 1227.345 3972.7922 20.1037
213 1733.3979 3855.7568 20.3023
