#   1 NUMBER                 Running object number                                     
#   2 X_IMAGE                Object position along x                                    [pixel]
#   3 Y_IMAGE                Object position along y                                    [pixel]
#   4 FLUX_SPHEROID          Spheroid total flux from fitting                           [count]
#   5 MAG_SPHEROID           Spheroid total magnitude from fitting                      [mag]
#   6 SPHEROID_REFF_IMAGE    Spheroid effective radius from fitting                     [pixel]
#   7 SPHEROID_ASPECT_IMAGE  Spheroid aspect ratio from fitting                        
#   8 SPHEROID_THETA_IMAGE   Spheroid position angle (CCW/x) from fitting               [deg]
#   9 SPHEROID_SERSICN       Spheroid Sersic index from fitting                        
#  10 CHI2_MODEL             Reduced Chi2 of the fit                                   
#  11 FLAGS_MODEL            Model-fitting flags                                       
#  12 VECTOR_ASSOC           ASSOCiated parameter vector                               
         1    795.0687    112.2058     668.1866  19.9378     7.5490 0.7881 +76.328  1.089    0.9100101   0     795.0687
         2   1918.0946     52.6664     342.1106  20.6646     6.7898 0.7602 -60.544  1.103    0.8935503   0     1918.095
         3   2199.6062     15.4475     1480.092  19.0743    14.1457 0.6189 -61.502  1.069    0.9964941   0     2199.606
         4   2247.6104     11.8278     441.4214  20.3879    11.3488 0.5488 -74.329  1.084    0.9174053   0      2247.61
         5    995.2681     12.0337     416.6235  20.4506     9.9713 0.8271 +77.253  1.085    0.9054081   0     995.2681
         6    276.8806      8.4780     121.8122  21.7858     5.9002 0.9510 +19.272  1.561    0.8596963   0     276.8806
         7   2962.8809    128.9138     166.1546  21.4487     9.5638 0.5045 +88.629  1.161    0.9130015   0     2962.881
         8    424.8435    165.9050     774.6577  19.7772    10.3517 0.7821 -42.149  1.076    0.9499671   0     424.8435
         9   1191.0770    129.6487     268.8407  20.9263     6.5989 0.8615 -85.335  1.064    0.9192259   0     1191.077
        10   3260.3950    116.7104     149.5924  21.5627     6.8517 0.7914 -16.407  1.019    0.8725837   0     3260.395
        11   1954.6527    164.0591     142.4812  21.6156     9.0437 0.8289 -77.341  1.250    0.9303877   0     1954.653
        12   3381.9773    178.8654     161.1373  21.4820     6.3226 0.9329 +80.007  1.014    0.8916573   0     3381.977
        13   1805.3857    233.6436     105.8594  21.9382     4.5483 0.8520  +1.377  0.957    0.8970439   0     1805.386
        14   1491.7279    216.6407     153.2674  21.5364     5.7429 0.9293 +48.373  1.120    0.8912879   0     1491.728
        15    311.3546    263.3452     199.7976  21.2485     5.8487 0.8927 +43.643  1.317    0.8863926   0     311.3546
        16   3378.0420    262.7151     224.8967  21.1200    10.2731 0.5493 -26.606  1.221    0.8830209   0     3378.042
        17   1705.4436    443.1192     1211.248  19.2919     7.3869 0.9956 +73.204  1.112    0.9494725   0     1705.444
        18   2043.0568    360.8301     2960.002  18.3218     7.8191 0.9432 +19.257  1.033     0.959181   0     2043.057
        19   1967.2955    324.3214     450.6922  20.3653     6.9583 0.8986 -37.307  0.980    0.8987632   0     1967.295
        20    200.6095    395.8715      1372.31  19.1564    10.0849 0.8220 +86.847  1.041    0.9215619   0     200.6095
        21    387.6209    454.2444     7618.406  17.2953    13.9476 0.5587 -41.413  1.033     1.180475   0     387.6209
        22    695.0051    321.7457     147.5716  21.5775     8.1655 0.5423 +31.162  1.074    0.8684298   0     695.0051
        23   3163.8069    376.7646     218.9849  21.1490    10.8189 0.5420 -53.396  0.993    0.8669546   0     3163.807
        24   3502.8645    419.0598     1575.582  19.0064     8.5715 0.9015 +85.881  1.039    0.9285802   0     3502.865
        25   2976.7456    380.9524     472.0793  20.3150     8.8095 0.8630 -46.007  0.998    0.9005125   0     2976.746
        26   2418.6650    363.1149     214.6241  21.1708     7.6691 0.6761 +33.331  1.100     0.914157   0     2418.665
        27    274.1649    428.8806     335.3537  20.6862     7.4013 0.8173 -72.970  1.046    0.9107854   0     274.1649
        28   3900.1038    464.5574     380.7787  20.5483    10.1147 0.7180 -79.635  1.008     0.889009   0     3900.104
        29    502.5786    425.5622     142.6536  21.6143     6.5276 0.7457 +46.933  1.117    0.9012851   0     502.5786
        30   2551.6689    509.7418      146.544  21.5851    10.0458 0.5731 -71.817  0.989    0.8996833   0     2551.669
        31   1747.7141    542.1567     168.5806  21.4330     4.9637 0.9894 -25.461  1.116    0.8814641   0     1747.714
        32   1839.6351    576.6963     677.0079  19.9235     6.0558 0.9585 -28.231  1.031    0.9019212   0     1839.635
        33   4139.3965    581.0860     129.0126  21.7234     8.1261 0.6080 -86.462  0.992    0.8558242   0     4139.396
        34   2089.1565    725.0181     4439.889  17.8816    15.7990 0.5132 -49.438  0.995    0.9520696   0     2089.157
        35   1767.2080    602.9523      189.852  21.3040    10.7280 0.5431 -30.306  1.010    0.8802891   0     1767.208
        36   2327.7539    596.2770     147.1185  21.5808     5.8912 0.9452  -7.974  0.973    0.8635727   0     2327.754
        37   1889.8333    627.3275     435.3726  20.4028     6.0692 0.9895 +57.789  1.015    0.8766061   0     1889.833
        38    119.1041    625.4164     284.5251  20.8647    11.6988 0.5730 -13.649  1.046    0.9127637   0     119.1041
        39    261.6176    664.5662     290.0102  20.8440     6.4630 0.6960 -60.129  1.165    0.9031355   0     261.6176
        40   2814.2031    644.3724     116.3602  21.8355     7.3018 0.6346 -32.736  0.667    0.8718136   0     2814.203
        41    626.2617    662.4866     118.2898  21.8176     5.3359 0.7718 -25.008  1.110    0.8958468   0     626.2617
        42   3570.0266    683.6082      310.576  20.7696     8.5644 0.6231 +31.604  0.971    0.8807603   0     3570.027
        43   1017.0640    675.2112     136.4495  21.6626     8.3151 0.7551 -55.859  0.879    0.9020556   0     1017.064
        44   1136.3694    699.2421     234.2395  21.0758     7.5942 0.7026 -40.161  1.170    0.9022129   0     1136.369
        45   3395.5229    774.2346     1289.137  19.2243     9.1800 0.8522 +70.811  0.995    0.9178661   0     3395.523
        46    575.0189    737.2226     114.5685  21.8523     7.7034 0.6450 +41.667  1.168    0.8902279   0     575.0189
        47   1938.0286    747.9938      109.746  21.8990     5.7831 0.9017 +33.442  1.002    0.8708304   0     1938.029
        48    373.9105    883.1332     2025.202  18.7338     7.4280 0.8664 -18.802  1.059    0.9862874   0     373.9105
        49    126.4708    859.1427     423.6198  20.4326     7.1780 0.9653 -56.248  1.010    0.9029449   0     126.4708
        50   2404.3298    835.9940     122.8348  21.7767     6.6955 0.9566 -60.656  0.930    0.8853424   0      2404.33
        51   2927.8799    832.9198     108.0395  21.9160     6.7547 0.8294 -23.165  0.830    0.8884356   0      2927.88
        52    954.3235    875.4534     122.6761  21.7781     7.6814 0.6623  -4.642  0.877    0.8794689   0     954.3235
        53   1041.3590    923.9061      478.599  20.3001     7.7838 0.9001 +79.254  1.008    0.8966285   0     1041.359
        54    599.1826    947.4764     698.2327  19.8900     8.7936 0.6536 -28.268  0.956      0.90433   0     599.1826
        55   3439.1863    920.0350     548.5306  20.1520     7.0227 0.8165 +31.266  0.953    0.8836671   0     3439.186
        56    426.2458    916.4639     122.6124  21.7787     6.7752 0.7687 +54.805  0.978    0.8993774   0     426.2458
        57   2460.3308   1071.5209     5784.946  17.5943    12.4028 0.8191  -1.634  1.001     1.001417   0     2460.331
        58   3324.5439    954.7521     111.0923  21.8858     6.1512 0.9115 -18.341  1.001    0.8805395   0     3324.544
        59   1855.4640   1020.4774     224.9343  21.1199    10.5611 0.5520 -76.205  0.952    0.8878127   0     1855.464
        60   4049.4919   1094.9752      3857.09  18.0344    10.7939 0.6560 -51.660  0.991    0.9413064   0     4049.492
        61    986.4774   1044.8345     159.0846  21.4959     8.5209 0.7946 -58.236  1.024    0.8796894   0     986.4774
        62   1471.3314   1175.0767     4316.863  17.9121     8.8051 0.8315 +40.358  1.010     1.015377   0     1471.331
        63   2608.4080   1101.2480     107.7126  21.9193     8.3456 0.6198 +30.384  1.078    0.9002799   0     2608.408
        64   2345.6909   1160.6240     326.8624  20.7141     7.4675 0.8798 +50.598  1.031    0.8965564   0     2345.691
        65   3985.9155   1200.6576     1270.475  19.2401     8.8431 0.8527 +67.937  1.008     0.928282   0     3985.916
        66   3617.1143   1162.6350     193.7567  21.2819     8.6644 0.5592 -58.617  0.985    0.8640996   0     3617.114
        67    416.9553   1171.2933     331.6532  20.6983     5.8338 0.8570 -28.550  1.131    0.9099118   0     416.9553
        68   2598.0974   1221.9481     427.7509  20.4220     5.9604 0.8280 -29.613  1.013    0.8915079   0     2598.097
        69   2892.9880   1211.3451     146.5629  21.5849     8.0264 0.6441 -11.859  1.139    0.8620409   0     2892.988
        70   2668.1108   1237.1434     240.2569  21.0483     8.7512 0.5758 +42.085  0.914    0.8950843   0     2668.111
        71   2002.9774   1259.4307     149.3296  21.5646    10.3281 0.5975 -70.717  2.184     0.912736   0     2002.977
        72    569.3661   1289.7772     132.7667  21.6923     9.4050 0.6052 -74.125  1.069    0.8874547   0     569.3661
        73   1985.7814   1280.4722     123.1818  21.7736    10.2338 0.8877 +21.549  1.742    0.9062515   0     1985.781
        74   1675.6451   1334.7667     149.5598  21.5630     6.1218 0.6733  -6.024  0.980    0.8857854   0     1675.645
        75    424.4413   1388.8058     189.2354  21.3075     6.4106 0.7425 +27.962  0.946    0.8701628   0     424.4413
        76   2886.5176   1435.5959     173.1279  21.4041     5.8350 0.9042 +79.273  0.976    0.8653442   0     2886.518
        77   2271.8762   1438.7223     395.9213  20.5060     6.3178 0.9462  -6.652  0.997    0.8974111   0     2271.876
        78   3902.0388   1488.7595     834.8538  19.6960     7.0702 0.7359 -18.906  0.988    0.9619331   0     3902.039
        79   1005.5410   1434.3425     255.8784  20.9799     5.9387 0.8464 +21.182  1.022    0.8735298   0     1005.541
        80   3716.1736   1480.5251     180.0873  21.3613     6.7585 0.7444 +72.135  0.987     0.879304   0     3716.174
        81   2266.2676   1515.4081     370.4461  20.5782     6.9747 0.7384 +49.216  1.001    0.8871975   0     2266.268
        82    311.4643   1593.9178     354.2755  20.6266     7.1032 0.6744 +24.572  1.030    0.8674953   0     311.4643
        83   2869.1819   1523.7660     131.0131  21.7067     9.0485 0.8754 -13.107  1.424    0.9100547   0     2869.182
        84   3906.1643   1531.8359     163.2701  21.4677    17.2398 0.8766 +53.493  2.368    0.9427434   0     3906.164
        85   3564.2510   1551.5387     107.8036  21.9184     4.7304 0.9380 -68.593  1.168    0.8873378   0     3564.251
        86   3807.1025   1567.2433     111.7672  21.8792     7.7841 0.7714 +36.826  1.371    0.9139687   0     3807.102
        87   2980.6531   1593.7117     189.4828  21.3061     6.3877 0.8333 -51.651  0.946    0.9009985   0     2980.653
        88   1068.2568   1619.5397       162.72  21.4714     7.1643 0.6587 -51.587  0.990    0.8851898   0     1068.257
        89    838.0301   1638.2675     220.2626  21.1426     8.1052 0.6797 +44.997  0.980    0.8671756   0     838.0301
        90   1182.4404   1656.7048     380.0293  20.5505     6.3857 0.9339 -65.392  1.069    0.8775579   0      1182.44
        91   1882.0088   1683.8903     290.0276  20.8439     5.9185 0.9585  -9.173  0.999    0.8959782   0     1882.009
        92    171.2941   1729.9122     860.6378  19.6629     6.7406 0.8852 +74.979  1.054     0.942902   0     171.2941
        93    922.5204   1712.8427     159.4285  21.4936     9.0279 0.6801  +5.949  1.084    0.8724338   0     922.5204
        94    319.9759   1770.5114     183.4337  21.3413     8.9345 0.5749 -51.231  0.820    0.9133528   0     319.9759
        95   1749.0145   1783.2413     271.1908  20.9168     6.4123 0.8378 +22.498  1.039    0.8601456   0     1749.014
        96   3658.7939   1812.5663     336.2003  20.6835     8.8325 0.6569 +19.047  1.047     0.940666   0     3658.794
        97    399.1919   1966.7211     728.2141  19.8444     6.4219 0.8163 -56.406  1.040    0.8871582   0     399.1919
        98    823.2066   1838.9592     115.4309  21.8442     8.7124 0.7207 -34.208  1.534     0.910217   0     823.2066
        99   2922.1968   1859.6699     227.4892  21.1076     5.6337 0.7915 -39.662  1.149    0.9117258   0     2922.197
       100   3019.3379   1872.3911     165.9827  21.4498    10.2093 0.5005 -45.191  0.977    0.8951428   0     3019.338
       101   4173.4897   1897.0513      639.287  19.9858     6.3901 0.7855 +60.304  0.981    0.8961959   0      4173.49
       102   3152.7346   1863.5955     107.1749  21.9248     8.2800 0.5961 +26.492  0.854    0.8891277   0     3152.735
       103   3022.9954   1944.6144     173.3335  21.4028     8.7616 0.7267 +80.600  1.168    0.8976657   0     3022.995
       104   1635.8403   1891.7739     119.0361  21.8108     8.5146 0.6533 +73.123  0.966    0.8554158   0      1635.84
       105    169.3052   1928.6013     754.3983  19.8060     7.4049 0.7142 +45.565  1.053    0.8962151   0     169.3052
       106   1434.9972   1934.2083     634.1392  19.9945     7.2875 0.8213 +13.478  0.986      0.89811   0     1434.997
       107   2794.1355   1959.8267     176.3181  21.3843     7.2719 0.8309 +25.976  1.222    0.8728456   0     2794.135
       108   1794.9154   1958.1287      263.471  20.9482     6.0953 0.9458 +17.191  0.955    0.8893442   0     1794.915
       109   1892.9996   1976.0870     137.3667  21.6553     6.8154 0.7874 +81.943  0.842    0.8789812   0         1893
       110   2297.3848   1983.4734      116.927  21.8302     6.8226 0.6959 +55.604  0.895    0.9060221   0     2297.385
       111   1664.0586   2019.1691     163.7447  21.4646     8.3722 0.6050 -71.776  0.844    0.8702654   0     1664.059
       112   2694.5090   2036.6704     108.1677  21.9148     7.3918 0.6717 -51.156  1.002    0.8892289   0     2694.509
       113   4046.5793   2149.4189     1223.475  19.2810    11.2169 0.7692 -39.944  0.980    0.9017937   0     4046.579
       114   2531.0618   2098.3713     181.9606  21.3501     5.5049 0.7838 +69.771  0.944    0.8791142   0     2531.062
       115   3241.7876   2140.1042     314.6685  20.7554    10.8771 0.5601 -68.067  0.940    0.8943032   0     3241.788
       116   1606.2035   2102.0955     127.9575  21.7323     5.0817 0.9161 -52.716  0.982    0.8945483   0     1606.204
       117    548.8366   2118.6409     195.2968  21.2733     6.1407 0.7874 -53.572  0.950    0.8718691   0     548.8366
       118   1218.4753   2156.5132     110.2772  21.8938     8.2988 0.6641 +15.958  1.172    0.9020343   0     1218.475
       119   3109.5305   2195.0437     130.8779  21.7078     7.7578 0.6608  +4.969  1.009    0.8625839   0      3109.53
       120   2632.4121   2239.2876     174.1439  21.3977     9.0743 0.7644 +73.687  1.042    0.8864181   0     2632.412
       121   1091.7589   2312.3889     271.7497  20.9146     8.4230 0.6612 +58.175  1.049    0.8980493   0     1091.759
       122   1249.6256   2287.6455      121.765  21.7862     8.4365 0.7364 +57.169  1.228    0.8768904   0     1249.626
       123   2850.9272   2299.1436     126.8989  21.7414     5.8361 0.8041 -74.003  1.027    0.8814306   0     2850.927
       124    307.0493   2302.9468     338.2054  20.6770     6.2748 0.6937  -7.900  1.041    0.8853112   0     307.0493
       125   2511.4170   2315.0691      134.232  21.6804    10.3622 0.4756 +30.878  1.127    0.9053629   0     2511.417
       126   2213.3215   2344.9561      142.258  21.6173     9.2734 0.5677 +59.618  0.947    0.8851693   0     2213.322
       127   4131.7988   2340.4019     122.5098  21.7796     6.5639 0.8069 -15.738  1.066    0.8852217   0     4131.799
       128   3725.9590   2348.3672     119.1645  21.8096     6.4439 0.8622 -38.729  0.978    0.8831971   0     3725.959
       129   1043.3207   2419.1934     224.9688  21.1197    11.1617 0.5553 -52.904  1.099    0.8683844   0     1043.321
       130   2774.5688   2422.1287     277.0895  20.8934     5.5432 0.9256 +27.603  0.985    0.8875015   0     2774.569
       131    342.1108   2519.4951     847.0449  19.6802    12.3643 0.5851 +76.710  0.959    0.8858287   0     342.1108
       132   2010.7594   2446.8223     151.9213  21.5460     5.4907 0.8627 -17.743  1.194     0.890911   0     2010.759
       133   3668.2021   2469.6077     233.6186  21.0787     5.0729 0.9934 -19.528  1.048    0.8764572   0     3668.202
       134   3814.6064   2462.5596     105.1733  21.9452     5.3514 0.9294 -59.730  0.882    0.8598181   0     3814.606
       135   2400.1350   2588.2703     1378.843  19.1512     7.7886 0.6815 -58.757  1.001    0.9133825   0     2400.135
       136    239.9774   2530.7649     283.2637  20.8695     7.4019 0.6504 +24.272  1.009    0.8618171   0     239.9774
       137   2040.5884   2568.8413     164.8489  21.4573     4.7606 0.9651 +51.475  0.968    0.8751934   0     2040.588
       138   4032.0020   2595.4985     246.6961  21.0196     6.9734 0.8498 +45.648  1.021    0.8913019   0     4032.002
       139    526.8673   2786.6768     11454.53  16.8526    14.9778 0.5655 -38.644  0.997    0.9676548   0     526.8673
       140   2386.1973   2621.5349     220.0708  21.1436     8.5893 0.6513 +67.594  1.057    0.9138504   0     2386.197
       141   1801.0143   2600.1877      282.032  20.8743     6.0365 0.6823  -9.000  1.005    0.8664013   0     1801.014
       142    244.1775   2625.6709     244.2932  21.0302     9.0637 0.7854 -17.305  0.930    0.8887539   0     244.1775
       143   2844.4036   2632.5798     292.8844  20.8333     7.3929 0.8352 +66.204  0.946    0.8839512   0     2844.404
       144    493.4779   2632.6721     298.9325  20.8111     8.0543 0.6848 -25.020  1.004    0.8914594   0     493.4779
       145   3549.8508   2625.2261     106.2159  21.9345     5.2305 0.8421 -17.956  1.113    0.8820377   0     3549.851
       146   3475.8745   2629.1316     145.5636  21.5924     5.4042 0.9532 -13.941  1.014    0.8707959   0     3475.874
       147   2313.3770   2774.5776     173.7288  21.4003     8.4740 0.7119 -87.514  1.044    0.8875892   0     2313.377
       148    919.3466   2694.8350     268.5122  20.9276     7.1050 0.8893 +58.599  1.070    0.9294292   0     919.3466
       149   2991.7456   2731.2944     295.6107  20.8232     6.9631 0.8511 -53.868  1.012    0.9146307   0     2991.746
       150   1292.4640   2717.5640       110.23  21.8943     5.3166 0.9385 -46.670  0.904    0.8623249   0     1292.464
       151   1549.2998   2778.4629     401.7281  20.4902    11.5483 0.5417 -63.748  0.983    0.8734127   0       1549.3
       152    272.4628   2757.3477     209.4438  21.1973     5.8630 0.7421 +70.149  0.950    0.8705215   0     272.4628
       153    854.3192   2941.8181     1805.674  18.8584    11.5974 0.7200 +65.716  1.020    0.9387053   0     854.3192
       154   3451.6174   2798.0676     206.6947  21.2117     5.5049 0.8598 +81.326  0.933    0.9218464   0     3451.617
       155   3041.1709   2890.3093     2573.145  18.4738     8.5200 0.9894 -30.800  0.988    0.9328955   0     3041.171
       156   3621.0281   2870.2786     136.8559  21.6593     5.9831 0.8162 -63.016  0.867     0.900575   0     3621.028
       157   2362.0654   2902.2236     346.5973  20.6504     6.7039 0.6557 +12.436  0.964    0.8815798   0     2362.065
       158   1116.5629   2884.0425     126.0161  21.7489     7.3862 0.7166 +28.129  0.992    0.8698766   0     1116.563
       159   1422.4044   2946.9490     209.5824  21.1966     8.6238 0.6543 -40.697  1.261    0.8984183   0     1422.404
       160   2166.7532   3040.0522     237.2588  21.0619     5.2432 0.9518 +45.576  1.001    0.8824853   0     2166.753
       161   1783.3650   3041.7222     811.4521  19.7268     7.9915 0.8595  -8.185  0.967    0.9189929   0     1783.365
       162   2266.0151   3089.5229      898.289  19.6165    10.4818 0.7314 +39.571  0.974    0.9127615   0     2266.015
       163   1220.5601   3087.1731     466.9571  20.3268     8.3092 0.7244 +73.812  0.977    0.8824762   0      1220.56
       164   3530.4277   3047.2947      115.833  21.8404     6.8681 0.8054 +66.208  0.887    0.8753725   0     3530.428
       165   1365.1167   3059.2441     183.7939  21.3392     7.9338 0.7745 -62.385  0.884    0.8846014   0     1365.117
       166   3474.2285   3090.6450      213.694  21.1755     9.1528 0.6506 -63.626  1.264    0.9667596   0     3474.229
       167   1846.0905   3129.7690     909.7676  19.6027    11.2231 0.6307  +3.955  0.983    0.9215085   0     1846.091
       168   1148.2980   4046.5654     1526.819  19.0405    11.1145 0.8199 +71.132  0.988    0.9224195   0     1148.298
       169   2719.1130   3883.0605     137.4639  21.6545     9.4529 0.6169 +37.323  0.740    0.8781826   0     2719.113
       170    658.7760   3698.5894     633.8284  19.9951    12.1403 0.5042 +56.563  0.998    0.8832184   0      658.776
       171   3394.1135   3670.1724     335.4675  20.6859     7.2820 0.9168 -74.299  0.921     0.890994   0     3394.113
       172   3201.0403   3631.4363     149.4402  21.5638     7.9486 0.6155 +62.368  0.901    0.8748727   0      3201.04
       173   1457.6521   3452.2354     187.6639  21.3165     7.5477 0.6192  +1.599  0.935    0.8651435   0     1457.652
       174   1562.9451   3594.9529     111.5388  21.8814     7.3508 0.7164 -12.133  0.901    0.8728502   0     1562.945
       175   4050.3230   3624.9639      119.657  21.8052     5.1392 0.8971 +58.666  0.888    0.8680928   0     4050.323
       176   1367.0984   3602.6270     242.1128  21.0400     7.6534 0.8162 +50.842  1.028    0.9037061   0     1367.098
       177   3072.1575   3374.2883     108.8432  21.9080     4.7564 0.7755 +21.125  0.996    0.8419078   0     3072.157
       178   1173.5042   3570.7310     121.1566  21.7916     6.1300 0.7557  -2.658  1.023    0.8740251   0     1173.504
       179   1434.7498   3576.6919     177.8211  21.3750     5.4039 0.8919 -16.426  1.039    0.8790378   0      1434.75
       180   4004.0266   3410.4004     162.9259  21.4700     5.6709 0.8020 +27.237  1.070    0.9009714   0     4004.027
       181    315.0029   3489.4556     275.4491  20.8999     5.5444 0.9381 -47.626  1.123    0.9226981   0     315.0029
       182   2588.0605   3559.8772     511.5552  20.2278    10.6613 0.5828 -68.996  1.083    0.9203417   0     2588.061
       183   3322.4604   3834.9468     445.4378  20.3780     8.5520 0.6589 -68.147  0.960    0.8752387   0      3322.46
       184   3371.7605   3369.8140     529.0461  20.1913     9.3115 0.6431 +77.480  0.943    0.9008701   0      3371.76
       185   1712.1605   3468.5862     162.1821  21.4750     6.7165 0.8678 +49.834  0.976    0.8881317   0      1712.16
       186   1527.5817   3402.2927     131.0406  21.7065     6.3420 0.7640  -1.037  0.873    0.8648719   0     1527.582
       187   1060.6189   3374.0049     111.0457  21.8862     7.3190 0.6862 +62.361  1.006    0.8512203   0     1060.619
       188    160.0538   3378.4331     202.9455  21.2316     6.1162 0.7072 -74.810  1.179    0.8855242   0     160.0538
       189   1933.4064   3220.9634     107.4619  21.9219     6.5451 0.8463 +80.438  0.937    0.8635452   0     1933.406
       190   4158.6533   3379.9402     122.3648  21.7809     9.2844 0.5749 +65.094  0.982    0.9004347   0     4158.653
       191   3551.5684   3377.1279     109.7188  21.8993     6.2032 0.6879 +45.243  0.921    0.8745919   0     3551.568
       192   3779.9822   3222.6235     558.2432  20.1329     8.0125 0.7612 -44.417  1.009    0.8984776   0     3779.982
       193   3471.9023   3287.1077     139.9399  21.6351     5.2274 0.8840 +41.452  0.911     0.867878   0     3471.902
       194   3195.5481   3301.1033     745.7332  19.8185    11.2706 0.5972 +26.192  0.962    0.8784477   0     3195.548
       195   2749.7151   3280.5063     198.4606  21.2558     8.6832 0.6338 -10.452  0.904     0.878359   0     2749.715
       196   2873.7141   3259.1570     196.8648  21.2646     5.5618 0.9618 +39.345  0.971    0.8927092   0     2873.714
       197   4097.4106   3347.1165      180.433  21.3592    10.7821 0.5279 +68.075  1.122    0.8959902   0     4097.411
       198   3388.7686   3281.8579     275.0365  20.9015     6.2135 0.9233 +58.010  0.902    0.8831391   0     3388.769
       199   3426.6838   3948.0415     123.5839  21.7701    20.9598 0.5430 +75.696  1.084    0.8967949   0     3426.684
       200   3373.4661   3725.9802     190.0272  21.3030     5.3022 0.8034 -29.945  0.941     0.879531   0     3373.466
       201   1437.1685   4063.5098     2569.489  18.4754    11.6050 0.8801 +21.338  0.984     0.996906   0     1437.168
       202   3895.2688   4064.1694     157.8635  21.5043     6.8057 0.8784 -38.496  1.086    0.8834088   0     3895.269
       203   3927.8989   3878.9587      892.342  19.6237     8.0453 0.7787 -12.555  1.043    0.9159461   0     3927.899
       204   2031.5248   3667.6233     157.8108  21.5047     6.2546 0.6857 -78.768  1.030    0.8792617   0     2031.525
       205   2016.2963   4049.4832     206.7415  21.2114     6.0328 0.8105 -43.144  1.077    0.9054897   0     2016.296
       206    149.0522   3973.6335     184.8044  21.3332     5.6766 0.8731 -85.358  1.181     0.890309   0     149.0522
       207   3049.4578   3948.9514     346.0084  20.6523     9.2332 0.7634 -79.689  1.103    0.9109027   0     3049.458
       208   2818.9216   3986.7085     210.4597  21.1921     7.7826 0.6096 -67.680  0.922    0.8868641   0     2818.922
       209   2387.1267   3912.4927     417.0875  20.4494     9.2036 0.8241 +35.872  0.953    0.8981849   0     2387.127
       210    616.8619   3976.4719     111.3637  21.8831     5.9760 0.8594 -22.150  1.099    0.9165741   0     616.8619
       211    398.8445   3285.4365     646.6151  19.9734     7.9633 0.7904 -85.527  1.002    0.9196689   0     398.8445
       212   1227.3450   3972.7922     593.9761  20.0656     7.7028 0.8148  +0.861  0.953     0.882112   0     1227.345
       213   1733.3979   3855.7568     497.0557  20.2590     7.0734 0.9666 -83.294  0.977    0.8724477   0     1733.398
