795.2 112.2 728.21880 8.350 0.80 80.1 4.5 669
1918.0 52.7 327.59440 5.798 0.79 -62.9 4 379
1207.0 55.1 48.85359 4.712 0.71 74.5 4.4 243
1681.4 47.2 69.29778 3.040 0.97 15.5 4.5 223
2200.0 14.8 1482.98300 12.182 0.62 -62.0 4.4 963
123.4 29.8 92.20590 6.138 0.62 70.0 4.5 399
2247.7 10.8 489.60710 10.745 0.54 -71.2 4.5 785
995.5 11.3 479.24150 12.845 0.80 68.5 4.5 749
276.7 8.4 119.71080 6.197 0.93 -20.2 4.5 347
2726.0 10.5 30.11465 3.843 0.40 -77.2 4.5 363
1990.5 9.5 19.42778 3.683 0.91 64.4 4.1 145
641.3 10.9 8.90616 2.315 0.50 81.6 3.3 111
3323.0 8.6 19.29271 9.127 0.89 -55.0 4.5 257
3572.2 6.4 12.10995 1.984 0.55 -0.0 2.3 77
3993.5 4.3 41.85670 4.050 0.70 5.6 3.8 197
704.0 18.9 23.05380 18.440 0.44 18.1 4.5 469
450.8 32.3 19.37143 3.226 0.70 -50.5 3.6 141
1797.3 29.3 20.02401 5.806 0.75 63.9 4.5 237
2448.4 42.4 32.91404 5.220 0.63 31.3 4.4 245
3987.4 48.6 49.43269 9.552 0.85 39.3 4.5 323
3153.6 41.6 26.66431 2.617 0.67 54.6 2.7 111
973.6 37.5 37.82956 19.044 0.33 -23.0 4.5 649
2177.1 62.7 157.34550 20.297 0.85 88.1 4.5 731
3601.1 52.1 55.49889 4.239 0.82 -21.2 3.4 185
2405.6 44.6 10.30227 1.465 0.64 -10.8 1.8 47
2745.6 46.6 13.98877 3.243 0.62 -33.4 4.5 161
1409.9 56.8 41.34808 4.100 0.64 -39.4 4.3 227
3986.5 55.8 34.90549 5.324 0.54 -82.4 1 91
538.6 48.3 11.19577 4.379 0.93 -75.1 4.5 173
1462.3 58.4 29.48169 11.750 0.39 48.5 4.5 499
3420.9 56.9 24.99157 10.213 0.42 83.6 4.5 409
2921.3 74.9 44.67991 2.690 0.69 -5.4 4.5 205
424.7 166.0 849.83440 11.967 0.76 -39.9 4.5 843
795.0 75.9 260.96910 95.019 0.96 -36.8 4.5 1165
2465.8 60.4 14.98294 8.252 0.58 7.7 4.4 249
2381.6 67.2 23.31279 9.916 0.40 57.7 4.5 433
2105.9 90.7 55.84448 8.459 0.53 57.0 1.7 203
804.5 77.2 190.97020 57.043 0.73 -42.6 3.7 971
4155.8 68.2 7.95669 1.002 0.23 -24.4 3.7 111
1191.2 129.5 246.57800 5.335 0.87 83.1 3.6 297
3325.9 78.9 13.37813 1.906 0.71 -24.0 2.2 63
3426.4 73.8 22.56920 7.176 0.99 -46.2 3.6 185
2389.9 82.1 27.70516 6.547 0.65 54.1 4.5 275
3260.3 117.0 122.60660 4.567 0.82 -27.3 2.1 149
2963.3 129.9 170.37070 7.632 0.58 87.2 4.5 483
3645.6 103.1 72.62265 3.609 0.90 -18.6 2.5 129
734.0 90.9 38.03204 7.105 0.35 -6.2 4.5 403
2104.5 106.7 90.46861 35.902 0.54 -88.5 4.5 839
245.8 95.7 18.36853 2.174 0.64 -72.0 3.8 121
1780.8 105.0 35.94722 3.773 0.84 -37.0 3.2 149
2672.9 106.6 22.62450 3.769 0.63 72.6 3.3 159
3912.5 98.8 42.27020 12.872 0.42 21.8 4.5 499
1262.4 91.3 7.65688 0.836 0.26 70.3 1.6 41
550.3 112.3 50.33855 4.483 0.66 7.8 4.5 361
2013.5 111.2 48.54864 6.240 0.55 37.2 4.5 339
2743.3 99.7 22.37666 10.705 0.98 73.5 4.5 273
3135.0 118.7 39.86844 4.221 0.91 89.5 3.6 171
3920.2 100.9 31.74046 11.010 0.38 12.7 3.1 369
2958.7 110.2 166.45480 50.143 0.53 80.5 2.7 953
3003.2 106.9 87.76755 32.159 0.43 -5.3 4.3 831
3018.5 102.5 65.21541 27.311 0.35 -1.2 3.2 731
1583.7 117.8 19.63220 3.531 0.64 -28.1 1.7 89
473.9 123.0 68.42489 11.622 0.81 87.1 4.5 477
465.3 109.5 57.71255 32.025 0.52 80.0 4.5 679
1115.9 118.0 12.20833 2.060 0.77 -20.3 1 33
123.7 133.5 51.47466 2.242 0.82 -10.2 4 147
864.0 127.6 58.94921 13.808 0.70 -56.3 4.5 489
170.6 119.8 13.64011 2.474 0.79 10.0 1 37
1970.1 146.1 112.17770 8.907 0.76 -23.1 4.5 521
1955.7 164.0 161.50450 11.821 0.74 -73.0 4.5 545
565.8 129.2 47.01355 12.297 0.54 40.5 4.5 513
872.6 124.0 35.30960 19.977 0.23 -52.5 4.5 779
3372.7 135.5 21.90277 4.524 0.69 -83.0 3.4 169
2027.1 149.2 50.82391 4.279 0.99 -87.2 4.5 265
2247.9 128.9 7.26666 0.893 0.20 -55.8 3.3 95
1694.4 135.9 12.03220 1.351 0.66 -23.4 4.5 99
404.1 132.1 89.65321 56.235 0.70 70.8 4 783
56.0 132.9 6.82892 0.938 0.41 18.6 3.3 69
3382.0 178.6 156.46020 5.798 0.94 -67.4 3.6 269
3863.5 136.0 20.42486 7.604 0.43 32.8 4.5 355
858.3 152.0 27.71699 7.224 0.47 -68.1 4.5 389
2043.1 360.9 2916.81900 7.597 0.95 15.7 4 641
3717.4 174.4 62.48138 5.392 0.93 69.4 4.5 299
2097.5 153.6 11.30687 2.299 0.50 63.0 0.6 29
3975.2 186.2 123.86520 25.232 0.50 32.4 4.5 843
3513.8 176.0 83.20602 6.369 0.46 -1.2 1.7 191
1098.3 158.8 19.63501 4.092 0.57 58.4 0.5 43
3705.3 160.9 39.21670 16.492 0.68 32.4 4.5 441
2328.6 194.2 55.97038 5.312 0.79 81.1 4.2 247
587.7 170.7 41.80167 2.052 0.67 -6.2 4.5 239
1045.4 169.2 18.80731 3.805 0.70 -70.0 3.8 157
2339.1 159.2 28.41979 10.259 0.56 -52.9 4.5 385
3798.0 187.4 95.15528 4.049 0.65 -20.9 3.4 227
3967.2 176.2 140.51460 46.303 0.53 16.6 4.5 1051
3169.5 159.6 32.97752 15.072 0.49 -1.2 4.5 497
1366.5 168.2 18.03263 2.966 0.64 -28.9 3 123
2873.6 160.5 14.67645 2.055 0.13 10.2 4.5 287
1943.6 168.4 92.31547 44.207 0.84 -32.5 4.5 705
244.1 173.7 24.91765 2.723 0.82 10.5 4.3 145
1981.4 162.4 55.95127 40.274 0.62 1.5 4.5 661
2685.3 173.5 28.34947 4.654 0.65 -21.4 4.5 237
2916.6 167.3 16.34432 6.764 0.92 -83.8 4.5 209
4179.5 172.8 18.47987 4.690 0.65 1.3 4.3 195
1399.9 188.4 72.45994 4.680 0.84 -83.6 4.5 329
2994.5 173.4 10.23299 1.707 0.67 -37.9 1.1 33
4113.3 182.4 19.79265 2.531 0.59 -81.5 3.2 123
1491.8 216.4 173.51900 7.414 0.89 51.0 4.5 407
3899.4 174.7 19.75799 3.203 0.39 14.9 4.4 215
3193.0 178.1 25.38614 7.520 0.72 44.4 4.5 297
2937.8 178.2 21.39378 4.628 0.52 32.0 4.3 223
4071.3 197.2 42.25025 3.074 0.82 -23.8 2.6 115
3943.6 181.5 70.59019 33.864 0.44 -36.5 4.5 819
896.7 214.2 87.16699 3.326 0.79 53.0 4.5 305
2328.2 184.4 134.19610 84.631 0.41 -84.3 4.5 1347
1247.0 202.6 57.16500 2.589 0.70 12.9 4.5 191
43.4 190.7 17.46676 1.937 0.39 45.6 3 121
3114.5 198.4 34.28149 4.095 0.69 -50.5 4.5 255
3382.4 199.7 86.53866 35.142 0.54 -78.1 3.4 719
4140.6 201.0 34.01538 7.890 0.93 44.5 3.5 219
387.5 454.2 7569.05000 10.817 0.56 -41.3 4.1 1277
3144.6 188.4 17.50024 8.256 0.37 -23.2 4.5 369
1806.7 192.1 7.51845 1.053 0.26 -83.6 3.1 87
2384.5 200.8 28.49685 11.201 0.75 28.2 4.5 333
2282.8 195.6 18.43910 7.132 0.32 -37.2 4.5 401
1939.9 212.2 21.47267 2.185 0.75 -70.7 1.7 59
4191.0 195.3 9.93074 2.958 0.95 -36.1 3.7 101
2937.1 222.4 76.93861 6.703 0.82 -42.6 3.6 265
1388.7 212.1 49.27928 21.416 0.94 23.0 4.5 433
1805.4 233.6 109.69920 4.367 0.80 -6.0 4.3 269
348.2 199.3 9.23743 1.985 0.20 50.3 2.8 141
1199.0 220.3 116.33320 22.443 0.60 4.7 4.5 755
1331.0 212.8 12.15753 1.790 0.69 1.2 1.2 35
1534.5 209.3 8.12855 0.966 0.55 34.8 4.5 103
4139.6 206.0 24.20883 3.935 0.63 -71.1 1 63
1906.8 219.6 28.47515 2.899 0.66 -26.3 4.5 193
2266.0 209.7 10.49256 2.237 0.25 -78.6 3.7 173
1767.7 246.5 133.61040 16.641 0.87 -52.3 4.5 615
3592.2 213.3 12.37681 2.283 0.50 42.1 4.5 173
3901.4 235.4 31.43321 3.113 0.68 86.6 3.7 161
311.6 263.3 193.73340 5.625 0.84 33.5 4.5 377
3377.8 262.8 210.53650 7.282 0.59 -24.1 3.8 423
3175.1 220.3 28.02484 10.819 0.45 24.8 3.8 359
3162.2 219.0 22.55203 10.063 0.31 -18.3 3.7 387
1215.3 227.3 68.21223 46.878 0.56 -0.2 4.5 775
1852.3 229.0 9.86943 1.865 0.47 80.8 1.4 51
941.0 237.5 20.98077 3.437 0.75 -74.5 4.5 233
2519.9 247.1 35.90164 7.213 0.65 -26.8 3.3 243
2513.4 248.7 31.08273 5.481 0.65 -26.8 1.8 135
1892.8 241.3 24.56712 11.577 0.86 -3.6 4 261
367.8 254.7 71.22627 5.586 0.34 18.4 4.5 603
2407.3 245.8 38.87370 17.794 0.32 -70.6 4.5 643
1144.4 245.5 49.03128 27.586 0.45 83.1 4.5 677
2915.9 249.8 21.87582 8.658 0.52 -54.8 4.5 353
3320.7 261.9 50.02966 9.634 0.58 20.9 4.5 449
2753.7 272.6 43.33077 3.581 0.98 -8.8 3.7 157
999.7 247.4 22.26031 12.536 0.37 56.7 4.5 449
941.5 266.1 60.82343 20.388 0.72 -28.7 4.5 551
3394.8 268.5 90.11807 14.453 0.56 -1.3 0.3 105
3248.0 283.4 45.42716 3.417 0.64 87.5 3.6 185
2249.4 255.0 7.49441 1.524 0.36 10.2 2.2 71
1967.4 324.4 458.27730 6.828 0.93 -30.3 4.1 417
389.2 271.3 39.40366 6.255 0.65 30.3 4.5 321
1589.6 289.1 59.81849 2.913 0.77 51.9 4.5 211
511.8 261.0 17.25263 7.620 0.44 -77.5 2.5 221
1348.5 287.2 51.48587 2.414 0.87 -63.0 4.2 155
1643.5 264.2 18.74024 7.205 0.80 -78.0 4.5 245
2706.9 265.8 18.80410 11.818 0.35 -2.1 4.5 445
1874.3 270.3 13.03086 1.275 0.28 -63.8 1.9 69
200.4 395.6 1332.82500 9.098 0.84 84.3 4.2 667
1669.1 276.2 18.17940 3.136 0.77 44.4 4.5 153
3940.3 286.6 41.16581 2.890 0.84 27.1 3.1 127
614.8 272.0 14.97361 4.112 0.68 79.9 4.5 193
2830.8 269.9 10.48727 1.861 0.31 -20.7 4.5 213
1754.9 285.9 23.81641 4.280 0.67 88.7 4.5 259
3502.7 419.1 1511.43300 7.747 0.90 86.4 3.7 535
275.9 293.3 19.77551 1.883 0.34 71.2 2.7 117
1245.9 283.3 12.98500 1.655 0.51 31.8 1.7 55
694.6 321.7 142.65960 5.773 0.57 29.3 4 369
2912.3 296.5 48.94194 9.130 0.52 65.4 4.5 469
64.4 297.3 27.16203 2.101 0.58 -14.6 4.5 199
2694.3 289.5 17.18301 5.872 0.40 -39.8 3 219
3588.3 309.2 42.34139 4.854 0.79 -86.2 4.5 243
1395.7 296.7 10.03406 2.400 0.76 27.5 1.1 39
480.6 297.3 14.27466 5.560 0.93 -22.5 4.5 181
3991.3 322.8 56.82888 3.852 0.87 -3.8 2.8 147
1471.4 297.3 15.48847 5.960 0.33 53.3 4.5 355
2976.8 380.8 462.13560 7.944 0.85 -45.1 3.7 441
2817.8 303.8 10.31142 2.443 0.86 75.5 2.2 67
2296.4 310.4 20.25904 3.218 0.71 -7.3 3.6 143
925.8 300.6 9.38955 3.960 0.48 -59.0 0.3 33
2418.5 363.3 214.64730 6.875 0.73 30.2 4.2 407
2727.7 331.6 52.47663 2.802 0.77 80.9 2.5 115
3072.9 310.3 15.62982 6.527 0.56 -89.4 3 195
458.3 323.4 14.02678 2.940 0.36 -12.9 0.3 31
3163.7 376.8 210.08040 7.723 0.56 -51.5 4 471
2965.4 337.3 79.69102 46.319 0.76 77.6 4.5 709
1705.3 443.2 1235.78600 8.136 0.99 89.6 4.5 603
2121.4 328.6 29.16490 22.297 0.84 -83.5 4.5 389
1470.7 329.5 10.40748 1.853 0.30 65.9 4.5 171
2324.3 345.5 21.44075 2.644 0.79 -76.7 1.4 55
4072.0 354.6 56.93638 4.593 0.54 -53.6 4.5 309
65.4 353.4 52.92642 4.038 0.69 47.2 4.5 259
1339.3 343.3 15.44499 2.372 0.49 -0.3 2 83
1616.8 333.7 8.70681 0.613 0.05 65.0 4.5 287
3902.8 343.1 10.65661 2.653 0.61 24.8 1.5 61
1682.3 376.0 104.44250 11.100 0.73 74.2 4.5 511
982.1 356.3 7.25237 2.379 0.99 38.0 1.1 35
274.2 428.7 309.55420 5.949 0.82 -71.2 4.1 375
4051.9 380.5 66.73235 9.538 0.78 -62.3 4.5 419
2914.0 360.5 12.16913 2.975 0.61 -43.9 4.2 143
2554.3 376.9 31.62029 2.979 0.55 44.4 4.5 229
2590.5 373.2 75.65491 39.092 0.63 85.4 4.5 733
2591.4 390.6 75.47061 5.084 0.96 10.3 4.5 289
341.8 377.6 15.28180 1.842 0.38 2.6 1.7 71
394.3 387.6 97.49048 13.289 0.99 86.0 4.5 509
2393.1 384.9 45.98446 9.701 0.49 -41.0 4.1 389
4131.0 370.0 9.01738 1.065 0.25 16.9 3 91
2922.6 403.2 108.67180 7.211 0.62 -32.1 4.5 405
3409.7 379.9 17.89164 3.756 0.43 -67.7 4.5 287
1241.7 385.6 28.93361 7.106 0.42 -63.7 4.5 349
343.4 414.0 215.82680 72.846 0.66 67.5 4.5 1229
1413.1 393.0 36.94716 4.047 0.24 31.4 3.4 307
3900.2 464.4 375.78810 8.767 0.71 -78.8 3.8 493
1066.8 395.6 41.69416 2.746 0.59 -59.7 4.3 195
502.4 425.6 237.75010 18.947 0.78 44.0 4.5 877
295.5 392.0 16.53496 0.805 0.67 -53.2 4.5 135
3751.6 399.7 21.06572 3.607 0.76 30.0 1.6 79
3629.9 390.1 10.59025 3.742 0.77 -72.9 1.7 77
2089.2 724.9 4226.77700 10.602 0.52 -49.4 3.7 1057
4034.4 406.7 23.72702 2.535 0.49 3.8 3.1 137
2476.7 400.9 7.98097 0.378 0.23 -68.9 4.5 125
1404.9 418.7 64.50839 6.182 0.76 -50.3 4.5 407
2662.5 403.6 14.81414 3.150 0.63 -3.6 4.4 157
4074.4 411.0 53.99977 25.144 0.50 83.7 4.5 665
2734.0 414.8 17.69898 1.993 0.92 -79.2 3.2 85
1884.8 421.6 21.62401 2.170 0.54 9.1 3 113
3465.0 451.7 150.87150 23.177 0.93 -80.2 4.5 681
1390.6 452.0 60.33481 10.644 0.56 80.0 4.5 469
636.4 421.4 9.32840 2.786 0.57 -18.3 4.5 155
4074.4 432.6 59.62762 35.418 0.35 84.3 4.5 847
2596.3 447.4 24.42303 5.428 0.44 -85.5 1.5 133
232.8 448.7 37.85410 10.103 0.75 29.7 4.5 369
1759.6 453.8 25.52674 4.361 0.83 -46.0 4.5 189
1851.8 445.3 45.18973 19.838 0.36 57.9 3.1 555
1819.5 455.6 19.27184 4.075 0.30 87.4 0.3 45
1853.0 435.9 28.95825 10.839 0.36 52.4 0.3 97
2551.6 510.6 137.75290 6.456 0.59 -73.0 3.4 333
4067.4 450.7 20.84445 7.068 0.24 -42.0 4.5 401
1618.1 445.5 11.89741 2.000 0.55 -7.7 1.4 51
4151.0 454.3 35.79719 18.249 0.81 18.6 4.5 415
1481.3 454.5 17.58926 1.501 0.63 66.5 4.5 123
664.6 477.8 81.45647 4.810 0.75 -40.3 4.5 381
790.0 474.6 15.41287 2.854 0.76 20.5 3.3 115
1933.1 483.7 128.31290 12.274 0.71 36.6 4.5 609
2505.5 456.8 10.11583 1.898 0.68 -4.3 1.6 47
2594.5 454.2 26.38354 7.463 0.48 -65.3 2 199
494.0 451.2 62.07462 35.415 0.72 25.4 3.6 575
681.7 461.5 56.87595 33.958 0.44 -53.1 4.5 745
3681.7 456.1 7.57635 1.301 0.21 -68.6 1.2 49
1990.9 475.4 37.71537 3.362 0.38 -15.5 4.4 265
1919.8 485.0 65.69420 8.462 0.78 -39.1 4.5 335
4168.5 464.1 60.24623 50.418 0.22 28.2 4.5 1197
4178.3 467.9 34.10241 18.409 0.41 21.5 4.5 559
1559.2 492.7 44.79589 3.628 0.73 46.2 3.7 181
4086.7 489.5 21.08514 3.365 0.79 75.4 1.9 85
119.0 625.3 268.20750 8.517 0.60 -11.4 3.9 499
2456.8 487.3 8.83571 1.226 0.42 -58.0 4.5 111
1839.7 576.7 661.21810 5.732 0.95 -17.9 4.1 407
1723.2 499.6 34.64370 8.128 0.44 45.1 4.5 451
2152.6 514.0 39.26131 2.502 0.88 -7.1 2.8 103
1747.7 542.1 157.09480 4.477 0.95 -0.1 4.2 265
1943.3 520.2 51.48445 8.897 0.63 72.4 4.5 367
559.6 508.9 21.37222 5.327 0.47 -88.8 2.4 177
522.1 519.9 58.95335 14.921 0.68 -58.6 4.5 527
1318.5 512.7 16.31083 2.448 0.46 -33.7 3.4 137
2511.1 512.9 51.41417 41.695 0.24 -89.9 4.5 1043
3174.4 522.7 31.11927 5.006 0.44 -36.0 4.5 373
866.4 514.0 8.52939 0.919 0.61 -35.6 4.5 101
3982.4 509.2 9.30626 3.520 0.83 42.8 0.7 37
1598.1 530.1 20.31414 3.161 0.60 -78.3 1.9 91
3292.3 532.6 39.91235 3.523 0.58 -9.0 3.3 181
3209.8 517.5 17.48697 4.361 0.05 41.8 4.5 775
1206.1 526.1 23.66185 8.204 0.90 46.7 4.5 259
2663.1 529.2 12.86839 2.777 0.70 64.4 1.9 73
2486.2 529.3 19.19827 10.737 0.88 77.7 4.5 273
297.5 549.8 52.91987 5.294 0.97 6.0 4.5 319
4139.3 581.4 121.57520 5.707 0.58 -83.3 3.5 315
3221.8 544.5 56.12324 17.555 0.81 -89.1 4.5 445
1359.6 545.5 19.62370 3.937 0.09 78.0 3.7 449
1225.7 536.2 12.18547 1.550 0.62 68.4 4.5 135
1724.3 546.1 56.98812 19.287 0.39 -21.6 4.5 697
3866.4 545.3 19.78914 5.138 0.65 -42.4 0.3 37
249.2 543.5 13.51353 2.316 0.52 -57.5 3.7 129
501.8 562.5 49.40333 8.237 0.83 34.0 4.5 317
508.5 539.9 93.30356 50.497 0.37 -63.1 4.2 1063
1015.2 572.1 75.95312 4.967 0.47 60.7 4.5 375
61.4 545.7 52.25765 32.599 0.42 20.9 4.5 749
2356.8 553.8 21.35023 4.060 0.43 42.3 2.4 157
2091.4 564.7 44.41223 2.501 0.99 20.3 3.9 135
3794.0 545.5 42.98421 31.978 0.33 -76.5 4.5 777
2327.8 596.3 149.34090 6.238 0.95 28.9 4.2 313
1438.7 577.4 79.49020 3.795 0.90 13.8 3.8 195
1536.8 557.3 11.85431 2.826 1.00 67.8 2.9 85
3637.7 561.2 34.10860 10.317 0.41 89.3 4.1 403
2985.3 558.4 33.34839 14.831 0.58 -72.0 4.5 453
1889.8 627.5 410.32190 5.577 1.00 -8.5 3.7 323
2037.2 556.4 19.02955 6.264 0.48 70.2 4.5 269
3357.9 577.1 54.39020 3.255 0.60 -48.5 4.3 223
3406.0 565.2 20.19465 2.486 0.53 -35.2 1.8 81
3638.0 582.2 74.69901 12.168 0.53 69.8 4.5 575
3563.8 566.7 14.62470 2.902 0.67 -35.3 0.4 25
1767.1 603.1 195.96400 9.226 0.49 -29.3 4.5 625
675.6 590.6 64.16779 4.960 0.77 16.5 4.5 333
760.1 568.5 18.87187 1.986 0.74 23.2 4.4 123
1497.2 585.1 50.20189 3.506 0.71 -39.6 4.5 235
1978.6 574.3 14.50319 4.649 0.44 -61.3 0.4 47
1364.0 559.7 12.73399 2.340 0.05 23.3 3.2 383
82.9 573.9 13.40078 1.163 0.98 88.2 4.5 107
3570.1 683.6 310.36800 7.060 0.62 28.7 4.2 487
1050.6 583.1 40.52723 4.696 0.76 76.8 4.5 315
2549.0 572.5 15.94706 5.398 0.28 28.5 4.5 351
4023.1 599.1 56.58623 5.789 0.82 -1.6 4.5 287
4042.7 589.3 83.94250 33.463 0.71 -37.0 4.5 701
3643.9 594.5 57.36131 18.273 0.47 76.9 4.5 573
3148.2 588.5 44.06538 11.710 0.55 -14.4 4.5 477
3909.4 596.2 28.69298 3.662 0.86 41.3 4.5 209
663.5 584.8 31.88031 9.177 0.60 21.6 0.3 65
941.9 608.1 34.28969 2.279 0.75 55.6 4.2 145
539.0 594.9 14.66925 4.935 0.46 -73.2 4.5 255
3124.1 607.7 26.40170 3.230 0.73 -42.2 4.5 207
1353.2 617.6 72.46413 7.812 0.50 -9.7 4.5 515
4051.0 605.0 73.30808 37.459 0.63 28.0 3.6 661
4111.6 638.1 102.62710 4.997 0.86 86.1 3.5 231
326.2 613.8 18.39443 4.630 0.56 78.4 1.5 101
261.6 664.6 277.96140 5.150 0.68 -62.1 4.4 399
1335.7 622.8 115.54370 25.445 0.50 -18.2 4.5 897
1319.6 603.3 30.83987 30.345 0.65 49.2 4.5 479
2814.2 644.4 109.20920 5.467 0.62 -34.8 2.2 191
1732.9 617.3 81.57816 68.184 0.79 -44.7 4.5 735
329.9 623.2 21.44500 1.748 0.31 -75.3 4.2 177
521.1 635.5 25.20038 2.614 0.67 -66.1 3.4 131
1624.7 642.8 36.07986 4.361 0.34 -47.7 2.4 201
626.5 662.5 120.17510 4.819 0.83 1.6 4.5 315
676.3 651.4 51.97340 3.092 0.70 -37.7 4.5 311
1017.2 675.3 130.23030 7.004 0.85 -41.9 2.9 253
2725.5 656.5 93.07990 5.738 0.62 23.0 3.4 281
2891.7 630.9 9.80528 2.843 0.71 -83.0 1.2 49
2589.0 670.1 81.39483 4.412 0.89 40.4 3.6 205
2387.7 645.3 14.92455 2.848 0.70 7.5 1.4 59
3395.5 774.3 1248.35000 8.055 0.86 72.8 3.6 531
334.5 667.0 42.68205 2.290 0.66 -83.1 3.1 127
2507.2 637.8 10.43384 2.767 0.20 -46.8 3 183
430.3 678.5 80.88647 4.529 0.89 56.7 3.8 215
1136.3 699.5 280.89460 9.812 0.67 -42.1 4.5 671
165.8 681.6 75.76052 2.550 0.80 69.8 4.5 231
657.4 679.5 91.29718 18.818 0.75 -37.9 4.5 607
4123.6 674.7 58.45104 18.600 0.66 -87.6 4.5 559
2296.7 663.7 31.99740 11.058 0.54 9.4 4.5 419
1274.3 673.3 25.01178 3.195 0.57 -41.6 3.4 159
3603.8 663.4 62.03132 40.240 0.72 -84.8 4.5 639
1431.8 675.5 48.35967 14.944 0.68 -58.6 4.5 483
3607.1 679.2 91.36670 41.663 0.88 -44.7 4.5 677
847.8 665.4 28.98906 23.863 0.31 0.0 4.5 649
2529.0 675.9 13.42048 1.344 0.26 -40.4 1.9 73
1403.6 672.7 17.96140 5.036 0.97 -67.2 4.5 173
3530.5 675.0 60.69640 51.872 0.43 -15.7 4.5 871
1432.4 703.7 37.75636 6.605 0.30 -80.9 1.7 221
3338.9 687.0 33.52106 6.242 0.88 -34.1 3.5 197
1553.7 691.5 45.36519 4.031 0.74 -32.8 4.1 207
2173.0 674.9 48.82146 42.820 0.98 -64.2 4.5 499
1768.4 695.2 26.14303 3.730 0.65 67.2 3.4 163
1067.9 688.6 17.68009 2.399 0.38 -59.5 2.5 121
2587.3 720.8 89.05875 5.293 0.56 -85.0 4.5 399
3075.3 697.5 37.07113 5.580 0.43 69.9 4.5 323
2723.4 697.5 48.62889 4.529 0.66 -83.1 4.5 285
1114.9 694.7 211.64020 60.577 0.71 -16.4 4.5 1103
649.6 686.6 113.79740 62.887 0.98 -79.1 4.5 767
2833.9 684.5 10.66757 1.894 0.45 20.5 4.2 131
469.2 716.3 151.60990 41.612 0.58 53.4 4.5 1017
2495.7 699.7 13.61143 2.843 0.52 79.9 2.3 103
1799.6 707.1 10.54056 0.660 0.33 79.1 4.4 91
1105.8 695.5 100.28250 40.479 0.76 14.2 4.5 715
464.9 705.8 79.84276 33.716 0.72 60.1 4.5 679
1832.7 714.2 30.24234 2.658 0.53 53.6 2.5 119
1535.1 704.7 36.12311 11.993 0.65 -22.6 4.5 395
1107.4 709.4 126.27940 43.619 0.75 3.8 4.2 783
575.3 737.2 117.37260 6.809 0.64 48.5 4.5 409
86.0 719.0 28.47622 4.601 0.35 -85.9 3.3 251
480.5 718.2 106.87200 57.154 0.72 48.5 4.5 849
551.9 721.0 39.15133 7.002 0.80 -27.3 4.5 327
1938.0 748.0 95.45226 4.389 1.00 -29.9 3 173
1758.2 720.6 14.74060 4.641 0.43 -44.9 1.4 107
4059.6 739.2 24.45405 5.382 0.72 88.1 4.1 207
2587.9 734.0 52.34184 19.537 0.73 -89.2 4.5 463
1135.4 750.7 53.33113 5.222 0.88 2.5 4.5 245
344.6 736.4 13.36138 2.067 0.29 -3.6 4.5 249
3071.1 747.1 16.33316 2.498 0.89 83.6 4.5 125
3572.5 731.3 9.12482 2.990 0.38 -19.9 1.4 79
483.0 748.4 43.78350 12.151 0.51 78.0 4.5 509
2829.6 756.0 45.99907 2.196 0.86 22.1 3.8 131
1655.6 740.9 13.96468 4.793 0.73 -62.6 0.5 43
363.4 737.8 15.28748 5.776 0.36 88.1 0.3 53
2327.8 768.1 68.52338 2.467 0.89 -53.8 3.8 149
1756.3 764.2 85.60893 9.432 0.45 1.8 4.5 579
2623.9 751.4 17.33714 2.745 0.48 -74.2 3.9 161
3719.5 775.8 108.37640 17.012 0.56 -30.8 4.5 687
3733.1 769.6 101.75880 19.583 0.60 -10.4 4.5 729
3240.8 781.0 89.13827 6.343 0.74 -47.3 3.7 287
2874.6 752.6 14.96777 2.977 0.45 -10.4 1.5 79
1047.0 753.0 7.47148 0.671 0.38 74.0 2.8 51
3895.2 760.9 23.44184 4.341 0.66 -13.8 3 157
1773.7 766.8 51.98083 9.413 0.54 -11.9 4.5 429
3176.9 756.6 15.79583 3.537 0.70 26.0 1.5 75
114.8 768.9 17.29012 2.046 0.59 84.6 4.5 173
3446.3 766.5 130.70520 69.400 0.77 -39.8 4.5 931
3070.1 777.0 46.02380 6.227 0.70 -73.5 4.5 359
374.0 883.2 2053.80300 7.291 0.86 -14.7 4.5 683
715.7 797.6 94.80897 7.828 0.57 43.6 4.5 429
3452.7 773.3 79.71387 39.122 0.83 -39.6 4.5 653
3101.3 768.8 9.00761 1.547 0.27 -4.9 2 77
2579.7 780.0 33.98481 9.682 0.49 88.5 4.5 417
259.6 765.7 8.10148 1.200 0.25 -20.0 4.4 133
2534.9 786.9 24.77910 3.671 0.61 7.9 1.4 83
2241.1 783.3 42.02013 17.992 0.34 -3.6 4.5 673
3119.1 790.9 18.73966 2.528 0.62 -64.1 2.1 85
2575.9 789.2 28.57242 8.093 0.72 -78.4 4.1 259
2257.0 783.7 28.38703 12.648 0.44 0.2 4.5 473
3702.4 782.7 96.95821 56.890 0.18 -0.0 4.5 1659
1498.9 790.5 32.44150 6.628 0.51 -87.1 4.2 295
3502.7 779.8 8.12621 1.673 0.44 -17.0 0.7 27
126.7 859.1 459.41260 8.478 0.93 -47.1 4.5 537
2371.0 785.8 8.76808 1.907 0.62 -67.9 1.1 37
2927.4 832.9 110.23920 6.766 0.79 -46.3 3.2 269
2404.2 835.8 113.16240 5.534 0.93 -68.8 3.7 251
1614.6 795.3 16.00777 5.040 0.56 -1.6 3.8 195
2968.9 818.7 32.62896 3.532 0.89 -3.3 2.7 119
2788.5 817.1 18.44034 3.424 0.47 20.1 0.3 29
3017.2 809.2 21.14793 6.684 0.64 -1.2 2 153
2482.2 810.2 11.96481 2.096 0.73 -27.6 1.9 59
263.7 827.3 24.59322 2.890 0.48 -89.2 1.7 89
313.7 817.9 19.49037 5.084 0.45 32.5 3 199
4166.4 820.3 46.37154 21.797 0.22 -52.5 4.2 809
4151.2 829.0 63.11967 36.499 0.52 67.7 4.5 743
2460.3 1071.5 5497.62000 10.424 0.82 -2.1 3.7 877
1713.5 848.5 15.81602 5.179 0.30 57.5 0.3 53
2120.5 834.0 16.36094 4.695 0.65 44.9 0.6 47
3985.7 829.2 17.10214 7.484 0.57 -11.9 4.2 245
3127.1 842.7 15.05342 3.292 0.86 -83.1 0.8 39
3200.5 834.9 21.38559 6.727 0.86 -53.1 4.5 223
1473.2 839.5 19.95152 4.086 0.77 -34.7 3 137
3439.1 920.2 509.69410 5.574 0.82 31.5 3.3 335
954.0 875.4 107.72130 5.583 0.61 -4.3 1.8 169
30.2 869.5 84.61924 5.939 0.82 27.5 4.5 307
1041.2 923.9 472.97780 7.317 0.89 78.1 4.1 447
2921.6 869.5 43.20732 4.586 0.49 -66.4 4.5 399
1384.7 848.2 7.99620 1.399 0.53 -40.5 2.6 65
451.1 867.1 24.94488 2.498 0.89 51.4 4.5 161
878.8 860.4 12.06776 1.486 0.47 9.2 4.5 141
599.1 947.5 774.55550 8.842 0.64 -28.5 4.5 747
967.7 877.4 88.28920 18.197 0.73 2.4 4.5 565
2163.4 874.8 24.57693 6.665 0.59 83.3 4.5 305
3198.1 867.9 24.80507 10.924 0.68 77.4 4.5 331
338.7 867.4 145.43620 20.937 0.86 -20.8 0.3 129
697.8 882.6 25.96385 2.700 0.78 -44.2 3.8 137
2792.0 890.5 56.68024 2.662 0.99 -16.0 4 149
906.2 863.0 15.38028 6.636 0.41 0.4 4.5 295
2543.3 870.3 9.43949 1.452 0.40 16.5 4.5 149
1633.7 896.9 40.02148 3.685 0.81 -48.7 4.5 223
1227.6 882.5 23.27121 5.314 0.36 7.6 2.7 225
1347.3 887.5 10.49541 1.719 0.27 -51.3 4.2 157
1478.0 885.8 17.46533 2.428 0.55 -61.7 4.5 199
1291.8 898.9 60.36884 3.337 0.77 76.1 4.5 247
426.6 916.6 229.74910 24.224 0.80 53.3 4.5 915
1216.1 877.3 17.98743 5.556 0.39 18.5 3.9 255
3559.3 893.8 16.38969 2.795 0.39 33.6 2.1 109
77.5 903.5 67.83023 6.326 0.78 -37.3 4.5 411
2986.8 886.9 9.91981 1.935 0.66 -11.9 1.1 35
3068.4 883.6 9.23523 1.697 0.33 15.0 3.5 121
2103.5 890.7 17.37575 5.080 0.95 43.0 4.5 197
95.8 896.1 140.81480 45.671 0.24 -39.2 2.9 1337
785.2 902.5 30.76375 11.700 0.76 60.4 4.5 365
2840.4 923.9 36.71344 4.984 0.52 41.3 4 257
4048.2 902.6 14.29018 2.953 0.33 -70.0 4.5 219
4049.6 1095.0 3715.99800 8.214 0.65 -51.1 3.7 775
3870.9 919.8 33.11304 4.494 0.68 -71.5 2.5 147
1452.9 903.5 10.72610 2.028 0.17 -36.4 4.5 325
260.7 911.7 18.90124 6.363 0.18 -24.6 4.5 479
529.9 912.9 9.38009 1.399 0.88 -61.3 1.8 37
4196.4 912.8 9.77951 1.385 0.27 -77.4 3.6 123
2697.6 909.2 23.97345 19.063 0.47 -19.7 4.5 469
247.0 918.6 26.80788 11.766 0.12 -32.4 4.5 851
3201.8 917.7 17.46248 2.385 0.57 67.7 4.2 145
3337.2 915.5 19.68978 7.253 0.30 -54.0 4.5 411
2667.1 921.7 17.30481 4.336 0.60 -61.5 4.1 187
3324.2 954.6 99.20232 4.785 0.84 -40.5 3 197
651.9 920.8 44.92424 34.538 0.68 -39.5 4.5 561
1403.4 921.2 11.39815 2.726 0.54 -1.9 1 51
943.2 935.0 20.81485 2.206 0.70 -48.5 2.2 77
2365.1 929.9 16.48011 3.938 0.79 87.4 2.3 105
3910.4 934.6 13.69664 2.406 0.36 -15.8 3.7 159
545.9 956.1 53.12122 8.777 0.73 32.7 4.5 407
1175.5 957.9 20.54704 2.988 0.77 80.6 1.8 77
987.9 943.3 8.65382 1.559 0.12 10.5 2.4 137
441.8 942.8 12.63626 1.664 0.05 45.3 4.5 431
533.5 942.8 59.33849 38.509 0.41 43.8 4.2 791
172.6 948.1 11.64698 2.318 0.68 -78.6 4.5 151
1855.5 1020.3 217.37430 7.135 0.53 -78.6 3.7 447
519.7 961.9 33.62756 6.517 0.43 -25.3 4.5 437
4166.8 996.9 58.49938 4.267 0.89 -48.6 2.6 143
466.7 963.4 14.08130 4.391 0.31 -14.4 0.3 45
861.5 976.3 27.41334 4.952 0.52 23.8 4.5 323
873.8 979.5 23.57284 9.681 0.49 -12.7 4.5 337
1963.9 984.8 8.71727 2.320 0.53 54.5 0.6 29
1148.5 995.5 34.34062 4.108 0.46 24.0 4 243
595.4 997.0 23.35725 6.985 0.36 -86.8 3.9 315
275.5 988.1 13.89372 2.937 0.59 26.9 2.1 91
2557.0 993.0 28.43272 5.718 0.28 -19.6 4.5 437
2999.3 996.6 18.79602 3.224 0.63 -3.5 2.4 109
3921.0 1007.8 44.03344 5.278 0.42 -18.7 4.5 379
2365.8 1012.7 56.78987 3.153 0.68 -3.7 4.2 203
986.4 1045.2 159.36250 7.785 0.77 -61.2 4.3 395
3428.0 1005.3 28.99470 2.223 0.99 44.2 2.4 75
1471.3 1175.0 4198.34200 7.720 0.83 39.0 3.9 721
805.1 1020.6 34.90404 4.031 0.40 -76.7 3.6 239
757.4 1036.7 70.43630 5.517 0.78 18.4 4.5 295
1739.6 1014.4 21.51089 2.573 0.50 14.8 3.2 137
15.6 1024.2 53.85963 8.241 0.68 -87.6 4.5 411
1608.5 1009.5 44.54292 28.735 0.35 3.0 4.5 727
992.8 1017.8 56.88270 21.488 0.85 -89.8 4.5 493
18.0 1042.4 58.92590 15.069 0.48 89.2 4.5 561
3501.4 1031.6 19.93177 2.961 0.50 32.5 2.7 129
2007.9 1034.8 14.94225 5.338 0.58 79.7 4.5 239
1800.9 1035.8 49.74251 30.715 0.81 45.2 4.5 523
62.1 1037.2 10.37223 1.313 0.27 4.8 4.5 219
2977.0 1062.8 61.34716 3.072 0.93 55.1 2.4 105
509.9 1046.5 9.97675 0.885 0.10 80.3 2.3 101
1808.8 1047.6 72.12706 41.182 0.81 -26.5 4.5 637
1959.1 1046.8 9.95879 2.003 0.31 26.6 2 89
570.9 1057.3 34.26787 2.829 0.54 -8.7 4.5 231
1197.7 1058.6 32.97334 6.406 0.51 31.2 4.5 339
1058.6 1044.2 8.01519 0.733 0.09 -7.6 4.2 163
11.6 1074.9 91.41209 4.673 0.78 -65.2 4.5 417
308.0 1073.5 78.84477 6.337 0.75 8.0 4.5 331
3254.6 1076.7 80.15381 4.778 0.89 -50.7 4.5 309
471.4 1066.2 48.80838 5.498 0.54 25.9 4.5 315
2207.4 1069.5 22.66262 3.898 0.71 -10.6 1.7 91
930.5 1070.5 17.25294 1.722 0.49 -77.2 2 69
3963.2 1065.8 17.78202 1.040 0.37 29.6 3.5 99
2608.7 1101.5 107.43040 6.793 0.68 30.2 4.5 377
891.5 1074.2 30.27265 3.741 0.64 43.2 2.5 131
1778.2 1072.6 47.74003 13.480 0.61 -35.9 4.5 443
2555.9 1095.5 99.15375 5.898 0.66 -86.5 3.8 301
1773.2 1073.2 47.51318 12.715 0.86 2.3 4.5 377
1381.1 1098.8 29.80316 6.593 0.80 -69.5 2.6 175
2214.0 1066.9 22.37445 4.272 0.52 -25.0 1.5 103
2906.3 1063.5 13.48935 2.798 0.48 -75.4 4.5 187
2359.2 1063.7 20.27885 11.060 0.89 57.9 4.5 269
3626.8 1078.3 17.42328 2.795 0.85 -20.2 4.5 165
1023.8 1085.1 30.11743 7.355 0.41 -8.4 2.2 229
487.7 1073.0 32.12039 25.508 0.35 18.8 4.5 641
2346.1 1160.7 324.64010 7.161 0.90 46.6 3.8 377
3986.1 1200.8 1204.80900 7.646 0.86 72.3 3.6 507
3214.0 1091.3 26.49415 10.158 0.36 -17.5 4.5 475
3771.1 1086.7 23.57715 11.784 0.56 19.0 3.9 321
575.6 1098.3 54.26126 38.301 0.53 12.2 4.5 693
2641.4 1105.6 30.24967 5.367 0.47 24.6 4.5 367
3329.4 1111.4 31.09437 12.685 0.46 -71.4 4.1 399
113.7 1117.6 49.38229 7.472 0.80 1.8 4.5 383
3995.0 1134.6 321.29510 75.244 0.57 -55.0 4.4 1491
417.0 1171.4 359.22380 6.530 0.82 -26.6 4.5 507
1782.1 1115.4 25.39822 8.808 0.20 68.9 3.6 465
205.1 1137.6 115.30120 17.744 0.64 19.3 4.5 715
3617.2 1162.5 175.79600 5.543 0.61 -58.5 3.3 307
2736.7 1114.4 12.34115 3.118 0.44 22.2 2.6 125
885.6 1116.0 14.08772 5.198 0.29 -82.4 4.5 345
3987.2 1148.3 278.71040 62.464 0.65 -46.9 4.5 1337
770.3 1132.6 17.19192 2.363 0.78 0.0 1.9 65
3931.8 1138.8 27.13851 2.513 0.89 -67.6 1.2 47
1797.4 1138.9 35.46906 19.459 0.45 51.0 4.5 557
2345.1 1124.5 66.95525 18.326 0.64 81.0 0.6 165
2331.8 1131.1 74.34178 42.522 0.69 70.9 3.8 669
3242.9 1144.3 12.10637 0.228 0.14 -3.8 4.5 175
2572.3 1143.0 10.17204 0.399 0.09 -60.3 4.5 211
3022.3 1144.2 18.68072 4.875 0.25 -9.6 4 307
1009.0 1141.4 8.86972 1.697 0.17 32.7 4.5 229
4153.0 1159.7 34.84361 5.751 0.76 -5.3 3.4 203
2158.5 1165.5 57.33743 2.908 0.78 -39.6 2.1 99
2598.1 1221.9 418.83810 5.211 0.82 -24.1 3.7 341
529.6 1147.9 8.70776 1.488 0.13 64.0 4.1 199
4160.4 1158.4 27.48197 5.050 0.49 -8.1 0.6 63
2829.0 1161.7 23.91137 2.648 0.75 82.6 2.4 93
1820.5 1162.1 24.17186 2.789 0.93 -24.3 4.5 155
3161.1 1150.9 9.72005 1.403 0.45 23.3 4.5 163
881.1 1159.4 15.92861 1.901 0.63 -20.0 2 65
1693.8 1160.2 11.80301 2.858 0.73 -53.0 1.9 73
3893.2 1172.6 36.74482 3.851 0.85 -37.3 4.5 211
3509.4 1157.0 12.92503 4.009 0.42 28.2 4.5 271
185.5 1159.0 58.89414 65.678 0.69 -5.7 4.5 711
1353.4 1207.6 101.96060 5.630 0.61 -82.9 4 325
2892.9 1211.8 142.20870 6.184 0.75 -18.2 3.7 313
944.6 1172.7 9.08303 1.833 0.66 0.6 0.9 29
2668.2 1237.2 260.31770 8.001 0.61 40.6 4.4 517
849.1 1191.7 98.06943 48.679 0.54 -42.8 4.5 921
322.8 1182.8 16.36330 2.046 0.53 -77.2 4.5 183
230.7 1185.9 35.67963 21.605 0.23 25.7 4.5 783
2865.5 1181.9 27.35755 14.233 0.33 37.5 4.5 551
1632.0 1209.3 20.36816 4.508 0.46 69.8 1.2 95
1563.3 1185.9 10.72610 2.199 0.49 34.4 4.5 175
834.5 1200.5 105.52030 48.850 0.43 -31.9 4.5 1059
1820.9 1188.5 18.19474 6.316 0.46 37.6 0.3 51
2683.6 1206.7 177.73460 57.031 0.68 -67.0 4.5 1075
3430.7 1201.2 16.92003 2.181 0.34 5.1 3.9 169
632.4 1219.1 87.56461 5.434 0.96 -46.3 4.5 335
505.6 1192.9 10.70183 3.049 0.60 -8.8 4.5 171
284.6 1210.7 23.12308 3.387 0.68 72.2 1.5 77
3217.9 1223.8 62.45143 10.064 0.59 -37.7 4.5 521
3193.4 1237.4 108.56520 9.499 0.59 -23.3 4.5 553
2002.7 1258.8 184.50680 15.922 0.58 -65.3 4.5 825
3861.5 1224.6 20.50226 2.555 0.84 33.3 0.9 35
2534.6 1222.7 28.65631 11.779 0.88 1.9 4.5 331
578.1 1237.5 85.06637 34.817 0.94 85.5 4.5 617
2929.0 1221.2 23.84971 7.376 0.56 22.5 4.5 333
454.5 1244.4 59.04012 4.766 0.99 56.4 4.5 259
2400.2 1238.7 33.17313 5.218 0.56 8.6 3.5 227
817.4 1258.2 151.92110 13.135 0.89 51.2 4.5 625
586.8 1247.4 108.10540 62.204 0.86 83.4 4.5 791
3955.8 1235.9 89.72604 65.426 0.68 -11.0 4.5 845
2546.9 1231.0 33.44109 25.413 0.68 15.7 4.5 465
3944.6 1227.8 52.99049 38.948 0.59 10.8 4.5 653
2518.9 1233.5 10.53878 3.748 0.28 -43.7 4.5 249
1452.1 1253.3 41.23659 2.790 0.39 -9.0 4.3 239
569.4 1289.9 168.88150 12.129 0.59 -77.0 4.5 659
3182.5 1244.0 107.81070 47.574 0.62 -8.1 4.5 869
1985.5 1281.0 169.09300 21.571 0.93 23.1 4.5 683
698.9 1239.7 12.47722 2.306 0.63 -67.1 4.5 155
794.6 1237.5 21.61831 10.621 0.09 30.5 4.5 903
1860.4 1259.0 35.59729 2.522 0.84 40.4 4.5 177
2413.5 1242.8 40.98075 22.702 0.50 17.3 4.5 579
847.7 1247.5 27.00078 20.963 0.34 -46.9 4.5 585
3761.0 1256.1 64.27113 40.577 0.39 -43.4 4.5 883
739.6 1277.5 13.13169 5.082 0.21 33.9 0.3 63
3586.3 1277.0 80.69518 11.712 0.75 87.3 4.5 515
84.0 1260.7 18.62793 2.529 0.54 -12.9 3.9 149
2609.3 1274.3 47.73632 3.960 0.65 6.4 4.5 281
3751.5 1266.5 38.84700 13.887 0.41 -48.2 3.8 459
3221.0 1266.9 16.17286 2.521 0.80 -24.4 1.7 61
2006.0 1277.7 248.99070 62.067 0.82 -79.2 2.7 939
1422.5 1265.1 53.38031 19.882 0.24 -14.8 4.5 901
818.1 1277.3 100.04910 31.331 0.36 -85.5 3.2 855
312.9 1281.4 28.68714 3.026 0.75 10.8 4.5 195
4165.5 1280.1 17.57310 2.379 0.95 -82.7 2 63
3466.2 1283.7 28.02566 2.324 0.79 -9.7 2.4 85
2321.0 1282.8 15.56120 2.706 0.46 -76.8 3.4 145
3116.9 1316.2 71.06684 3.747 0.80 -49.2 4.1 215
1675.7 1334.6 169.72200 6.836 0.68 -4.1 4.5 447
487.4 1283.1 15.95352 6.120 0.50 71.5 0.3 49
963.1 1285.2 9.95629 2.831 0.84 -64.4 0.8 35
3576.9 1306.3 50.36235 13.516 0.80 -29.5 4.5 421
158.9 1298.2 16.41391 5.482 0.63 -74.3 4.2 203
489.5 1294.0 15.34620 5.650 0.57 69.6 0.3 43
3534.7 1301.0 11.87121 2.720 0.27 -87.9 4.5 279
324.4 1330.4 100.72560 7.888 0.86 17.5 4.5 377
3938.4 1307.4 36.48030 15.128 0.46 -23.8 4.5 491
4114.9 1305.2 9.65524 1.643 0.43 -69.2 4.5 155
350.3 1319.2 136.40750 45.657 0.81 -8.8 4.5 821
729.4 1310.9 25.42225 11.300 0.58 -81.8 4.5 361
2269.5 1305.6 8.29296 2.999 0.47 25.6 0.7 43
356.0 1319.0 93.19872 29.342 0.68 -23.5 4.5 669
3281.5 1341.6 58.63408 5.825 0.93 -66.4 3.9 231
29.0 1326.8 22.43037 2.865 0.80 -29.3 3.5 125
3004.2 1321.5 12.89454 2.394 0.62 23.3 4.5 161
4196.5 1341.1 31.80465 7.122 0.50 76.5 4.5 333
1525.8 1330.0 30.24149 3.820 0.59 28.4 4.2 205
2292.5 1327.2 16.90973 3.391 0.51 -51.9 1.9 101
58.9 1320.4 11.84950 2.802 0.60 61.5 4.5 195
2170.5 1322.2 10.23283 1.551 0.81 28.4 4.5 135
892.0 1344.4 77.43810 12.951 0.49 -61.6 4.5 655
1045.4 1340.4 41.33327 4.441 0.89 -87.8 4.2 197
592.4 1346.9 73.38474 6.929 0.72 -85.1 4.5 443
695.0 1334.8 10.96420 3.749 0.45 70.1 1.6 97
1340.4 1353.8 57.16385 2.579 0.54 -9.2 4.5 263
3661.6 1339.3 13.01351 2.719 0.70 32.6 4.5 157
737.2 1335.0 17.61967 6.541 0.27 -25.2 4.5 383
3076.7 1357.6 45.50316 6.944 0.84 -72.7 4.2 257
134.0 1350.3 34.95435 10.520 0.44 69.9 4.5 483
424.5 1389.0 199.96160 6.013 0.70 29.1 4.4 393
3336.5 1370.4 77.29288 4.316 0.76 -85.9 4.5 323
1259.5 1358.0 30.84705 4.121 0.93 -51.2 4.5 195
4005.3 1350.7 11.75482 1.624 0.47 -45.4 3.9 113
3426.1 1370.4 82.62778 19.311 0.21 44.0 4.5 1039
3313.9 1348.7 20.36185 8.742 0.21 29.5 4.5 493
3902.0 1488.8 845.37180 6.404 0.76 -21.4 4.1 511
3080.2 1367.5 40.71434 7.960 0.67 73.3 4.5 311
3172.2 1351.6 14.36610 5.777 0.47 65.4 4.5 293
3234.7 1354.0 8.28038 0.712 0.06 -36.1 4.5 265
184.8 1364.4 19.57379 3.705 0.64 0.0 2.8 133
1862.6 1371.0 44.41048 16.494 0.75 29.2 4.5 457
4094.2 1378.8 35.66273 2.745 0.92 -38.5 2.5 93
3751.1 1370.4 16.35346 2.261 0.72 -0.2 1.8 61
3439.4 1385.9 57.60100 16.171 0.43 40.9 3 481
2271.9 1438.6 389.26140 6.043 0.91 -27.3 3.8 357
889.2 1378.7 53.41616 7.436 0.91 65.3 4.5 347
740.5 1370.2 14.24351 3.181 0.35 8.9 2.7 151
3997.0 1394.3 34.14499 4.198 0.39 85.3 1.2 101
3521.8 1388.7 42.00468 2.292 0.81 -64.9 2 73
1224.9 1398.5 72.14502 4.376 0.66 85.1 4.5 297
826.6 1374.2 11.92490 2.301 0.19 49.4 4.5 287
2220.7 1391.6 20.68908 2.308 0.70 -63.1 1.3 51
3341.0 1403.2 54.50341 4.507 0.80 76.1 4.5 237
1005.3 1434.0 252.06930 5.262 0.83 19.2 4.2 345
3604.2 1389.0 21.60915 2.676 0.36 -50.5 4.4 211
2645.7 1385.1 10.50105 2.596 0.64 -64.1 2.6 91
2169.3 1385.1 11.32979 3.384 0.65 27.5 4.5 151
2886.5 1435.3 174.03610 5.493 0.99 -73.3 3.9 279
1769.1 1389.3 11.31699 1.702 0.32 -48.2 3.6 131
252.9 1394.9 24.31110 7.130 0.32 -81.7 4.5 453
3887.0 1395.8 10.70515 2.337 0.18 -77.0 4.5 327
2630.7 1409.0 32.50329 6.103 0.41 38.3 3.8 299
879.6 1415.6 49.40943 12.593 0.65 -37.9 4.5 455
1062.3 1437.6 57.21135 3.875 0.40 -85.1 3.8 277
3152.1 1411.9 14.49688 3.311 0.41 -87.7 4.5 229
2625.6 1403.8 43.31239 20.080 0.32 43.7 4.5 719
857.9 1421.5 74.53159 22.167 0.72 26.1 4.5 611
249.4 1436.1 111.91540 7.822 0.85 58.7 4.5 467
887.5 1409.5 40.13605 23.427 0.45 -45.2 4.5 611
347.8 1419.8 25.16603 2.971 0.95 -81.1 3.1 109
948.1 1432.5 88.12027 12.230 0.69 -25.8 4.5 549
3160.2 1436.6 37.92987 4.057 0.94 61.0 3.8 169
2035.8 1439.9 35.88157 5.798 0.83 38.2 4.2 221
3716.5 1480.5 166.77070 5.182 0.71 70.8 3.1 255
2732.7 1431.8 14.67595 4.499 0.44 68.3 4.5 237
3715.9 1436.0 35.16944 9.018 0.55 -69.4 4.5 359
1725.7 1436.6 18.90013 3.381 0.76 -50.9 4.5 171
3894.5 1450.7 68.06829 9.861 0.79 68.8 4.5 455
4102.6 1434.8 16.74270 5.320 0.51 60.9 4.5 235
2695.6 1430.5 23.47386 14.284 0.62 -46.5 4.5 365
2266.4 1515.4 364.32260 5.876 0.73 48.6 3.6 371
273.3 1451.0 68.59614 23.791 0.30 8.0 4.5 915
1976.9 1459.9 30.21928 4.094 0.29 -80.7 4.5 371
755.2 1448.9 12.17806 1.713 0.08 -61.8 2.7 209
425.9 1465.9 53.08487 6.662 0.60 -84.2 4.4 317
4016.1 1446.1 16.53226 4.678 0.38 46.8 4.5 319
2462.3 1475.5 75.87235 4.699 0.84 81.7 3.9 231
933.7 1448.3 138.73260 44.681 0.44 -45.0 2.5 909
238.3 1461.9 87.37448 60.750 0.67 -25.0 4.5 823
2319.4 1457.4 54.33360 24.239 0.71 39.7 4.5 553
466.0 1481.4 81.77351 4.526 0.84 10.6 4.5 263
137.6 1464.5 17.69810 2.576 0.17 89.4 3 217
921.8 1460.2 85.30935 42.480 0.57 -47.9 4.5 799
1128.0 1464.6 9.09534 1.688 0.67 -50.6 1.1 33
1790.8 1489.1 56.53898 3.630 0.81 -66.1 4.5 275
3608.6 1475.1 18.11364 1.569 0.60 36.3 2.7 79
1727.0 1486.9 44.96946 6.672 0.67 -40.8 4.5 381
2557.1 1489.1 91.28562 20.624 0.73 -7.5 4.5 633
2646.1 1482.5 34.89928 9.135 0.81 21.5 4.5 311
819.2 1492.8 116.18730 50.663 0.81 -51.3 4.5 807
1703.1 1502.1 63.27431 6.896 0.43 35.8 4.5 409
837.2 1487.9 56.96385 35.745 0.70 -36.1 4.5 609
2544.5 1491.9 63.27927 20.544 0.59 -7.6 4.5 589
2487.6 1488.6 20.01423 4.380 0.48 37.7 4.4 227
3901.5 1514.6 428.54620 85.165 0.75 61.1 4.4 1493
3878.6 1519.1 177.91100 36.004 0.93 -58.9 4.5 841
3395.3 1493.2 17.97589 6.032 0.52 -30.6 4.5 271
3905.6 1531.9 263.58590 51.792 0.88 27.8 4.5 1063
2665.1 1491.3 44.38797 24.738 0.33 17.0 4.5 735
1061.0 1493.6 24.58330 7.413 0.67 -29.6 4.5 301
2866.6 1523.1 122.32530 9.451 0.83 -42.9 4.5 421
812.5 1513.8 75.91522 9.875 0.71 -37.0 4.5 507
259.2 1506.2 10.47855 0.413 0.02 -47.9 2.5 147
2430.4 1515.4 17.31749 3.054 0.74 -27.8 0.8 41
1006.9 1516.6 18.79471 2.096 0.72 67.5 3 95
229.4 1518.8 21.31781 2.032 0.70 -56.1 4 121
3108.2 1522.0 62.00075 11.076 0.85 62.5 4.5 429
2881.0 1526.1 149.40420 50.061 0.87 40.2 4.5 843
1724.8 1512.4 41.63375 15.128 0.19 15.7 4.5 863
3921.3 1539.2 152.33900 36.542 0.73 23.0 4.5 887
3420.2 1525.9 23.99208 4.553 0.99 -85.7 4.5 179
1404.1 1525.4 26.84401 8.284 0.68 88.6 3.9 259
789.6 1525.3 48.15254 35.319 0.46 -35.8 4.5 703
3564.2 1551.5 98.59285 4.087 0.97 42.2 4 215
740.2 1524.0 15.94898 6.439 0.64 66.1 4.5 243
1180.5 1556.6 79.70634 6.515 0.48 64.3 4.5 499
551.5 1529.4 17.19481 5.747 0.78 53.9 4.5 227
3583.9 1535.9 49.89933 18.264 0.38 -25.9 4.5 673
311.5 1593.8 336.75030 5.389 0.66 22.9 4 403
3806.9 1566.6 106.30190 7.250 0.78 22.7 4.5 375
3412.0 1537.0 50.60497 34.738 0.48 -2.2 4.5 699
2980.4 1593.4 224.40100 8.258 0.83 -61.6 4.5 515
519.9 1541.5 13.92328 5.014 0.98 -84.8 4.5 187
1883.6 1540.9 9.41666 1.202 0.15 -74.5 4.5 271
2877.8 1544.7 60.82292 33.558 0.60 39.4 4.5 641
3186.0 1551.0 17.81371 6.698 0.51 -72.8 4.5 285
1424.3 1551.0 20.99613 5.063 0.51 86.7 4.5 287
2965.7 1564.4 126.57480 71.880 1.00 4.8 4.5 801
3950.2 1544.7 18.14103 8.766 0.75 -87.9 4.5 275
3088.6 1569.3 60.94056 38.483 0.90 -84.1 4.5 565
1335.3 1563.6 15.57063 3.192 0.63 69.2 4.5 177
1980.1 1570.6 43.20944 9.463 0.80 69.0 4.5 367
2440.4 1579.0 15.95337 5.240 0.32 59.0 0.4 59
1206.8 1593.1 69.76916 5.900 0.73 77.1 4.5 351
2589.7 1591.4 60.58583 2.512 0.98 89.1 3.1 119
1068.1 1619.6 162.14770 5.703 0.63 -50.9 4.1 363
1768.5 1572.0 7.00150 0.502 0.08 22.3 2.4 75
1182.6 1656.8 409.24950 7.199 0.98 80.5 4.5 455
3113.0 1584.6 72.93087 27.284 0.38 43.0 4.5 847
841.6 1580.7 13.60522 2.623 0.17 -69.6 4.5 361
3822.0 1584.7 131.04860 84.319 0.74 33.4 4.5 997
838.0 1638.2 209.85770 5.992 0.64 39.6 4.1 393
3565.4 1588.8 12.70768 3.719 0.99 -35.1 4.5 151
353.2 1604.3 52.84991 4.417 0.67 4.5 4.5 369
2055.2 1596.9 19.15422 3.903 0.64 61.1 4.5 229
1722.8 1594.1 12.45030 3.656 0.58 42.7 2.4 115
2294.2 1622.7 69.41315 4.819 0.61 -19.0 3.3 239
3352.7 1622.0 56.16053 4.720 0.72 -84.1 4.5 285
3768.3 1603.9 16.47237 2.414 0.80 -59.7 3.7 113
1175.6 1625.7 211.94940 68.680 0.95 82.0 4.5 1013
81.2 1618.3 10.71450 0.774 0.28 10.4 4.5 123
3070.9 1620.1 21.70463 2.785 0.67 -76.8 3 119
652.2 1614.6 32.49918 11.501 0.48 -41.5 4.5 417
3937.9 1633.7 23.68303 2.949 0.67 54.1 3.1 131
1400.4 1630.1 10.49110 2.692 0.72 75.8 0.3 19
1362.8 1619.5 10.23874 2.123 0.24 -21.5 4.4 191
917.1 1630.5 15.58990 1.903 0.60 29.2 3.1 97
1881.9 1684.1 280.13730 5.376 0.93 -8.8 4 321
171.2 1729.8 869.46920 6.589 0.90 71.4 4.5 525
1601.2 1664.3 119.47860 42.796 0.64 -47.2 4.5 867
3021.8 1632.8 14.05770 4.020 0.32 4.6 3.6 217
3324.4 1638.9 31.79399 16.976 0.62 -45.2 4.5 429
998.4 1648.5 13.27753 3.411 0.78 -72.7 4.5 153
1605.5 1645.1 55.91589 63.796 0.34 85.6 4.5 973
2991.0 1653.0 24.28923 6.552 0.21 -22.2 4.5 509
1250.7 1678.4 65.43305 4.823 0.81 -12.2 4.5 269
1580.9 1666.9 54.53276 11.561 0.62 -18.2 4.5 465
405.4 1652.3 19.70872 6.692 0.36 42.4 0.3 63
1749.0 1783.2 264.93310 5.597 0.84 26.7 3.9 337
3729.4 1670.5 32.84065 4.052 0.50 -31.0 3.4 205
1153.2 1653.2 127.10890 65.897 0.99 42.2 4.5 801
591.1 1675.7 62.05093 10.767 0.93 -15.4 4.5 399
1429.5 1657.9 12.44814 2.428 0.59 -50.9 3.7 121
2146.3 1669.2 30.49865 5.252 0.40 -18.1 4.5 317
28.5 1667.2 12.84645 1.971 0.34 -66.7 1 49
3524.0 1655.7 11.93344 4.410 0.56 -11.8 4.3 179
1101.8 1661.3 8.54841 0.956 0.91 69.1 4.5 81
2965.2 1660.4 20.82850 8.311 0.47 5.2 3.3 271
2246.8 1678.7 21.15779 4.021 0.44 69.9 1.4 99
633.3 1667.1 16.01166 5.761 0.28 67.5 4.5 375
415.4 1664.8 27.28816 10.585 0.25 50.2 3.3 445
2801.1 1674.9 10.21770 3.098 0.74 84.8 1.2 53
922.5 1713.2 150.98220 7.112 0.67 5.2 4 383
3766.9 1678.4 12.66314 3.199 0.74 -11.1 2.7 103
4047.6 1689.6 17.30283 4.398 0.81 50.6 4.5 207
1561.7 1696.2 16.70824 5.522 0.65 76.8 4.5 221
2162.9 1686.5 39.11309 24.414 0.25 -3.8 4.5 797
2743.9 1691.7 18.25284 9.793 0.65 -54.2 4.5 311
804.6 1720.7 47.84816 4.016 0.53 -32.9 1.4 103
2663.2 1723.2 77.97671 3.603 0.93 25.4 4.5 215
893.6 1709.7 91.99577 71.366 0.24 28.9 4.5 1459
93.2 1708.1 16.56866 5.355 1.00 50.7 4.5 181
3473.0 1700.5 36.88432 18.654 0.68 31.7 4.5 433
3703.0 1714.9 13.12287 2.522 0.59 -88.4 4 135
213.7 1713.2 53.15241 50.004 0.80 -40.1 4.5 583
4072.3 1716.7 19.87564 3.415 0.53 -38.0 4.5 209
3923.8 1712.0 12.07488 4.123 0.98 -40.5 4.5 177
3056.8 1735.7 49.26608 2.453 0.89 9.9 1.9 73
1842.9 1713.8 10.92862 2.005 0.40 -51.5 4.5 211
1088.5 1727.0 28.58439 2.344 0.81 -32.5 3.4 115
3183.5 1718.7 10.47202 1.557 0.64 19.5 3.2 79
2130.5 1718.3 11.11482 3.553 0.73 -9.3 3.1 117
1744.1 1717.3 24.45139 9.661 0.12 -59.8 4.2 645
2694.2 1720.2 23.87850 9.757 0.27 -30.3 4.5 473
2937.7 1748.8 50.19475 2.744 0.86 -66.3 1.8 79
133.6 1722.2 65.53180 56.726 0.84 35.9 4.5 643
1741.4 1722.6 29.47992 12.791 0.11 -58.9 4.5 859
320.0 1770.5 180.18690 6.460 0.55 -50.4 3.3 359
3288.1 1739.4 31.35177 2.856 0.63 -4.1 2.1 101
1420.6 1739.7 41.51182 3.461 0.50 45.7 3.2 189
17.2 1746.1 31.18668 4.205 0.62 59.5 2.9 165
1823.8 1741.1 17.64038 1.980 0.82 66.1 1.3 41
1248.8 1734.6 8.56240 0.240 0.05 -69.4 4.5 279
109.5 1734.7 14.22527 4.091 0.46 -7.4 4.5 223
2763.5 1736.8 13.88637 1.625 0.77 -22.8 2.6 65
493.2 1736.9 37.97651 25.869 0.44 -19.9 4.5 613
3096.9 1736.2 27.26693 29.623 0.98 48.7 4.5 367
622.8 1735.0 11.29098 0.842 0.12 6.4 4.5 291
728.0 1738.1 20.88656 9.334 0.60 -78.1 4.5 301
2318.0 1754.0 25.94170 2.380 0.84 78.7 1.5 53
473.7 1748.9 15.30888 4.863 0.79 -51.4 4.5 197
3659.1 1811.5 331.84620 7.250 0.63 19.3 4.1 491
724.6 1757.5 22.00577 6.194 0.61 81.7 4.5 263
2982.1 1754.2 11.06930 2.335 0.68 -16.8 2.5 81
268.2 1756.3 15.74862 2.220 0.67 27.4 2.4 81
3903.1 1753.6 11.55591 2.242 0.72 43.9 4.5 127
3813.8 1761.2 24.99692 3.003 0.91 47.9 1.8 73
1266.0 1763.3 13.67709 1.473 0.60 -74.9 1.5 43
1062.7 1761.9 8.72667 1.120 0.23 83.4 0.7 27
61.7 1760.0 8.16484 0.459 0.04 79.2 2 87
2037.9 1776.6 22.23571 3.715 0.35 -89.8 3.7 225
3497.7 1785.1 37.74775 5.048 0.46 77.7 4.4 289
1767.6 1775.1 171.58640 49.387 0.67 -10.7 3 869
2002.7 1772.0 18.82495 2.678 0.68 -43.5 4.5 215
1228.5 1779.5 12.36762 1.840 0.31 -52.7 4.5 169
2841.6 1789.1 35.95504 2.843 0.45 -58.4 3.3 177
1334.2 1789.2 34.23417 3.240 0.68 -15.1 2.2 111
1884.6 1779.6 8.15594 1.046 0.62 64.5 1.7 35
3379.2 1775.7 12.34072 3.082 0.34 63.9 4.5 265
2501.8 1782.5 10.50969 1.442 0.45 -41.3 4.5 149
2883.7 1789.8 14.49217 1.552 0.53 -2.9 2.1 63
47.7 1798.2 21.91287 4.301 0.55 -7.5 0.4 39
1525.4 1791.5 39.33666 22.487 0.35 -87.5 4.5 681
1528.4 1809.0 35.97254 5.167 0.50 -60.4 3.3 233
1102.3 1802.3 34.43246 5.636 0.49 11.6 4.5 365
4173.4 1897.0 588.69780 4.955 0.79 60.9 3.4 333
2421.4 1811.0 28.76206 2.503 0.78 -18.5 4.3 147
1453.2 1820.6 55.18991 3.627 0.64 4.9 3.6 199
2930.8 1823.9 84.90477 6.984 0.85 -35.8 4.5 387
838.3 1824.8 104.86100 28.573 0.76 -29.7 4.5 713
823.3 1838.9 124.15460 9.361 0.67 -35.3 4.5 509
3577.7 1809.1 38.08316 9.750 0.79 -6.4 4.5 347
1591.3 1804.3 8.18830 2.524 0.84 -48.1 0.3 17
3651.2 1826.3 174.92900 53.106 0.92 55.9 4.5 887
1005.0 1822.2 17.82612 3.602 0.46 63.0 0.6 49
2922.2 1859.6 228.49200 5.297 0.75 -50.3 4.2 351
3033.1 1814.2 14.75238 1.855 0.71 36.9 1.1 35
724.0 1823.0 54.80835 13.057 0.35 8.3 4.5 653
2544.8 1816.2 23.37188 8.892 0.81 -17.2 4.5 293
2365.9 1817.9 16.43572 2.521 0.18 -66.8 4.5 391
1211.8 1825.5 20.51144 2.780 0.95 46.8 3.2 105
3019.3 1872.1 129.87080 4.744 0.49 -49.7 2.7 251
384.6 1838.5 26.66430 3.241 0.79 -42.0 3.4 139
740.3 1828.1 70.57263 24.786 0.43 46.7 2.3 553
616.6 1837.5 42.82053 26.954 0.44 71.9 4.5 655
3152.4 1863.4 96.85426 5.231 0.51 22.0 3.8 323
169.3 1928.8 764.66770 6.552 0.71 43.6 4.5 583
754.5 1850.6 21.43894 2.757 0.32 -21.7 0.4 33
1662.7 1838.5 7.72381 2.034 0.71 -18.4 0.6 23
1757.8 1852.6 14.96747 2.110 0.53 -58.7 1.4 55
838.2 1851.8 68.17742 27.353 0.71 12.5 4.5 617
509.0 1865.2 69.66556 6.041 0.87 28.8 4.5 313
1434.9 1934.2 605.47330 6.037 0.83 12.6 3.6 393
2364.5 1840.8 19.74674 8.256 0.19 7.1 4.5 495
1991.0 1844.5 61.56829 28.093 0.40 45.0 2.5 619
2030.4 1854.2 71.65263 31.675 0.80 -45.3 4.5 583
3313.0 1847.7 16.04416 4.883 0.29 -37.5 4.5 373
2011.9 1873.2 93.37258 5.028 0.89 69.0 4.5 345
1635.7 1891.6 107.19150 5.674 0.68 80.6 3.5 279
2916.4 1875.6 82.69416 6.453 0.76 -72.1 4.2 305
2307.3 1859.5 17.64772 2.146 0.81 3.1 0.9 31
4083.3 1875.7 86.51047 5.947 0.62 22.4 3.1 261
1110.9 1855.8 12.40460 2.088 0.56 -55.6 4.5 169
3796.5 1868.9 44.48883 3.468 0.74 -16.5 2.3 117
4079.7 1885.0 96.53622 5.970 0.80 -7.3 2.6 209
2001.9 1857.9 99.25359 46.770 0.42 45.0 3.6 969
3733.1 1860.6 17.91339 4.377 0.73 64.9 3.8 163
778.0 1866.9 20.58561 6.754 0.30 20.9 4.5 373
399.3 1966.6 740.00900 6.066 0.80 -59.5 4.4 509
801.0 1876.9 28.40115 4.347 0.61 35.5 3.2 179
1911.7 1867.6 20.95274 9.645 0.33 85.3 4.5 403
2582.5 1882.9 19.63538 3.675 0.36 -76.2 4.5 303
2689.2 1899.0 55.16906 3.251 0.85 2.4 2.8 129
988.2 1892.3 51.56198 6.312 0.76 -37.1 4.5 279
1519.5 1876.0 10.31819 1.063 0.09 -24.2 0.6 35
2524.5 1889.8 23.43353 2.226 0.75 67.7 2.2 77
328.8 1891.8 46.29222 8.292 0.44 -83.4 4.5 441
2346.9 1888.2 23.90498 3.961 0.51 52.2 1.8 113
3083.4 1881.9 10.45601 1.420 0.99 88.6 2.2 45
3061.9 1883.4 11.03941 2.745 0.45 25.0 3.4 137
1149.5 1900.0 41.21547 2.894 0.59 75.8 2.7 133
3023.0 1944.9 162.69200 6.925 0.76 75.9 4 357
1003.8 1888.8 66.27489 30.628 0.44 1.1 3.3 695
1709.2 1949.6 72.16919 3.482 0.75 -56.3 4.1 213
1287.1 1922.3 45.40306 5.907 0.54 -72.2 4.4 305
3983.6 1916.1 41.46088 3.367 0.74 40.1 2.9 139
1794.8 1958.4 249.51280 5.342 0.95 10.1 3.7 287
3700.6 1905.0 12.38224 1.188 0.71 9.8 4.5 99
3839.1 1907.8 10.58428 3.140 0.64 -2.3 1.7 75
3470.6 1911.2 26.13119 12.390 0.45 -22.3 4.5 447
2274.2 1928.6 42.34306 3.824 0.85 -26.0 3 145
3635.5 1922.4 13.78570 2.078 0.31 -58.8 4.5 221
2521.5 1922.9 24.59791 3.513 0.71 2.7 4.5 221
323.4 1913.1 16.64460 6.556 0.31 -43.3 3.1 269
4052.6 1922.0 13.73801 2.995 0.73 -72.5 4.5 147
75.2 1932.6 16.65822 1.903 0.79 -1.5 1.9 55
2794.3 1960.3 186.07580 7.896 0.86 19.8 4.5 433
127.6 1931.1 70.48135 40.633 0.73 6.6 4.5 669
3269.1 1964.2 26.00638 6.443 0.11 35.3 4.5 637
3936.7 1927.8 27.33422 11.590 0.84 -85.5 4.5 323
4117.9 1926.0 7.60123 0.191 0.03 -71.7 4.5 269
1893.0 1976.1 120.89530 4.471 0.75 76.7 3 211
2492.0 1938.9 16.89563 2.553 0.73 89.5 4.5 139
2340.4 1935.9 19.23317 6.732 0.29 35.7 3.9 327
682.7 1946.9 41.07731 5.113 0.90 88.4 4.5 273
2547.9 1939.0 19.06703 7.450 0.45 82.5 4.3 287
2790.5 1945.2 80.23262 15.873 0.71 -69.5 0.3 101
2297.1 1983.6 114.79100 5.325 0.71 52.9 4.3 313
2548.4 1948.7 15.76083 4.462 0.58 -72.2 1.7 103
1222.6 1948.5 15.03040 4.828 0.52 50.2 3.4 183
789.5 1944.5 13.07819 3.837 0.44 16.7 1.5 95
2167.2 1949.3 12.41521 3.913 0.66 -27.8 3.8 149
62.6 1969.0 37.21323 2.364 0.98 -58.7 4.5 179
1838.2 1959.3 48.83192 25.249 0.35 23.6 4.5 753
2246.6 1972.4 88.29881 49.276 0.89 -19.7 4.5 691
1664.2 2019.5 141.08430 4.684 0.62 -73.5 2.6 213
2783.7 1984.8 106.59310 20.776 0.87 -13.4 4.5 631
3962.4 1986.8 41.03546 2.892 0.44 77.4 4.5 349
2257.6 1975.8 96.90070 42.544 0.66 11.0 4.5 789
994.5 1984.3 25.15543 2.529 0.38 33.0 3.9 191
678.5 1984.2 26.07720 2.283 0.99 34.1 2.2 71
3768.3 1981.4 11.36617 0.593 0.08 -72.1 4.5 223
850.6 1970.8 8.86352 1.537 0.55 -32.8 3.8 93
1265.1 1985.1 14.10147 2.560 0.23 -86.2 4.5 323
3474.2 1979.1 12.29266 2.394 0.69 10.8 2.6 87
4159.7 2025.1 74.84795 4.078 0.51 42.5 2.4 177
2772.2 1980.6 111.45170 37.822 0.59 -15.8 2.8 717
810.6 1985.2 23.87315 5.557 0.34 30.6 1.4 149
2771.0 1977.8 58.22338 14.301 0.59 -34.7 0.3 101
3390.9 1985.4 13.71586 1.942 0.67 0.5 1.7 55
2222.3 1992.1 59.95470 24.810 0.76 -44.3 4.5 561
3281.8 1978.7 27.35968 19.348 0.67 60.6 4.5 413
1237.7 1989.4 19.64089 4.646 0.54 -21.4 4.5 295
14.5 1989.3 13.01932 2.556 0.38 8.7 4.4 177
2711.7 2010.6 44.35425 5.723 0.62 -68.2 4.5 341
3712.3 2005.0 9.46136 0.618 0.07 57.7 2.2 91
3775.2 2017.1 34.00593 2.190 0.92 86.0 2.4 79
2694.7 2036.8 103.77100 5.808 0.64 -49.7 4.1 325
1223.6 2017.7 19.05221 1.577 0.58 43.0 4.5 169
1114.2 2012.7 8.18387 2.796 0.52 -18.0 0.5 31
1281.7 2012.2 9.27761 0.974 0.34 26.7 4.5 169
158.6 2036.4 72.08032 4.269 0.76 -20.8 4.5 323
2663.0 2019.9 18.03321 3.523 0.77 -17.7 2.9 121
3817.7 2025.3 24.67154 3.911 0.67 40.9 3.6 169
4046.5 2149.4 1139.92800 8.538 0.76 -40.9 3.4 543
3810.9 2020.5 26.82273 13.315 0.55 33.8 4.5 375
169.2 2032.5 78.12984 37.950 0.60 -19.8 4.5 751
949.1 2041.9 19.73413 1.399 0.31 75.1 4.5 241
3416.1 2035.6 10.35959 1.435 0.23 72.0 4.5 227
856.1 2043.0 11.18656 1.802 0.65 28.2 0.6 21
1867.9 2037.2 7.90639 2.323 0.85 -88.6 2.8 73
2959.4 2042.3 29.56666 17.542 0.42 41.7 4.5 523
1888.1 2075.5 76.89608 4.204 0.87 44.9 4.1 221
3242.0 2139.7 358.49660 11.009 0.57 -63.8 4.5 723
995.9 2040.7 24.07478 19.379 0.50 -23.9 4.5 451
2531.1 2098.3 170.24540 4.245 0.73 69.8 3.4 247
3110.1 2051.3 11.11992 1.861 0.52 -8.7 1.1 39
3168.7 2081.5 62.56664 5.702 0.81 86.7 4.5 277
1686.6 2070.6 36.32905 2.039 0.77 -49.1 1.7 59
2141.4 2052.5 9.68796 0.776 0.34 38.6 4.5 119
1492.1 2077.0 52.28675 2.182 0.96 -64.5 3.5 117
1941.9 2055.1 8.70770 2.118 0.39 80.8 1.7 69
1880.5 2067.0 85.83006 40.214 0.64 31.0 4.5 773
54.7 2065.2 10.74461 1.813 0.31 40.4 3.4 131
171.7 2072.2 28.12141 2.742 0.79 88.1 4.5 181
1606.2 2102.0 120.79110 4.227 0.99 -39.2 3.5 203
3444.9 2065.6 13.86295 1.553 0.21 -84.3 4.5 239
548.8 2118.5 200.92680 5.607 0.79 -58.6 4.5 373
1589.4 2061.3 18.86601 7.844 0.33 56.7 4.5 383
2727.4 2080.6 19.48804 2.190 0.92 -71.3 0.6 23
3593.6 2080.6 28.72854 5.944 0.80 8.7 4.4 223
4172.5 2080.7 22.71631 3.857 0.92 29.7 3.7 145
3752.7 2106.6 99.76028 5.853 0.81 58.1 3.3 249
1617.0 2078.8 52.57714 35.911 0.73 -72.4 4.5 583
2081.2 2079.0 12.31853 3.317 0.54 -82.9 3.8 151
3075.8 2079.1 18.60033 4.092 0.74 64.4 2.2 111
2957.4 2090.9 62.11647 15.302 0.67 -7.6 4.5 511
2553.0 2086.6 57.89545 29.468 0.62 4.0 4.5 615
3655.3 2090.5 24.81294 7.885 0.98 58.8 4.5 259
2932.1 2103.7 41.14162 5.641 0.85 -12.9 4.5 259
884.7 2108.4 48.99902 3.930 0.53 -13.9 4.3 253
2804.9 2107.5 35.98112 3.707 0.87 -47.1 2.6 121
1218.5 2156.1 122.31350 9.496 0.64 18.7 4.5 543
51.0 2107.8 15.95785 1.984 0.78 12.9 1.7 51
847.1 2120.8 48.35721 22.855 0.36 79.7 4.5 697
1830.4 2114.9 8.53435 2.297 0.26 59.1 1.8 95
3638.7 2114.0 9.89907 2.395 0.87 -19.9 2 61
1646.4 2123.8 9.70736 1.807 0.37 -62.0 2.6 93
3956.6 2128.1 9.86945 1.125 0.24 -83.8 4.5 171
3807.2 2138.2 27.41829 6.261 0.54 -69.9 2.9 215
408.9 2141.4 38.16498 7.793 0.55 1.3 4.5 375
963.6 2141.7 27.85123 4.436 0.49 -44.5 4.5 251
848.7 2138.6 30.47697 14.237 0.83 40.8 4.5 345
3732.4 2141.5 60.47546 48.100 0.86 26.2 4.5 599
484.8 2156.6 30.25111 5.697 0.44 -32.6 4.5 375
3389.8 2156.6 25.79068 3.995 0.65 33.7 4.5 251
1514.9 2151.5 40.97438 18.418 0.45 75.6 3.6 493
3611.8 2153.3 10.34964 1.036 0.21 21.7 4.5 219
475.4 2168.7 46.58171 6.166 0.89 -31.7 4.5 289
1516.5 2165.2 39.45674 9.991 0.68 69.2 3.8 309
3006.1 2150.7 23.79867 13.809 0.35 -59.3 4.5 489
1717.2 2191.3 80.56817 3.544 0.93 76.3 2.6 135
3109.6 2195.3 129.51760 6.164 0.66 -1.1 4.1 349
2998.7 2164.0 23.04105 11.293 0.31 -75.8 4.5 493
2798.0 2170.3 30.47374 5.189 0.52 -12.7 3.9 245
3069.6 2174.2 53.70085 15.755 0.67 20.9 4.5 515
1234.6 2169.6 100.76890 38.965 0.40 28.4 3 881
1267.5 2182.8 29.40159 2.924 0.91 57.5 4.5 183
3957.1 2173.9 16.57008 2.031 0.69 82.5 1.3 43
2892.0 2167.2 8.28581 1.010 0.66 -69.5 4.5 85
99.9 2185.9 40.70715 2.247 0.73 -25.1 3 113
1830.6 2173.4 44.23776 26.147 0.38 87.4 4.5 703
2926.8 2188.4 42.58979 1.999 0.85 -7.9 2.2 73
2334.5 2181.1 22.28855 9.553 0.88 -1.6 4.5 261
3397.1 2205.1 130.23990 12.868 0.89 50.1 4.5 549
2116.1 2178.7 11.18574 1.939 0.53 -66.9 4.5 147
2632.4 2239.1 179.10350 9.271 0.82 80.3 4 409
441.2 2212.5 87.16937 6.058 0.61 -87.9 4.4 345
2955.9 2200.9 39.01723 2.277 0.79 12.4 2.1 77
1355.6 2191.6 15.35176 1.845 0.16 41.0 3.5 203
781.2 2191.4 9.93620 1.339 0.41 -83.8 3 85
2156.3 2199.6 48.27740 6.774 0.63 59.1 4.5 415
2269.6 2198.9 9.24253 1.729 0.62 46.6 3.5 89
2422.1 2205.3 12.18735 2.932 0.75 69.8 1 45
3420.7 2226.9 153.12850 47.827 0.58 46.7 4.5 1053
3724.5 2207.6 14.80190 5.098 0.73 -78.0 4.5 229
2245.9 2231.8 48.23050 2.788 0.85 -25.7 2.7 111
46.1 2209.0 8.05285 2.066 0.90 67.0 1.1 33
1944.4 2218.9 23.12887 2.511 0.85 16.6 4.5 153
2917.0 2252.5 82.30433 3.574 0.95 -63.2 3 151
976.9 2221.3 21.53415 7.629 0.45 48.4 4.5 347
2069.9 2252.6 73.98016 3.602 0.62 89.7 3.3 203
1733.8 2302.7 25.50463 5.654 0.46 -75.6 3 223
743.2 2230.8 32.17582 21.304 0.97 53.6 4.5 375
3991.8 2229.9 13.90967 5.233 0.47 73.7 0.3 43
3006.9 2251.6 51.56055 3.005 0.92 -89.0 4.4 175
1238.9 2234.3 12.91236 2.182 0.36 47.1 2 91
3433.4 2254.1 91.04640 33.316 0.69 69.2 4.5 733
448.6 2233.8 33.86670 16.442 0.45 34.6 4.3 469
116.9 2249.8 16.18101 2.214 0.64 -83.7 0.5 23
30.1 2265.9 54.76706 3.791 0.91 80.0 4.1 189
3170.6 2255.9 18.70490 2.824 0.70 61.3 4.5 157
1091.4 2312.4 268.40990 6.968 0.68 56.8 3.9 423
3943.1 2244.9 8.46985 1.883 0.63 56.6 2.8 77
1249.6 2287.9 155.81420 13.287 0.67 49.8 4.5 667
307.0 2303.0 337.61210 5.288 0.67 -6.6 4.1 397
3230.8 2253.4 20.40568 10.302 0.70 52.5 4.5 273
1199.0 2250.9 27.70444 16.193 0.25 48.6 4.5 635
1775.1 2256.8 18.05432 4.432 0.33 13.2 4.5 301
2850.9 2299.2 111.20360 4.165 0.77 -65.0 3.1 199
4062.5 2256.2 7.87896 0.797 0.24 -5.2 3 77
1923.8 2268.8 35.53138 16.268 0.51 24.4 4.5 505
1228.9 2268.5 133.56090 83.461 0.42 26.1 4.5 1319
1631.7 2298.3 78.46274 4.618 0.75 2.4 3.3 213
2777.7 2279.9 49.57898 12.493 0.67 -41.1 3.8 367
811.6 2280.8 36.43113 4.174 0.99 -20.5 4.5 193
425.4 2280.2 30.59193 12.407 0.22 42.0 4.5 655
2929.7 2288.8 50.97648 4.719 0.85 62.2 4.5 287
2023.9 2281.7 27.53248 6.179 0.82 70.2 3.3 189
2658.2 2287.6 18.98814 5.777 0.64 81.1 2 137
2125.0 2276.8 25.97863 8.278 0.39 37.3 4.5 391
2766.7 2288.5 63.44878 9.472 0.64 -26.3 4.5 449
1946.8 2282.0 29.38971 10.311 0.64 30.4 4.5 375
2511.3 2314.8 129.33400 7.094 0.54 31.9 4 411
500.5 2281.7 19.34794 6.538 0.37 31.2 4.5 363
1561.9 2298.6 71.30522 15.301 0.93 29.5 4.5 485
2013.6 2286.9 31.11077 13.996 0.49 0.4 4.5 435
2715.1 2288.8 13.65073 2.884 0.79 44.0 1.7 67
1427.2 2286.9 57.31654 24.712 0.21 -49.3 4.5 983
150.4 2297.9 20.59829 2.458 0.59 70.5 2.4 99
3255.6 2294.5 14.84428 3.630 0.48 -38.4 2 111
2213.5 2344.8 147.37920 7.215 0.55 64.4 4.3 443
1545.0 2290.7 74.77744 58.733 0.53 37.3 4.5 869
3796.6 2314.2 50.36748 3.215 0.70 50.5 2.5 129
1640.7 2300.6 54.05365 10.413 0.72 25.3 3.1 299
4131.9 2340.5 120.12040 5.764 0.75 -20.3 4 309
3887.0 2296.4 8.70657 2.215 0.67 10.3 0.4 21
968.4 2298.5 9.85695 1.897 0.14 -38.2 4.5 317
3726.0 2348.8 104.74230 4.661 0.88 -36.8 2.9 189
1552.1 2314.9 31.54111 18.148 0.52 -70.1 4.5 467
2457.1 2318.6 62.97673 53.635 0.60 -17.1 4.5 739
489.0 2316.0 27.59120 9.862 0.49 -7.4 4.5 419
2465.6 2321.4 40.66466 15.740 0.52 -3.7 4.5 519
1090.9 2334.0 166.62890 54.020 0.48 26.5 2.6 1027
1705.6 2334.4 13.01545 1.198 0.21 -20.1 1.1 43
2430.7 2340.2 26.08367 3.816 0.61 4.9 4.5 225
1109.1 2339.7 102.02850 42.882 0.43 31.6 3.4 923
664.9 2343.5 22.38257 4.462 0.79 -29.8 4.5 191
870.0 2342.4 12.13158 2.194 0.80 -78.3 1.4 45
1023.9 2361.9 57.96133 2.783 0.99 55.8 3.7 145
785.0 2356.4 53.81147 3.357 0.64 -21.4 3 165
2138.5 2341.9 12.68874 2.869 0.32 10.5 4.5 275
4192.0 2345.5 29.36343 10.796 0.28 -22.7 1.9 323
1043.1 2419.5 233.37930 9.177 0.49 -51.1 4.5 609
40.1 2345.3 15.52800 5.156 0.38 59.9 0.3 49
3863.3 2355.1 17.08905 2.721 0.56 7.0 1.1 53
4180.6 2350.8 31.13690 13.440 0.28 -14.2 3.4 495
1472.6 2349.1 11.18584 3.319 0.50 59.9 4.5 201
3822.4 2359.4 13.06890 2.584 0.82 84.2 1.1 43
2433.0 2363.0 19.51365 4.185 0.89 40.1 4.2 157
270.8 2383.6 49.86143 3.946 0.60 -46.7 3.5 205
2774.6 2422.2 264.60960 5.055 0.98 30.9 3.6 273
1083.3 2389.3 85.57419 10.537 0.81 -32.8 4.5 507
3788.6 2378.9 27.08480 2.997 0.79 -34.2 1.8 77
3035.5 2371.8 19.87921 4.750 0.48 -24.1 3.2 193
1046.4 2398.1 151.94250 41.084 0.73 -89.6 3.8 801
1798.7 2370.4 18.05923 6.638 0.45 -27.6 4.5 329
2789.4 2390.9 67.02866 19.696 0.68 -58.1 4.5 591
1775.2 2392.0 31.27713 2.520 0.64 -44.7 2.2 93
2220.0 2382.2 29.80865 12.695 0.53 77.7 4.5 403
342.1 2519.5 805.71150 8.570 0.57 76.3 3.8 637
3907.3 2389.6 21.79303 5.168 0.43 34.5 3.1 215
305.2 2380.0 29.82489 13.334 0.34 17.5 4.5 547
1453.2 2388.6 33.75799 17.354 0.43 4.9 4.5 533
1490.2 2392.6 16.50663 6.244 0.51 6.3 4.5 301
796.0 2407.2 16.40760 2.795 0.29 -55.3 2.2 135
3668.1 2469.2 244.47350 5.585 0.97 71.3 4.4 341
3296.4 2405.0 30.97050 21.249 0.39 68.2 4.5 575
2627.1 2412.2 10.79250 2.447 0.37 -25.2 4.1 161
521.0 2415.5 17.10561 3.272 0.56 80.7 4.4 175
3925.4 2411.3 10.64840 3.760 0.50 -48.4 1.5 87
233.6 2421.1 13.83510 2.627 0.86 42.4 1.1 41
2010.6 2446.8 149.68140 5.123 0.77 -12.2 4.2 311
1643.4 2429.5 34.01054 4.784 0.90 -84.2 4.5 237
3365.1 2431.8 38.01751 6.801 0.75 -16.9 3.2 219
2751.8 2442.1 109.86140 48.171 0.74 -45.5 4.5 821
526.8 2786.7 10802.75000 10.249 0.57 -38.4 3.7 1175
3814.9 2462.6 91.23408 3.980 0.92 -58.4 2.9 161
59.8 2431.0 18.12968 4.438 0.60 24.0 4.5 201
354.4 2438.6 22.25162 2.578 0.84 -21.4 4.5 153
3372.6 2436.7 39.78551 11.615 0.57 4.2 4.1 373
620.9 2428.1 27.60615 20.108 0.59 -78.0 4.5 443
3323.8 2467.3 97.06316 11.246 0.84 80.4 4.5 457
3030.3 2460.5 89.16084 7.213 0.67 22.0 3.7 319
2143.9 2437.7 15.67320 3.273 0.96 11.4 3.9 123
1887.1 2440.5 14.69553 1.597 0.49 -76.9 4.5 167
2400.1 2588.4 1339.48000 6.145 0.68 -59.4 3.8 533
3660.2 2448.6 191.52400 67.108 0.73 74.4 3.3 1011
3309.7 2449.8 132.54210 77.743 0.76 11.7 4.5 943
548.8 2478.0 35.10610 33.571 0.46 -83.3 4.5 605
724.9 2446.4 24.34026 7.296 0.73 25.6 1.4 125
3289.6 2457.7 53.18296 10.206 0.73 -5.5 4.5 437
1483.3 2459.9 12.58840 2.229 0.70 55.1 0.6 25
1372.7 2462.7 73.96854 20.227 0.69 62.9 4.5 561
5.4 2466.8 46.64771 4.182 0.61 72.6 4.5 295
2835.7 2459.2 12.36566 3.333 0.38 -67.6 2.9 151
1768.7 2472.8 19.98566 3.292 0.52 -40.0 1.9 99
1392.0 2481.5 71.17087 8.641 0.84 66.6 4.5 353
3016.3 2472.0 88.77882 50.583 0.88 80.9 4.5 699
1345.1 2471.2 21.62811 7.762 0.56 -12.8 4.5 335
1391.0 2496.8 84.91751 27.421 0.81 63.2 4.5 633
522.6 2472.2 19.39430 10.722 0.44 1.9 4.5 385
239.9 2530.7 274.81460 5.695 0.65 21.3 4 401
3748.6 2496.0 52.30444 3.003 0.55 -22.2 2.1 117
1218.4 2479.4 14.14423 2.817 0.48 -16.9 2.4 111
3417.8 2505.7 57.29231 6.125 0.57 -87.3 4.5 347
3426.9 2484.2 49.51640 35.358 0.45 -67.2 4.5 715
4197.4 2501.7 37.00159 1.702 0.27 -79.9 4.2 215
2478.0 2495.2 23.80362 2.569 0.87 80.5 4.4 137
449.3 2502.4 15.24582 4.576 0.12 -46.2 4.5 431
2868.1 2503.3 39.70252 4.227 0.79 -18.7 3.5 179
3629.8 2500.5 56.51923 55.026 0.65 -26.3 4.5 687
3490.6 2507.0 12.89510 2.712 0.37 51.5 4.5 195
3913.4 2509.6 17.66117 3.978 0.51 87.2 4.5 219
1525.7 2522.8 12.03744 3.612 0.59 42.4 3.4 143
4023.0 2520.3 26.73640 13.699 0.61 -82.5 4.5 393
4032.0 2595.4 285.41680 8.755 0.86 42.2 4.5 535
1038.8 2547.9 56.16972 2.771 0.59 22.7 4.5 221
2040.7 2568.8 161.99170 4.576 0.99 -30.5 3.5 227
3548.2 2543.9 18.44958 2.343 0.78 88.1 1.2 45
2437.4 2555.7 84.49197 19.324 0.69 -47.6 4.5 635
1862.8 2542.5 13.29952 2.670 0.84 -22.3 0.9 37
3332.3 2577.1 100.19070 4.384 0.78 81.0 3.8 239
1800.9 2600.1 264.20760 4.326 0.66 -7.4 3.5 299
1907.1 2549.2 10.12610 1.654 0.89 -71.9 1.2 31
3620.5 2545.0 13.71520 4.660 0.72 -1.1 2.2 115
21.0 2553.6 32.72587 14.312 0.45 -57.5 4.5 489
2386.3 2621.3 330.72970 13.749 0.67 63.8 4.5 771
923.8 2580.9 79.67217 3.855 0.86 -49.9 4.5 255
2658.8 2569.8 49.76672 9.965 0.65 61.5 4.2 351
2087.9 2577.3 60.65232 5.001 0.89 48.5 4.5 241
2261.6 2565.6 11.07221 1.798 0.36 22.8 4 137
2308.0 2569.3 16.70677 3.646 0.68 -59.5 0.9 53
2844.3 2632.4 267.52950 5.849 0.83 72.9 3 273
243.9 2625.8 223.16860 6.766 0.73 -14.7 3.7 363
3993.6 2581.3 35.29835 11.339 0.62 -43.9 4.5 423
493.8 2632.6 269.24770 5.484 0.66 -25.9 3.3 323
2660.6 2578.4 68.67970 24.280 0.45 72.8 4.1 671
3229.3 2592.9 38.32669 2.843 0.97 17.6 4.5 159
4050.3 2586.6 186.17170 75.162 0.97 29.8 4.1 943
2998.8 2597.8 26.57565 4.188 0.66 82.9 2.9 153
1719.7 2594.1 35.46658 11.523 0.34 -67.1 4.5 509
994.8 2583.7 26.46734 11.282 0.68 -23.5 4.5 363
2424.2 2626.5 115.09840 19.456 0.67 36.6 4.5 701
2093.1 2594.1 54.57736 29.865 0.60 71.7 4.5 627
806.1 2606.9 51.38773 5.682 0.49 -3.7 4.5 373
3550.2 2625.3 98.46152 4.474 0.81 -18.7 3.3 213
3465.1 2598.3 32.53656 15.246 0.42 71.5 4.5 513
3739.6 2619.8 118.84040 28.690 0.68 -12.1 4.5 749
842.9 2606.1 21.26833 2.453 0.70 -13.9 2.3 87
975.1 2598.9 45.29100 20.230 0.55 57.1 4.5 527
3475.8 2628.9 140.89590 4.986 0.81 -52.6 4 283
3953.6 2602.4 10.20260 1.974 0.41 -75.6 1.3 55
447.3 2602.1 9.05218 2.052 0.50 58.5 1 41
1714.4 2605.5 22.92852 7.076 0.49 -61.0 0.3 55
2897.3 2602.7 10.25216 1.264 0.35 -39.3 3.6 105
403.3 2606.8 11.58913 1.566 0.95 -17.6 4.5 89
3800.5 2608.4 14.34437 0.772 0.26 -17.2 4.5 187
2563.6 2605.5 32.68485 21.780 0.55 -77.0 4.5 491
976.1 2607.0 20.28220 5.815 0.39 70.6 0.3 55
777.9 2638.1 81.48241 4.107 0.97 -56.5 4.5 241
3110.3 2618.7 27.46951 2.669 0.70 -50.7 4.5 199
1567.8 2605.0 10.31913 1.761 0.26 9.1 4.5 205
925.2 2634.4 68.61609 7.406 0.66 48.5 4.5 349
3701.0 2621.7 85.56771 66.501 0.73 11.6 4.5 787
2272.1 2631.9 32.95783 2.625 0.68 60.6 2.5 107
1974.8 2628.5 14.19724 2.011 0.62 29.0 2 67
3619.8 2641.9 65.00536 11.547 0.75 -46.2 4.5 489
3859.6 2643.8 51.79808 2.461 0.84 40.8 4 153
2983.9 2628.5 8.78032 0.840 0.21 56.3 4.5 163
936.7 2641.7 49.62697 7.713 1.00 0.9 3.1 215
2482.2 2632.8 18.05243 7.983 0.50 14.2 4.5 329
919.4 2695.0 276.39530 7.429 0.90 79.2 4.5 429
2228.9 2639.2 13.35615 3.007 0.73 -54.8 2.8 103
2554.3 2635.3 15.02738 4.709 0.57 85.0 4.5 257
3136.7 2648.4 18.54955 2.957 0.31 -18.1 2.5 151
3187.1 2646.6 13.81088 2.265 0.82 -79.6 0.4 17
1347.0 2659.5 40.46504 2.590 0.93 29.9 1.8 67
2919.5 2647.0 14.89164 2.804 0.71 -37.7 2.9 105
3089.5 2647.8 13.10390 2.357 0.76 42.7 1.7 57
4075.6 2646.2 9.76878 2.889 0.69 -11.5 1.3 55
2330.1 2646.6 8.92880 0.387 0.03 24.6 4.5 369
3597.7 2659.7 58.28706 28.866 0.99 -82.0 4.5 499
2991.9 2731.4 296.48340 6.519 0.87 -42.3 4.3 393
1792.3 2668.9 33.42385 2.454 0.77 34.2 2.4 93
1506.0 2654.7 9.75328 1.853 0.40 59.2 3.2 109
1850.0 2673.1 22.35361 5.090 0.17 -64.9 4.2 403
1441.9 2661.5 9.51577 2.462 0.84 -17.1 0.3 17
599.1 2669.8 52.24973 19.850 0.81 89.3 4.5 491
1746.5 2669.1 15.68625 1.423 0.64 -7.2 4.5 125
435.1 2671.4 21.03584 1.595 0.56 -4.4 1.6 51
984.2 2707.9 101.37390 5.766 0.97 -3.0 4.5 295
1549.1 2778.7 370.78440 7.113 0.53 -64.8 3.5 473
740.1 2697.5 48.77926 3.034 0.60 69.2 2.6 137
2497.1 2690.6 15.57972 1.452 0.35 45.0 4.5 173
3488.3 2688.8 35.39834 3.085 0.36 -14.8 2.7 173
1292.4 2717.7 91.74902 4.082 0.88 -7.2 2.4 145
2297.4 2690.9 9.89108 0.389 0.04 46.3 4.1 169
2947.3 2730.0 87.93462 13.161 0.86 15.2 4.5 499
4174.4 2719.4 61.43556 5.226 0.78 -2.0 3.4 219
3327.5 2727.2 86.79896 4.649 0.79 37.5 3 195
2767.8 2721.6 43.96457 2.192 0.94 88.3 2.7 91
272.5 2757.2 192.69720 4.305 0.82 65.8 3.3 231
2899.5 2716.5 17.92429 1.956 0.45 -88.0 2.5 97
3384.4 2698.2 20.70275 12.013 0.52 -51.1 4.5 379
1998.2 2715.4 40.99110 10.345 0.81 45.9 4.5 347
3064.4 2713.0 14.82756 2.108 0.18 -85.3 3.6 209
2675.9 2733.1 64.31474 4.898 0.80 -17.7 4.5 323
3109.9 2716.4 23.57248 4.416 0.54 -35.7 4.5 265
1535.8 2735.6 88.70174 25.500 0.85 65.5 4.5 607
1352.5 2733.5 40.88822 4.953 0.58 -0.1 2.3 167
783.0 2720.5 13.71885 2.000 0.53 75.0 4.5 145
3054.4 2728.7 45.78228 13.240 0.45 -19.3 4.5 549
4050.2 2733.6 21.85980 2.507 0.77 -37.5 2.5 91
128.8 2736.6 59.68468 18.978 0.56 18.2 4.4 533
2313.1 2774.4 156.10710 5.817 0.72 86.5 3.5 297
705.3 2728.7 10.13290 1.428 0.26 -20.1 4.5 217
134.5 2734.0 42.61863 9.458 0.48 3.9 2.9 315
3041.2 2890.3 2421.70300 7.541 0.99 -68.7 3.6 531
3907.7 2738.9 20.03203 4.112 0.70 -58.3 3.3 151
903.4 2743.6 26.61208 3.448 0.40 -65.9 4.5 323
116.0 2734.8 41.64582 14.902 0.45 17.1 1.7 311
2177.5 2732.8 8.12179 1.644 0.38 -13.1 3.9 117
3451.6 2797.9 216.16810 5.735 0.89 85.9 4.4 345
2309.2 2744.1 38.57195 32.663 0.62 63.9 4.5 547
2595.1 2756.1 14.89847 2.841 0.82 -7.4 2 73
3470.6 2756.6 20.31417 2.757 0.37 -32.9 4.1 195
3088.3 2776.6 19.90864 3.209 0.37 -42.7 0.8 59
1791.8 2758.3 22.69114 8.056 0.26 0.4 4.5 497
2038.9 2789.7 41.72120 4.579 0.92 80.8 4.5 249
1678.2 2761.0 27.48545 14.529 0.28 -34.7 4.5 593
2854.4 2769.9 22.50302 3.261 0.75 -87.6 2.7 115
2960.0 2763.6 13.18313 3.906 0.25 -78.7 4.5 289
1642.1 2781.2 40.98647 3.772 0.56 -11.6 4.5 343
2565.0 2764.0 9.20900 1.380 0.23 1.3 0.4 21
3310.4 2772.4 11.76452 1.820 0.57 -27.4 2 63
601.2 2784.8 107.04320 47.131 0.82 -58.4 4.5 767
2471.7 2805.1 93.28799 5.002 0.91 -33.3 3.3 211
346.5 2787.0 14.78265 1.593 0.32 59.6 3.6 133
1615.8 2783.0 11.32532 2.373 0.95 69.7 1.6 49
3427.1 2803.7 116.84010 43.998 0.56 -65.7 4.5 947
2709.8 2793.8 20.75076 5.252 0.59 40.0 0.8 73
854.4 2942.5 1739.68300 9.349 0.72 65.2 3.9 723
1225.1 2820.3 68.05723 4.809 0.52 33.9 3 237
1460.4 2798.1 23.66166 3.896 0.89 26.9 1.2 63
2700.9 2789.4 20.70290 5.222 0.57 20.4 0.3 39
3810.8 2789.8 17.04218 2.827 0.88 67.0 4.5 157
3124.9 2807.9 56.47225 3.471 0.97 -59.0 4.5 199
2397.2 2819.9 66.72593 2.105 0.84 -0.2 2.3 85
3505.5 2805.5 69.76573 16.896 0.93 5.9 4.5 453
3610.5 2801.4 16.88715 3.383 0.38 -12.0 1.7 111
64.3 2831.9 27.04845 4.510 0.67 51.3 4.5 261
1687.3 2815.2 29.12478 3.489 0.53 77.7 2.4 137
2320.6 2815.2 59.41922 23.453 0.67 60.3 4.5 577
3101.7 2810.1 58.96731 21.219 0.41 37.8 3.9 627
3359.3 2810.4 18.93481 1.770 0.70 0.4 4 111
4123.8 2812.9 18.57933 3.056 0.97 -17.8 2.2 81
3106.4 2814.8 58.32140 25.409 0.39 38.6 4.5 733
3426.8 2819.5 82.76312 37.582 0.75 -61.8 4.5 691
3519.1 2813.8 81.17704 47.065 0.34 40.6 3.7 1007
107.4 2810.6 8.53170 0.767 0.04 -33.0 4.5 409
413.1 2816.6 34.09858 23.734 0.68 45.4 4.5 461
2543.0 2823.4 31.65572 7.378 0.47 16.3 4.5 409
204.5 2819.5 16.28703 6.771 0.56 -68.3 3.4 213
216.3 2850.7 77.13720 5.657 0.79 49.0 4.5 305
729.8 2833.1 12.99673 1.183 0.14 66.7 4.5 297
3621.2 2870.2 142.72700 5.267 0.87 -57.3 3.7 265
2657.3 2841.2 58.89179 21.911 0.62 -4.6 4.5 587
2673.2 2842.1 44.94762 8.602 0.95 74.9 4.5 307
2043.6 2832.4 13.97624 2.377 0.19 55.9 3.7 215
3060.2 2849.6 240.39900 109.564 0.74 35.4 4.5 1339
1282.6 2837.1 18.70405 2.935 0.36 3.1 0.3 33
3255.4 2833.2 9.42939 1.531 0.28 -11.3 2.3 85
311.2 2836.5 19.31076 9.909 0.47 -34.8 4.5 367
2849.5 2857.2 41.98400 2.303 0.91 5.5 2.9 103
422.8 2872.5 94.94221 14.262 0.63 -87.7 4.5 587
2362.1 2902.3 345.99800 5.358 0.66 13.6 3.8 381
300.7 2853.9 23.07747 2.408 0.45 -41.3 4.5 235
4034.2 2859.8 21.61945 2.687 0.69 68.4 2.1 85
1045.7 2850.5 12.14125 2.658 0.69 18.0 3.4 111
3132.2 2850.9 7.54128 0.016 0.34 -32.1 3.1 7
1116.5 2884.0 110.88590 4.982 0.65 26.3 3.4 263
660.2 2858.9 12.69754 2.740 0.69 60.3 0.7 35
997.5 2878.1 71.77341 4.833 0.76 38.3 3.6 229
851.3 2904.1 413.11640 95.523 0.85 36.2 4.5 1477
3558.5 2862.6 14.43243 1.121 0.75 52.7 4.5 109
3654.0 2885.9 321.19880 120.142 0.51 6.8 4.5 1825
1089.8 2854.0 39.93865 40.299 0.84 26.6 4.5 487
2776.1 2868.0 20.56741 2.867 0.52 -16.9 3.4 151
3670.8 2885.7 136.09720 16.951 0.65 -3.4 4.5 739
814.3 2863.5 25.85040 13.259 0.35 30.0 4.5 503
3142.7 2896.0 69.78228 16.251 0.84 5.0 4.5 501
1741.0 2881.7 33.45530 2.677 0.80 32.2 4.5 169
2477.9 2876.1 15.97768 2.669 0.74 -62.8 2.5 91
837.9 2869.6 98.27694 50.213 0.85 52.4 3.7 699
1422.3 2946.3 201.80800 6.561 0.63 -43.5 4.2 415
17.4 2886.2 45.41574 13.621 0.35 -69.4 4.5 551
1290.5 2878.4 23.24860 5.522 0.90 -47.3 4.5 211
4196.7 2878.7 36.23483 24.760 0.26 -85.0 4.5 773
114.5 2880.6 36.94167 21.578 0.28 -2.8 4.5 707
178.3 2876.2 26.75440 13.101 0.37 -87.3 3.3 401
177.3 2884.5 37.90682 23.732 0.40 -84.6 4.5 609
1018.0 2889.7 52.55674 15.528 0.40 27.3 3.4 503
11.5 2905.0 65.48312 16.874 0.29 -64.9 3.1 631
1926.9 2896.6 26.29872 5.550 0.49 -43.3 4.5 321
1026.2 2889.9 32.85037 7.972 0.44 9.5 0.5 91
2587.3 2885.3 7.67349 0.388 0.08 2.3 3.7 109
4190.2 2898.0 51.48114 16.526 0.72 -54.7 4.5 469
4151.1 2906.6 27.48223 3.982 0.87 71.8 2.1 101
3407.6 2899.6 20.20389 2.100 0.61 -0.4 4.4 143
3155.2 2902.8 54.00526 15.750 0.79 86.2 4.5 423
2874.9 2908.8 41.79347 10.926 0.42 -88.6 4.5 505
2035.7 2916.1 44.12733 2.374 0.90 61.3 3 107
3692.8 2900.4 20.62419 7.427 0.42 27.4 4.5 359
4196.8 2906.8 71.08581 39.036 0.40 66.2 4.5 893
2872.2 2922.5 39.90966 4.839 0.67 -78.8 4 229
2322.3 2920.7 92.18592 35.293 0.46 -31.8 4.5 893
3584.3 2918.6 12.91505 2.861 0.69 -49.2 1 45
1450.2 2912.3 103.09170 23.508 0.31 -58.1 0.8 377
695.4 2918.9 19.53578 8.632 0.45 12.3 4.5 371
2301.9 2930.9 50.86359 17.113 0.68 -18.1 4.5 505
3366.4 2934.7 30.89552 11.080 0.83 60.2 4.5 337
1294.5 2943.2 31.68812 3.723 0.88 -6.2 4.5 177
494.3 2928.0 10.89929 0.657 0.30 -35.0 4.5 163
3024.2 2951.5 168.93140 35.021 0.81 -41.7 4.5 859
3142.0 2929.4 9.89165 2.731 0.58 -76.1 1.4 59
5.4 2943.1 25.81349 2.392 0.43 -56.1 4.3 189
3007.7 2954.5 164.59520 47.797 0.80 -32.9 4.5 929
3821.0 2948.4 21.08885 2.118 0.98 36.6 4.5 145
3548.8 2942.6 23.23451 2.385 0.97 12.6 4.5 151
3858.4 2935.4 7.61679 2.285 0.76 -75.0 0.3 17
3315.8 2937.1 10.81722 3.804 0.48 -6.2 2.9 139
1783.4 3041.8 746.07860 6.328 0.86 -5.1 3.4 389
2588.1 2954.4 37.05156 7.216 0.83 61.9 4.4 255
2555.8 2946.0 11.40307 2.957 0.18 -51.0 4.5 329
2381.4 2948.1 23.73631 9.522 0.29 55.5 4.5 507
2655.0 2962.1 53.72730 6.372 0.64 -23.2 4.4 303
1480.2 2954.9 10.56512 1.203 0.50 59.4 4.5 123
3769.7 2966.8 25.71931 5.022 0.74 -65.4 4.5 223
4006.1 2976.5 100.68280 16.501 0.80 50.5 4.5 589
2166.8 3040.0 264.06320 6.182 0.91 43.2 4.5 395
1886.3 2963.6 26.76230 9.536 0.65 -63.4 4.5 361
1426.9 2965.8 55.22925 31.384 0.42 26.4 4.5 731
1261.8 2977.0 18.94537 3.319 0.86 63.9 2.2 89
2606.6 2978.8 57.98147 20.275 0.74 -23.5 4.5 537
3539.2 2967.7 10.94498 3.326 0.38 -33.2 0.8 59
3946.3 2978.5 9.89449 2.143 0.61 -14.1 4.5 161
3259.9 2989.8 11.49311 2.335 0.38 57.0 4.5 201
2708.9 3008.5 41.59751 3.338 0.84 -67.8 2.7 125
991.4 2992.2 18.36080 3.735 0.47 44.5 4.5 279
2266.0 3089.7 856.74990 8.197 0.73 40.1 3.7 551
3841.6 3005.3 21.22001 2.264 0.77 -88.0 2.1 71
2797.0 3016.0 45.92099 3.210 0.87 -24.9 4.5 205
2300.8 3005.9 20.66525 2.501 0.54 -64.0 2.4 103
3531.0 3047.1 105.22580 5.087 0.78 68.3 3.2 227
3440.1 3009.6 23.78278 1.642 0.74 15.3 2.3 67
3395.3 3010.5 54.84512 24.177 0.43 -13.9 4.5 705
1220.4 3087.3 423.31390 6.041 0.73 74.2 3.3 361
1475.0 3000.0 19.31524 6.043 0.65 -60.2 0.3 43
1472.1 3008.5 24.45321 3.962 0.64 -53.6 2.9 149
181.0 3017.3 37.55199 7.104 0.67 27.5 4.5 343
1365.0 3059.2 166.67590 5.570 0.85 -63.1 3.2 253
3380.5 3009.1 41.98768 27.290 0.61 3.1 4.5 549
733.8 3019.2 13.51866 2.929 0.72 -73.6 0.9 41
1906.0 3012.1 13.17511 3.237 0.70 -26.5 2.6 103
4097.7 3029.2 52.09522 3.648 0.54 -15.2 4.1 239
2395.0 3010.5 8.80167 1.260 0.74 -52.9 4.5 93
4154.7 3035.0 46.77644 4.780 0.78 44.2 4.2 223
2427.4 3034.0 87.85395 26.267 0.34 -17.0 4.5 921
1577.0 3028.8 24.24018 5.461 0.41 63.0 4.5 299
2974.4 3036.4 35.92627 2.624 0.78 77.0 3.5 135
2154.3 3019.4 185.84560 29.548 0.73 65.4 0.9 327
211.4 3021.0 30.40211 17.271 0.37 -1.8 4.5 567
220.2 3062.4 101.22690 4.991 0.87 65.6 3.9 249
2546.9 3029.0 18.61971 2.180 0.65 14.0 3.1 107
2443.3 3032.7 95.72996 25.419 0.24 -7.6 2.4 835
3478.6 3079.0 160.08780 35.264 0.94 -8.2 4.5 751
3772.6 3045.5 30.79850 2.502 0.85 -16.6 3.3 117
2453.0 3031.7 49.58004 10.572 0.19 -12.3 0.3 139
3473.5 3092.9 191.29780 6.816 0.79 -52.9 4.2 379
2231.2 3041.5 54.14849 43.036 0.48 54.9 4.5 741
4173.3 3052.5 34.19666 7.291 0.77 63.3 4.5 315
2629.5 3039.7 24.44653 7.878 0.61 -5.5 2.4 203
52.5 3046.1 16.13514 3.145 0.63 52.0 3.4 135
3464.2 3073.3 145.02460 30.388 0.88 65.3 4.5 749
1846.1 3129.7 818.93190 7.419 0.62 4.9 3.4 517
2621.1 3039.8 38.79699 18.835 0.57 10.8 4.2 457
394.9 3073.1 57.18425 3.400 0.86 -15.8 3.6 167
1069.6 3050.6 9.83944 3.187 0.49 -69.5 3.6 143
1243.5 3055.5 52.69008 22.743 0.59 -16.9 4.3 533
2398.9 3068.0 31.19810 3.154 0.61 24.4 2.5 125
1718.9 3077.6 52.64471 2.743 0.61 -6.7 2.1 105
2996.0 3065.5 12.43321 1.689 0.29 -66.8 4.5 193
550.6 3096.8 81.23736 6.857 0.71 -61.7 4.5 353
2479.9 3092.4 71.23254 4.829 0.96 -9.4 4.5 269
1555.4 3076.6 46.70309 14.421 0.67 40.7 4.5 465
1410.6 3075.0 57.10107 20.519 0.69 77.7 3 429
3533.4 3077.1 14.74101 5.171 0.42 -81.8 4.5 283
715.4 3083.6 28.16472 8.494 0.57 -79.6 4.5 353
348.1 3071.8 35.53203 20.671 0.54 -0.1 3.3 439
1419.6 3082.0 28.51261 8.398 0.72 87.2 0.3 55
335.5 3075.0 29.95865 24.150 0.53 30.7 4.5 499
3330.3 3088.2 36.25991 18.894 0.57 -14.8 4.5 499
1537.4 3082.4 45.34485 33.152 0.33 -32.5 4.5 789
162.7 3105.9 43.34469 3.561 0.85 -12.9 3.3 151
2961.4 3103.8 16.96328 2.101 0.23 61.6 4.2 209
4158.5 3872.9 71.51726 3.673 0.93 32.9 4.5 215
4071.0 4095.7 28.13681 2.652 0.91 -5.8 3.1 107
2703.1 4092.4 86.61208 3.671 0.73 -11.4 3 179
2385.8 4094.0 80.65797 3.516 0.98 -15.8 3.3 161
950.3 4097.4 10.03449 2.185 0.65 -11.3 1.8 59
3325.8 4087.8 100.26370 5.975 0.62 -67.3 3.3 285
1687.6 4096.1 19.92020 5.150 0.32 -26.6 4.5 329
102.7 4095.8 19.11889 1.918 0.45 1.5 3.5 131
1579.9 4093.6 19.15044 3.747 0.64 65.1 1.1 65
1437.1 4063.5 2354.26000 9.567 0.89 24.1 3.5 625
2657.9 4071.6 11.01398 2.227 0.36 63.4 2.5 107
465.0 4056.1 23.51082 18.797 0.63 -62.0 4.5 399
1051.7 3954.1 20.68497 6.964 0.51 58.8 4.5 311
649.9 3990.5 115.52710 14.143 0.55 45.1 4.5 715
2387.1 3951.1 79.99881 13.231 0.65 61.6 4.5 543
3742.1 3951.4 27.22115 4.096 0.73 -54.6 2.7 137
3426.6 3946.7 89.33882 10.189 0.80 -87.9 2 229
2517.9 3951.2 28.24080 3.037 0.58 -78.8 4.5 249
1906.9 3946.4 99.96761 4.803 0.78 66.8 4.5 285
1963.5 3947.8 16.90939 3.482 0.39 87.9 0.3 33
1786.5 3904.3 13.57307 1.761 0.88 46.3 3.6 85
1369.0 3921.4 28.24562 3.259 0.70 -27.1 2.3 109
2888.5 3889.3 22.61227 2.096 0.79 -88.5 1.9 61
4098.3 3887.3 35.31848 2.421 0.89 82.1 1.9 69
4067.6 3888.2 31.24203 5.831 0.69 38.4 4.5 315
311.4 3623.2 33.56749 8.808 0.42 -5.5 4.5 457
2961.8 3809.9 46.20974 2.665 0.90 -16.9 3.4 131
1894.5 3789.6 12.28784 3.476 0.62 -60.0 1 53
1434.8 3576.4 185.85840 5.655 0.87 -46.0 4.5 343
3000.7 3761.2 36.44740 3.318 0.82 -89.2 4.5 179
2585.1 3767.1 163.58610 41.907 0.56 -83.7 4.5 1077
572.7 3493.4 9.28349 3.963 0.59 12.0 0.3 31
3046.5 3490.5 12.85112 2.577 0.27 64.1 3.6 185
8.2 3547.0 17.04970 6.467 0.64 -22.9 3.8 209
3134.0 3679.6 10.03541 2.295 0.43 -15.2 4.5 155
3461.7 3620.9 64.43453 3.643 0.82 51.3 2.5 137
2454.5 3807.0 17.82939 3.013 0.69 -72.0 1.8 79
514.8 3712.5 48.51234 4.265 0.69 54.5 4.5 243
2796.0 3801.3 20.24599 4.260 0.55 62.8 0.7 55
3866.9 3496.6 45.53178 4.572 0.68 -60.5 3.2 191
782.8 3732.1 75.03885 4.682 0.75 -33.3 3.8 235
1048.1 3748.5 22.31130 3.502 0.87 30.5 4.1 151
2103.3 3760.7 9.29682 2.029 0.56 83.2 0.9 33
4003.9 3679.4 32.82101 5.763 0.72 -63.1 3.5 209
3135.9 3791.0 16.74564 4.564 0.93 86.5 4.5 187
3153.7 3549.9 12.19197 1.662 0.50 88.4 1.8 57
3793.6 3815.4 12.42879 4.300 0.39 -14.3 4.5 233
2016.3 3522.8 19.06599 2.249 0.85 -68.0 2.6 81
1698.0 3644.0 37.83292 4.416 0.88 33.2 4.5 275
2863.4 3799.7 42.55675 17.476 0.26 2.1 4.5 725
2733.3 3763.8 17.23948 2.181 0.44 32.5 2 87
2461.0 3610.3 30.87837 2.929 0.61 -48.4 3.3 147
2031.4 3667.8 147.67580 4.607 0.70 -78.2 3.9 287
896.7 3589.9 16.30537 2.837 0.31 -18.9 4.5 247
1255.6 3733.9 30.37922 6.815 0.48 33.7 4.5 373
1956.9 3718.8 24.54099 6.557 0.31 -25.8 0.4 71
2267.8 3754.4 71.00987 2.821 0.96 -64.0 3.1 133
3573.1 3728.8 63.81018 30.123 0.37 -54.1 2.4 659
1986.7 3795.4 92.89527 5.385 0.71 -66.0 4.1 289
3497.8 3712.0 68.16599 4.421 0.82 -38.8 2.8 167
4133.9 3401.2 53.85603 36.517 0.98 -34.8 4.5 505
3874.3 3640.8 22.89203 2.283 0.39 -3.1 2.1 103
658.7 3698.4 597.34000 8.066 0.51 56.5 3.8 617
3033.7 3736.2 53.68367 3.871 0.89 13.3 3.8 185
520.5 3582.6 35.38200 19.963 0.89 -59.0 4.5 395
3373.4 3726.2 180.46180 4.193 0.73 -34.7 3.5 253
1594.4 3703.3 25.45837 3.535 0.94 80.4 2.2 95
3756.1 3600.0 20.32635 5.028 0.16 10.2 4.5 535
624.3 3725.7 33.57603 6.995 0.46 -22.4 4.5 425
3583.3 3714.1 42.66945 7.748 0.65 -77.1 4.5 313
4050.5 3624.9 123.39490 4.985 0.87 69.3 4.3 281
1139.9 3636.2 12.71642 4.800 0.53 17.4 4.5 219
1607.1 3650.0 19.07170 2.907 0.59 78.3 4.5 195
2539.1 3734.6 31.48152 3.349 0.92 55.2 4.5 187
1947.2 3724.6 23.99558 6.513 0.32 -23.7 0.4 77
2150.2 3703.1 14.01958 2.601 0.44 88.2 1.6 75
2213.5 3711.0 32.06250 2.577 0.82 -14.1 2.4 89
3920.5 3702.3 44.22766 16.480 0.25 83.6 4.5 775
2569.5 3682.0 8.96780 2.462 0.74 -39.1 1.1 41
69.9 3568.8 41.89457 5.977 0.69 -61.1 4.5 285
4125.0 3712.1 30.14229 6.113 0.56 -4.3 3.5 241
4032.9 3720.8 7.74180 2.084 0.41 -86.4 1 43
3201.0 3631.5 152.10680 6.528 0.59 67.6 4.4 415
1225.6 3707.2 65.25541 6.213 0.86 -31.6 4 257
3804.0 3672.2 36.80110 4.553 0.69 87.5 2.8 167
1951.6 3632.9 25.77397 3.414 0.54 49.3 3.3 167
435.1 3710.4 18.24955 4.650 0.35 4.9 1.8 145
3434.5 3588.2 19.85793 2.616 0.47 40.9 4.5 195
3016.6 3676.5 131.73320 52.712 0.65 -56.2 3.3 877
606.1 3586.4 39.75103 4.815 0.81 -49.0 4 207
688.1 3985.5 16.62103 7.474 0.58 -45.2 4.5 297
2254.4 3563.7 16.03456 3.318 0.82 -60.9 2.1 85
1881.7 3694.4 11.51733 2.663 0.72 -68.8 1.6 61
3488.7 3662.8 27.42648 2.673 0.80 61.0 3.2 117
2754.7 3689.2 12.08088 3.350 0.25 54.0 3.7 221
2720.8 3646.0 80.09249 15.325 0.63 22.3 4.5 613
118.7 3685.4 24.79383 13.949 1.00 -18.3 4.5 305
178.0 3355.8 55.84652 18.581 0.58 -56.6 4.5 557
2873.6 3259.2 192.21080 5.167 0.96 13.9 4.1 291
3527.5 3618.8 72.46100 5.344 0.83 7.5 3.9 243
269.3 3610.0 67.98004 20.291 0.91 11.1 4.5 507
1077.6 3695.9 110.72600 8.145 0.83 2.1 4.4 359
258.9 3633.2 140.79790 12.066 0.68 82.7 4.5 667
885.6 3638.2 9.70277 2.336 0.57 -66.2 4.2 125
2663.1 3825.6 28.98112 2.635 0.74 -14.6 2.4 95
3656.1 3487.5 54.10706 3.515 0.60 -22.1 2.6 153
4031.7 3762.1 101.22040 5.035 0.74 27.9 3.7 257
2824.0 3647.8 20.16510 2.422 0.50 32.0 2.8 117
3368.2 3504.0 21.37154 2.251 0.80 56.9 1.6 57
1122.1 3625.6 23.26630 8.680 0.58 6.8 4.5 353
1060.8 3373.8 101.14380 4.939 0.69 57.9 3.4 249
498.4 3849.3 12.95800 4.029 0.58 -1.6 2.9 139
3770.0 3642.7 31.70975 8.661 0.64 -66.6 4.5 345
745.0 3610.9 63.84467 7.534 0.71 -78.9 4.5 333
2746.8 3642.6 28.26562 8.968 0.41 -13.8 4.5 419
3775.7 3605.9 50.01230 39.195 1.00 86.3 4.5 495
3128.5 3306.7 83.00689 58.841 0.35 -28.2 4.5 1099
371.2 3648.8 33.55636 4.275 0.99 70.2 3.4 151
2856.2 3651.1 13.29214 4.734 0.35 -9.9 4.5 265
2734.9 3220.0 14.63631 5.829 0.26 -64.0 4.5 371
837.6 3644.4 31.81321 3.119 0.93 33.1 2.7 105
3510.2 3931.7 39.37885 2.374 0.77 -22.8 2.3 89
363.2 3585.8 47.83014 3.903 0.93 3.0 3.7 171
3188.3 3588.7 21.12532 6.264 0.20 65.4 4.4 411
2132.0 3869.0 40.91390 14.155 0.84 -87.3 4.5 399
3394.4 3670.4 324.11140 6.491 0.87 -79.2 3.8 365
148.5 3506.2 24.55137 6.110 0.52 -84.4 4.5 319
4079.6 3636.1 41.58701 28.008 0.33 -1.1 4.5 733
2074.0 3600.7 14.27144 4.501 0.52 -45.5 0.5 49
2193.7 3272.8 60.42773 2.690 0.65 14.1 3.5 167
299.8 3782.9 59.82684 6.858 0.69 76.8 4.5 339
1783.8 3261.8 84.05907 7.031 0.59 -86.7 4.5 395
3263.9 3549.3 11.44647 1.362 0.34 -75.3 3.4 109
1173.4 3570.6 109.63700 4.462 0.79 -15.7 3.3 215
2486.0 3998.9 18.42874 1.620 0.60 -49.3 2.1 63
4038.0 3395.8 18.16998 8.204 0.42 -54.5 4.5 353
3847.1 3339.9 26.10104 4.427 0.68 49.5 4.5 271
1675.2 3336.9 30.12856 3.914 0.98 64.7 3.6 147
1504.9 3883.5 15.72265 2.201 0.34 74.0 4.3 177
3996.7 3586.2 11.46963 2.004 0.95 25.9 1.7 45
551.0 3585.6 41.23170 8.897 0.75 10.1 4.5 383
686.7 3404.0 41.29094 8.241 0.62 -75.8 4.5 347
2529.3 3517.5 31.96454 2.183 0.63 65.9 4.2 155
3646.1 3590.7 16.40364 3.338 0.48 -76.1 4.5 203
166.3 3954.7 106.93160 18.945 0.69 -31.3 4.5 665
2956.0 3554.8 62.52248 7.289 0.77 -6.0 4 289
1774.2 3584.1 34.05145 9.333 0.68 -29.3 4.5 363
3909.7 3409.6 38.40562 2.622 0.93 -86.5 3 109
448.1 3443.9 37.95449 4.580 0.62 -22.5 4.5 277
4159.0 3380.3 108.68650 5.696 0.64 65.0 3.1 265
3955.7 3559.7 11.31665 1.439 0.48 -11.4 4.5 143
1782.6 3567.0 40.42168 19.474 0.47 -54.1 4.5 573
139.1 3532.2 40.04272 28.005 0.54 66.2 4.5 577
3796.2 3572.0 69.32148 4.443 0.81 89.8 3.6 209
2209.5 3799.8 57.27206 3.250 0.91 -20.6 4.5 193
2058.9 3724.1 16.79728 3.078 0.49 36.2 2 103
2541.5 3682.5 15.20503 1.909 0.58 -87.4 4.5 149
3195.5 3301.0 708.00990 7.882 0.59 27.6 3.7 563
2573.5 3583.3 163.26190 66.667 0.99 -79.5 4.5 887
732.7 3386.9 12.98679 1.855 0.82 26.5 4.5 139
1649.9 3531.0 82.97864 3.949 0.84 73.3 2.9 165
2605.7 3528.2 194.06370 57.997 0.50 -83.6 3.6 1175
2515.9 3483.6 20.94386 7.479 0.49 -34.6 4.5 341
1524.7 3485.6 26.05070 2.991 0.78 -14.5 3.2 127
2316.6 3598.2 54.24812 4.744 0.60 -77.8 4.5 283
3707.8 3507.1 116.73190 58.874 0.50 -24.0 4.5 1069
343.1 3621.5 36.53053 4.620 0.93 -77.2 4.5 239
2272.6 3802.0 15.97041 3.845 0.66 77.5 4 163
3916.3 3913.2 144.31810 64.702 0.88 -66.5 4.5 891
198.6 3535.3 12.25408 2.507 0.46 -33.9 1.6 73
1118.6 3828.3 106.08870 5.322 0.81 39.0 3.9 269
154.8 3546.5 34.12600 4.407 0.73 63.1 4.5 237
432.0 3506.9 19.71467 4.445 0.81 -37.9 4.5 205
3229.9 3793.5 14.24043 2.286 0.70 -69.6 4.5 141
42.6 3908.1 9.63221 0.685 0.05 24.0 4.5 267
787.2 3894.8 55.51010 15.848 0.53 -47.0 4.5 583
1851.6 3500.4 28.26830 6.800 0.41 84.5 4.5 375
3460.4 3482.8 21.23004 3.133 0.43 -42.4 4.5 247
512.4 3919.0 11.13703 2.287 0.44 -68.0 3.5 129
3505.3 3476.5 33.04881 17.543 0.14 54.3 3.9 827
4043.6 3910.0 19.31191 6.650 0.37 71.1 4 295
2203.9 3407.1 14.70761 2.248 0.63 16.8 3.7 117
3245.5 3569.1 9.80891 0.431 0.19 -21.4 4.5 185
3164.0 3452.3 13.21584 3.327 0.94 55.4 4.1 123
32.8 3468.8 10.91756 0.522 0.07 75.7 4.3 167
2687.0 3629.0 48.57425 3.476 0.73 5.6 4.5 227
1712.0 3468.5 162.71310 6.295 0.89 35.1 3.9 309
2194.3 3476.7 20.18436 6.723 0.68 52.9 4.5 245
3016.0 3938.1 86.78074 19.509 0.86 22.5 0.3 117
3515.7 3504.9 75.34632 4.481 0.82 79.9 4.5 255
2196.5 3479.5 17.86086 4.697 0.78 -85.6 4.1 171
859.8 3366.1 10.04551 2.756 0.78 25.3 4.5 141
1704.1 3515.8 34.74774 23.889 0.30 -62.1 4.5 691
3160.9 3475.3 16.05090 6.043 0.19 -4.7 4.5 483
2721.0 3884.8 114.79970 6.349 0.86 30.3 3 241
830.9 3450.0 24.92574 8.417 0.38 50.5 3.8 335
833.1 3457.4 29.38148 15.353 0.66 71.2 4 353
314.7 3489.3 275.21330 5.791 0.89 -41.0 4.2 359
1457.7 3452.5 165.64790 4.891 0.62 -2.7 3 255
3749.4 3459.1 8.55865 0.789 0.29 21.1 4.5 147
3072.0 3374.5 104.84130 3.788 0.74 21.7 3.4 207
1017.9 3452.4 76.68700 36.165 0.50 -74.0 4.5 815
3551.3 3377.1 97.99123 4.021 0.66 44.6 3.3 219
1016.0 3441.1 74.38389 17.280 0.82 83.1 4.5 531
422.4 3408.5 33.72726 3.056 0.99 -35.5 4.3 149
3959.1 3399.7 12.80549 3.428 0.44 -45.6 4.5 211
4113.6 3366.6 182.02250 54.494 0.31 27.6 3.1 1387
2762.4 3345.9 42.45240 2.976 0.98 -72.2 4.5 195
253.4 3665.7 93.36043 20.598 0.58 -89.9 4.5 645
4051.8 3460.2 19.53763 2.611 0.59 69.1 1.9 83
773.5 3386.4 10.80916 1.658 0.37 -50.5 4.5 185
159.9 3418.1 55.15327 35.172 0.54 65.0 4.5 685
2439.7 3354.3 50.88567 4.034 0.60 -19.1 3.1 193
59.7 3965.6 11.15381 3.056 0.81 71.5 3.3 105
4004.3 3410.6 160.36350 5.017 0.81 31.1 4.2 307
1527.4 3402.1 126.82220 5.072 0.75 3.6 3.3 249
1347.2 3443.0 28.11771 4.320 0.36 -39.6 4.5 323
1709.5 3364.0 32.50300 6.217 0.87 30.0 4.5 257
3371.7 3369.7 482.79570 6.390 0.65 77.5 3.5 419
3554.5 3902.1 77.07080 2.997 0.95 -32.4 3.7 163
2111.1 3474.9 8.80763 2.009 0.67 71.4 2.7 75
29.1 3423.7 25.26678 3.837 0.74 77.6 2.8 133
1395.1 3416.9 34.15588 21.730 0.48 -43.0 3.9 495
64.2 3257.6 42.32964 36.784 0.63 23.9 4.5 569
2081.4 3975.2 58.74956 7.398 0.51 80.7 4.5 461
2876.8 3301.0 61.92931 3.697 0.89 -73.4 4.5 219
105.8 3338.8 43.88743 2.907 0.74 69.2 4.5 207
2834.2 3438.0 37.12929 5.873 0.84 -27.2 4.5 309
1216.9 3425.9 18.46454 3.886 0.67 -77.0 2.7 129
1366.9 3602.3 246.33880 7.170 0.81 52.0 4 393
514.7 3653.0 60.40298 9.634 0.50 82.3 4.5 511
263.2 3910.1 31.20747 4.235 0.74 84.8 0.4 35
3867.6 3359.5 39.30693 21.063 0.81 -73.6 4.5 441
160.1 3378.4 220.71690 6.379 0.67 -74.3 4.5 481
3206.5 3409.3 41.05699 3.478 0.79 56.9 3.5 163
1410.4 3403.0 35.43659 19.650 0.57 -36.4 4.5 499
2958.0 3252.2 30.21998 3.196 0.80 -16.0 1.7 77
473.6 3418.8 19.97572 5.137 0.68 80.9 4.5 253
4097.1 3346.8 165.77840 6.675 0.54 71.9 3.7 393
3606.0 3403.1 74.00729 4.482 0.90 -86.1 2.9 167
3321.4 3393.8 11.28335 1.572 0.71 71.6 2.8 69
1656.6 3374.6 18.39316 4.880 0.86 29.4 4.5 205
565.4 3322.2 7.60161 1.400 0.25 18.0 1.6 61
555.7 3392.7 29.62567 7.468 0.92 -16.9 4.2 227
3177.7 3945.6 41.17329 2.817 0.66 86.3 4.1 179
305.4 3395.5 43.83781 2.707 0.91 -9.8 3.2 123
689.9 3377.5 24.65989 12.684 0.63 -46.8 4.5 335
572.2 3389.3 35.90484 4.276 0.63 -1.0 4.5 235
182.4 3102.5 27.95465 10.869 0.41 -29.6 4.5 443
622.6 3300.1 52.50214 22.707 0.74 20.0 4.5 523
1506.1 3308.3 12.72204 3.099 0.65 -11.8 4.5 183
2471.9 3133.2 75.36033 17.741 0.62 -33.6 4.5 625
3189.3 3343.7 53.46715 47.731 0.77 -69.8 4.5 607
4126.4 4028.4 9.97728 2.661 0.37 -72.9 1.5 81
2824.1 3324.8 8.47008 1.625 0.60 69.8 2.6 69
3546.4 3312.9 60.43262 7.304 0.74 -7.2 4.2 303
3780.0 3222.7 542.97920 6.610 0.73 -46.1 3.9 459
149.1 3973.7 238.08930 9.944 0.84 -65.7 4.5 605
2516.5 3300.9 15.32551 5.916 0.44 -45.7 4.5 301
713.6 3462.5 8.68888 1.141 0.58 -2.3 3.8 79
2543.4 3277.5 36.43332 24.293 0.30 -34.0 4.5 699
1776.2 3292.9 69.16412 4.913 0.69 -88.0 4.5 365
3680.3 3298.7 19.15698 3.263 0.37 17.1 1.8 113
3298.8 3313.2 19.63766 1.667 0.66 15.2 2.1 63
925.0 3330.6 104.31420 8.631 0.54 -23.2 4.5 457
532.3 3326.5 21.17151 2.877 0.72 80.7 2 83
384.6 3332.2 71.30513 43.875 0.74 -80.7 4.5 665
2929.3 3286.8 16.18612 2.457 0.56 -63.0 3.3 123
2344.7 3284.7 10.14841 2.090 0.82 16.7 1.1 35
3535.7 3323.3 37.64001 10.507 0.55 -84.9 2.3 267
1316.8 3221.1 43.03497 29.486 0.28 -51.8 4.5 839
1297.7 3248.7 39.63411 2.811 0.82 49.9 2.5 107
3471.8 3287.3 119.15660 3.726 0.88 61.1 2.7 157
1203.6 3330.7 33.89098 8.109 0.68 44.4 4.5 345
398.8 3285.6 633.58040 6.982 0.78 -81.8 4 483
484.0 4004.6 44.65990 10.484 0.36 -57.1 4.5 589
3388.7 3281.8 262.62020 5.635 0.97 38.0 3.5 289
190.4 3290.8 24.01837 5.322 0.54 -19.5 3.5 217
2909.4 3188.2 20.86588 2.249 0.67 -40.8 1.5 59
1295.7 3309.3 17.61562 2.605 0.79 -84.6 4.5 153
1734.1 3259.0 85.08344 24.883 0.27 12.1 4.5 1057
1249.4 3249.2 58.17293 5.116 0.89 -58.3 3.3 193
197.7 3285.0 19.37639 6.355 0.56 -32.1 0.3 47
2572.5 3193.9 10.71105 2.349 0.46 26.4 4.5 151
3669.1 3232.2 31.94053 6.067 0.53 26.6 4.5 379
255.5 3283.6 17.73992 2.495 0.97 41.7 3.2 93
2491.8 4059.3 21.66068 6.056 0.53 88.9 4.5 283
1729.8 3219.1 73.56821 41.235 0.47 -64.5 4.5 827
140.2 3833.7 16.45491 8.401 0.92 -42.4 4.5 225
705.9 3099.4 31.10686 15.741 0.24 -56.2 4.5 675
1670.3 3240.4 18.38797 6.116 0.70 -38.2 2.9 171
3346.5 4092.8 45.37668 56.462 0.57 -12.2 4.5 655
119.5 3217.8 36.45947 17.705 0.73 53.6 4.5 433
3931.9 3200.7 101.66670 51.091 0.54 -56.8 4.5 941
2749.8 3280.5 187.43420 5.990 0.66 -11.1 3.3 317
3646.0 4087.0 16.65756 6.614 0.71 0.9 3.2 181
1733.4 3855.8 464.93820 6.077 0.94 -83.8 3.5 337
350.3 3203.6 106.25580 8.244 0.64 39.2 3.2 335
22.8 3258.9 32.37785 3.634 0.90 -18.9 4.3 169
1370.1 3214.5 13.01191 2.717 0.74 -55.7 2.5 87
3476.1 3220.2 10.34951 2.885 0.71 -54.9 1.8 71
118.4 3865.2 24.18747 3.954 0.59 82.2 4.5 219
3635.6 3226.4 57.07260 7.242 0.62 -85.4 1.5 157
2033.5 4037.4 111.53390 63.077 0.93 -2.0 4.5 783
1562.8 3594.8 111.68680 5.786 0.69 -16.2 3.6 293
2962.5 3881.3 10.52205 3.587 0.52 -80.4 2.8 129
4045.1 3280.0 14.20132 2.593 0.44 -67.1 4.5 181
3190.1 3159.8 24.36140 10.037 0.59 50.8 4.5 353
1129.7 3166.6 11.83889 2.597 0.99 -33.6 4.5 113
355.8 3937.8 16.60347 4.714 0.62 -17.9 4.5 207
2951.2 3545.4 62.09709 21.961 0.73 -81.8 3.8 477
538.2 3194.9 21.83613 8.709 0.48 5.5 4.5 331
2406.7 3243.4 16.65121 4.248 0.51 20.8 4.4 205
3584.0 3250.2 14.99736 1.821 0.51 -43.0 2.8 95
1199.4 3867.7 16.32562 2.755 0.35 -22.3 3.2 161
228.8 3206.1 26.06333 3.058 0.96 -86.8 3 109
3563.6 3826.9 31.20359 4.131 0.53 37.5 2.3 147
3030.7 3663.3 151.75340 23.060 0.80 -49.8 4.5 749
3790.6 3566.8 84.99921 3.940 0.87 38.0 1.8 107
402.3 3231.8 18.31392 1.381 0.29 75.2 3.8 145
2317.4 3870.3 11.92467 1.697 0.63 42.4 4.5 117
1031.1 3181.6 18.48122 5.062 0.19 48.0 4.5 423
292.7 3173.6 10.93404 1.299 0.27 -40.7 2.1 77
2535.4 3163.6 10.20079 1.793 0.63 77.9 4.5 153
2488.9 3105.7 57.74802 28.180 0.56 83.5 4.5 639
341.7 3166.9 119.76460 65.027 0.49 68.8 4.5 1113
656.0 3228.6 11.98378 2.446 0.97 68.0 1.5 47
126.2 3993.4 65.07187 37.529 0.59 -25.5 4.5 711
3927.9 3879.0 890.57020 7.151 0.78 -14.5 4.1 545
3331.5 3224.3 36.16936 2.771 0.85 -62.2 2.4 97
3650.4 3214.6 96.63745 24.994 0.61 -64.3 4.5 709
3712.0 4038.9 17.60396 5.120 0.29 59.3 4.5 371
3113.8 3099.6 16.14949 3.165 0.46 30.0 4.5 237
2147.4 4045.4 51.12166 7.265 0.43 5.7 4.2 375
1732.3 3203.8 40.85947 7.808 0.61 -65.3 4.5 361
1932.9 3220.9 102.98130 5.593 0.84 70.6 3.7 259
3647.8 3224.7 154.81930 46.023 0.70 -15.6 3.3 827
1463.5 4039.9 276.85160 60.575 0.88 52.8 4.5 1143
4165.4 3224.9 15.90416 3.060 0.70 4.9 4.5 191
383.5 3751.9 10.16124 1.836 0.36 27.9 2.8 103
879.6 3162.3 36.73163 36.241 0.29 -18.1 4.5 797
3871.2 3950.2 25.09112 2.391 0.92 9.9 1.6 57
3845.6 3828.5 13.92126 2.827 0.69 64.6 1.8 71
2423.2 3121.6 61.98234 2.723 0.90 -24.1 2.5 105
54.3 3119.2 21.04829 3.177 0.51 -17.7 4 179
3766.1 3176.9 55.52570 5.105 0.67 88.5 3.9 247
803.9 3871.6 33.90778 5.082 0.73 -59.8 4.5 261
3939.3 3190.5 79.85907 24.532 0.28 -62.8 3.8 865
3789.0 3910.1 29.94509 2.058 0.64 19.3 3.5 123
3723.4 3496.8 106.74120 6.671 0.96 -9.4 4.5 325
3137.7 3930.3 62.36892 6.124 0.76 -16.1 4.5 297
1299.7 3125.5 27.81847 8.218 0.37 25.9 4.5 461
2586.6 3733.8 158.75250 20.456 0.71 -89.5 4.5 809
3220.7 3198.8 11.99533 1.322 0.38 49.2 1 35
343.5 3177.9 95.45860 9.685 0.44 75.2 4.3 513
2710.1 3160.5 53.36573 23.365 0.64 66.4 4.5 571
1286.9 3176.8 20.14046 4.606 0.58 13.6 3.8 197
771.8 3165.7 43.11836 32.720 0.59 -69.0 4.5 583
1676.0 3922.5 59.92715 29.236 0.56 49.8 4.5 667
366.4 3851.6 7.60063 1.098 0.63 -66.7 4.5 91
1841.3 3193.2 16.72829 2.115 0.47 -26.7 1.3 57
786.3 3136.2 115.07190 16.862 0.69 -45.5 4.5 695
430.6 3125.6 7.81789 1.363 0.71 -85.7 3.5 71
2375.0 3816.7 18.06448 2.539 0.53 24.3 4.5 189
1858.5 3909.6 35.56032 6.296 0.77 -82.4 4.5 305
1872.5 3879.8 52.26790 4.485 0.59 -58.3 4.5 333
3928.7 4049.4 44.59880 27.192 0.59 -28.5 4.5 563
3240.3 3968.0 31.96485 2.855 0.72 -46.2 2.2 97
688.9 3889.7 20.29036 8.938 0.56 11.0 4.5 311
4180.2 4040.8 28.02707 3.191 0.83 -52.9 2.9 119
110.0 3148.6 18.89589 4.616 0.19 24.2 4.5 413
1902.7 3912.0 71.85516 40.829 0.66 -54.8 4.5 703
2601.8 3841.3 12.79879 2.155 0.09 19.4 4.5 475
1888.4 3141.1 86.36322 52.556 0.98 -27.9 4.5 661
4195.0 3899.6 97.97948 4.265 0.59 -57.1 3.2 233
2055.6 3108.3 21.54554 5.010 0.41 -17.8 2.7 199
3156.0 4081.4 20.43488 2.546 0.29 -77.1 3.1 171
3292.4 3157.1 35.98156 4.002 0.49 -59.1 1.9 129
2914.0 3128.1 49.73200 15.038 0.88 21.3 4.5 435
3699.5 3146.2 8.59701 0.731 0.51 -9.0 4.5 127
3288.6 3161.3 37.40170 6.148 0.95 81.5 4.5 255
4052.5 3920.2 22.19436 6.770 0.31 52.6 4.1 335
3501.0 3134.5 18.76691 2.467 0.83 74.3 1.6 57
2459.0 3148.0 38.75072 25.781 0.35 -42.0 4.5 683
2519.8 3895.0 11.59396 1.709 0.29 -84.6 4.4 161
2685.3 3163.6 53.87857 23.219 0.22 13.9 3.6 831
1168.3 3133.3 18.21137 5.759 0.40 34.0 1.5 141
3609.2 3170.0 19.56505 2.564 0.85 -31.9 1.7 61
2896.3 3813.3 28.84766 11.716 0.33 71.9 4.5 535
976.8 3145.6 19.27986 4.327 0.67 -76.3 4.5 215
2880.7 4078.0 11.29689 3.019 0.68 -67.9 1.7 71
3218.7 3433.7 22.53040 4.194 0.82 -50.9 4.5 207
1691.6 3923.7 68.94617 41.386 0.70 16.7 4.5 665
1710.2 3770.9 99.57903 6.143 0.64 83.5 4.2 339
3628.8 3958.1 11.97361 3.749 0.66 -76.4 2.1 99
495.9 3976.9 34.61256 32.382 0.32 -45.1 4.5 733
1468.5 3969.5 8.33883 1.760 0.29 10.4 3.1 117
2806.5 3116.6 28.39592 3.332 0.57 72.3 2.3 121
2270.8 3989.4 14.64423 3.817 0.56 25.4 4 171
1678.1 3944.8 39.46145 18.516 0.48 -47.6 4.5 513
2037.9 3910.6 11.52830 3.280 0.57 38.1 1.7 83
3562.7 3927.1 38.36458 15.332 0.24 -88.4 4.5 753
3910.4 3785.8 41.85656 5.226 0.58 54.8 4.5 305
2015.7 4050.4 199.04890 5.118 0.83 -49.9 3.8 295
1973.1 4084.3 20.55526 6.520 0.55 -16.5 4.5 307
1585.7 3119.8 57.06800 3.080 0.90 74.1 4.5 229
285.8 3108.7 26.69106 2.840 0.65 11.6 2.1 93
1148.3 4046.6 1447.26300 9.282 0.83 70.1 3.7 613
3821.1 3626.6 24.00876 5.596 0.76 -15.0 2.7 157
2387.0 3912.6 406.77480 7.946 0.86 31.3 3.9 439
1788.7 3981.9 11.11617 2.018 0.09 37.6 3.4 257
3895.4 4064.1 135.95730 4.863 0.84 -29.2 3.2 225
3181.5 3105.2 14.54825 3.651 0.78 -69.3 4.5 199
3123.1 4000.6 19.26208 2.494 0.88 -60.0 1.4 49
2821.3 4029.8 58.02081 25.894 0.27 -75.8 4.5 871
3368.9 4015.9 49.95671 49.247 0.45 -74.4 4.5 781
571.7 3975.9 17.79413 3.196 0.46 7.9 4.5 207
1169.2 4003.9 326.65640 79.688 0.63 -31.1 4.5 1513
3179.3 3822.1 9.61191 1.744 0.52 7.4 2.7 81
1871.0 3584.5 49.93603 5.215 0.81 39.9 3.8 219
3350.7 4007.1 32.06583 10.476 0.45 60.8 4.5 463
2323.3 4053.9 10.60122 3.291 0.70 43.5 2.7 103
1635.4 4061.6 14.46785 2.709 0.32 -32.3 4.5 241
2347.4 3113.0 18.50994 3.583 0.66 -12.4 2.6 121
1921.2 3892.8 65.67357 5.053 0.49 -67.1 4.5 335
462.6 4032.2 14.26474 4.643 0.50 -65.9 4.5 269
2819.2 3986.5 228.35840 7.066 0.60 -69.9 4.4 477
1013.9 3925.0 10.99988 1.158 0.09 26.5 4.5 333
1283.4 3115.0 23.56939 12.131 0.23 36.4 4.5 589
2588.5 3559.2 497.29720 7.970 0.59 -69.1 4.1 581
331.4 3721.7 19.42149 2.686 0.76 85.0 2.7 99
1055.7 4006.0 26.62811 4.634 0.41 -43.4 4.5 347
3974.4 4054.5 23.43472 3.292 0.76 32.3 4.5 231
3989.3 3956.0 10.66407 1.778 0.60 89.0 2.3 67
1934.8 3988.6 11.66516 1.249 0.10 -9.5 1.5 87
1069.8 3986.5 33.97248 11.398 0.76 -63.0 4.5 369
2712.4 3877.1 94.08372 28.265 0.82 5.9 4.5 643
3361.6 4029.0 31.62738 6.782 0.58 -67.6 3.7 257
58.5 3988.5 16.96193 3.904 0.53 -5.2 4.5 245
3047.0 3923.8 183.13690 73.137 0.99 20.0 4.5 949
2503.0 3930.8 18.38098 3.266 0.77 -74.9 2.6 107
617.1 3976.5 141.41560 9.178 0.82 -26.6 4.5 473
2572.6 3956.7 22.73820 12.302 0.26 38.7 4.5 553
330.7 4002.0 28.22436 4.579 0.35 -74.6 2.1 179
2864.3 3924.9 11.83656 2.407 0.74 -45.9 1.2 43
1114.7 4053.7 122.41270 8.352 0.86 65.3 4.5 469
4043.5 4007.5 7.85794 0.376 0.03 -42.2 3.2 151
733.4 4052.3 9.73588 2.392 0.48 37.4 2.8 103
3322.4 3835.0 424.70290 6.392 0.66 -66.7 3.6 423
3892.6 3715.9 38.76442 3.018 0.51 -37.7 4.5 301
567.7 4008.6 33.70499 3.451 0.81 73.3 4.3 175
1261.9 3835.9 22.19508 3.687 0.88 -37.6 2.3 101
1290.1 4032.3 9.14850 2.500 0.62 -49.0 0.3 21
2687.0 3977.3 61.55867 4.600 0.73 -84.0 3.8 227
3862.3 3909.8 9.90958 2.756 0.52 22.4 1.4 65
1404.9 4005.6 90.56777 49.551 0.92 45.1 4.5 679
2681.7 3966.3 60.44455 23.524 0.44 67.6 4.3 651
246.4 3603.1 35.22792 9.897 0.35 52.8 4.5 499
2815.4 3602.0 7.60220 0.288 0.05 59.3 4.5 255
2825.2 4023.6 124.90100 79.097 0.71 -81.8 4.5 975
4194.3 4025.6 38.71434 18.043 0.21 -43.3 4.1 725
1879.6 3550.8 23.48429 3.606 0.63 -17.9 3.5 163
2790.2 3902.8 40.03999 2.752 0.71 -30.7 2.5 109
3990.9 4039.1 40.07121 33.504 0.34 -52.9 4.5 755
2561.9 3762.0 44.26957 15.296 0.23 -15.9 4.5 755
1227.3 3972.5 578.81730 6.541 0.82 -2.2 3.6 403
3407.5 3960.3 57.24191 15.451 0.79 -49.0 0.3 93
260.5 4079.3 19.26139 13.832 0.47 -38.9 4.5 401
2420.9 4014.7 30.57332 5.506 0.68 -75.7 3.1 191
3127.8 3885.2 9.19878 2.149 0.68 53.2 1.9 59
2941.4 3803.7 10.01737 1.910 0.76 -87.9 4.5 149
1739.3 3620.8 31.90919 3.613 0.82 47.4 4.5 201
1508.7 4005.6 60.02158 4.436 0.47 12.8 3.4 255
782.2 3841.6 18.32414 3.967 0.42 -5.2 4.5 251
3939.7 3988.5 6.41654 0.146 0.57 -1.3 4.5 47
3093.6 3743.1 10.50623 1.488 0.09 71.5 3.6 227
3049.7 3948.8 363.10960 9.126 0.74 -83.0 4.2 525
2574.1 3836.4 28.41446 8.173 0.81 -9.4 3.4 225
1008.6 3675.9 33.21933 3.786 0.95 63.2 4.5 179
1431.1 3965.3 15.04831 2.379 0.68 -29.9 1.2 47
1101.0 3860.1 22.66133 10.037 0.18 -43.2 4.5 629
2246.2 4018.4 9.76047 1.916 0.32 42.3 3.3 127
