2528.1 110.5 273.77920 6.834 0.73 -89.1 1.1 129
2753.8 65.3 1621.08800 7.155 0.68 64.4 1 145
1791.6 50.2 149.04140 6.149 0.65 43.4 1 103
3813.6 55.0 36.61802 5.293 0.31 -22.5 3.6 319
3409.2 34.6 511.67400 6.732 0.70 -22.3 1 125
3150.3 30.2 23.90014 2.833 0.24 -49.1 4.5 373
3254.9 26.7 73.76637 5.335 0.74 82.2 0.9 75
1212.6 29.8 55.14692 6.600 0.60 -46.9 1.1 111
829.7 29.3 64.49131 1.505 0.71 25.2 3.1 99
2621.4 27.8 14.22020 3.056 0.66 -59.3 1.2 57
888.5 22.3 32.91223 3.436 0.41 14.0 1.1 83
351.1 10.8 167.83020 5.312 0.69 -59.9 1.1 103
4096.2 17.7 22.31918 2.731 0.87 -77.9 4.5 175
3751.0 8.2 112.55600 4.838 0.87 -5.7 0.9 65
3027.1 12.3 8.69621 1.755 0.57 -73.3 2.5 71
1700.3 5.3 119.83700 4.833 0.96 65.0 1 73
180.0 10.9 53.69530 2.538 0.84 74.1 1.1 45
1351.7 30.7 14.29840 1.396 0.96 -39.2 1.1 25
184.5 87.6 191.46500 7.536 0.57 32.5 1 141
3493.6 32.9 10.70091 1.997 0.50 7.9 1 39
1646.9 23.3 5.13298 0.511 0.08 18.9 4.5 209
710.6 72.7 109.86060 4.585 0.82 73.7 1 73
2897.6 37.4 9.27568 2.343 0.81 32.4 0.5 21
336.4 36.9 9.15919 1.848 0.89 -60.4 2.4 57
2490.3 50.3 11.21721 1.071 0.37 -39.4 4.5 123
2589.1 68.6 32.23777 4.733 0.51 4.0 1.7 127
662.6 73.5 18.04014 3.282 0.79 30.2 0.9 43
3786.1 68.5 11.40266 3.586 0.53 -37.6 0.3 29
3896.9 70.9 29.31395 17.791 0.35 75.2 4.5 581
1985.6 92.9 39.29342 4.904 0.83 7.1 1.3 89
524.5 73.5 13.03234 4.659 0.81 -51.6 1.4 77
51.9 76.1 9.67128 1.892 0.69 -85.1 2.9 79
409.1 78.7 11.12136 2.033 0.52 85.2 3.2 103
3558.8 82.0 7.93257 0.256 0.03 87.4 1 29
1805.1 87.2 13.64051 2.216 0.72 12.7 0.8 33
2262.6 102.4 50.19130 1.700 0.91 -47.7 3.9 117
3213.2 92.2 10.11894 1.322 0.36 -75.2 4.5 141
1703.9 113.1 58.92733 3.385 0.85 63.5 2.1 107
1217.5 97.1 15.17886 1.573 0.61 -78.8 2.7 75
1703.5 81.0 8.25938 3.911 0.32 -47.4 4.1 199
2923.5 131.8 100.18840 6.610 0.84 51.9 1.1 107
829.3 198.6 221.25080 8.175 0.88 -54.8 1 121
3427.6 131.1 48.80423 4.516 0.56 -87.9 0.9 77
4046.9 94.5 8.49406 2.650 0.52 -50.9 1.3 57
3610.9 100.5 9.78658 2.914 0.85 -82.6 0.3 21
1632.1 205.2 972.68600 8.249 0.87 -24.9 1 141
2466.3 151.3 152.03790 5.996 0.97 18.5 1 85
1462.4 119.4 28.61964 2.380 0.74 -20.8 2.1 81
2938.5 100.9 7.18619 1.466 0.37 -10.3 0.7 27
3541.1 124.7 39.31394 3.250 0.63 7.8 2.1 111
31.3 100.4 6.18295 0.813 0.31 -88.6 4.5 105
2248.2 107.5 16.15918 3.134 0.43 -10.6 4.5 195
3786.1 150.3 112.04230 6.088 0.79 15.8 1.9 161
1493.5 183.8 142.19310 5.946 0.99 -60.8 1 83
3877.4 129.9 20.07700 2.509 0.96 -63.6 1.6 53
2693.1 162.3 130.92040 6.070 0.86 -3.3 1.3 119
1521.1 149.5 48.69781 3.075 0.49 -51.5 4.5 289
2629.2 132.3 7.61433 2.011 0.71 73.3 1.4 43
3295.7 118.6 5.69768 1.955 0.35 -19.3 0.7 33
374.5 125.9 7.88363 2.397 0.70 9.9 4.5 117
3253.3 140.0 7.12052 2.884 0.69 -79.5 0.3 21
762.5 234.8 920.46890 7.777 0.77 37.7 1 143
4024.6 337.1 11579.63000 9.179 0.81 78.0 1 185
2609.6 217.1 251.32580 6.040 0.63 -58.1 1.1 121
994.1 164.8 25.95954 2.765 0.54 69.0 1.3 65
4066.5 179.6 29.66094 3.496 0.34 -73.0 0.9 75
2207.2 148.8 16.69700 15.811 0.24 -77.0 4.5 543
1583.2 150.1 6.79296 2.470 0.89 -7.0 2.7 71
2504.8 182.6 22.58228 2.846 0.65 -70.8 1.4 67
977.9 213.1 64.57697 4.285 0.46 80.6 1.1 97
1210.8 193.8 62.23891 3.074 0.82 -82.1 1 49
2432.3 180.1 21.17219 3.498 0.72 20.8 1.2 61
261.7 255.5 625.68600 6.714 0.85 78.4 1.1 125
2890.1 170.7 15.55501 9.359 0.57 12.7 4.5 307
3053.0 185.8 14.70770 1.822 0.98 -86.1 1.2 33
2283.0 177.8 6.99318 1.871 0.45 8.7 2.1 69
1085.8 270.6 142.29320 7.807 0.59 84.5 0.9 121
2112.4 200.6 22.00979 3.042 0.62 -12.0 0.3 25
2365.4 181.6 5.69460 2.185 0.52 33.9 0.4 21
3687.4 197.2 13.61867 1.613 0.11 67.4 3.5 225
745.7 195.7 14.98002 3.218 0.38 69.2 4.5 233
3874.3 229.7 52.14696 4.167 0.56 -69.0 1.1 85
1001.4 205.8 26.40149 3.475 0.38 2.1 4.5 307
1073.7 204.8 11.47321 1.907 0.50 -23.0 1 37
589.7 211.2 14.90014 2.054 0.57 16.3 1.1 43
1856.1 208.5 7.88765 1.077 0.77 60.6 4.2 71
3959.9 243.9 85.25924 5.837 0.56 14.9 0.9 99
103.2 213.0 7.37389 0.036 0.03 7.0 4.5 101
3846.4 293.0 595.59380 6.734 0.71 -4.1 1 119
1351.8 222.3 6.48673 1.514 0.47 -42.3 2.6 69
2084.8 298.0 211.92020 7.132 0.56 60.4 0.9 125
2402.7 220.6 8.93756 1.205 0.10 18.9 2.8 149
327.1 276.6 111.86250 4.953 0.80 85.7 1.1 87
2096.9 230.7 12.97002 1.225 0.48 -37.4 1.6 43
1522.0 226.2 10.99771 3.175 0.38 44.9 4.5 205
3099.0 237.0 17.48425 5.968 0.40 -75.7 2.5 203
3428.4 231.7 7.77561 1.646 0.17 18.8 4.5 261
3880.7 252.5 39.62046 4.065 0.55 61.6 1.6 109
3914.4 237.5 9.64054 2.644 0.56 43.2 0.3 23
2761.6 230.2 7.56489 1.564 0.07 46.2 4.5 415
4146.7 250.2 15.59834 2.198 0.71 -15.6 3.6 109
1509.3 385.7 499.74470 6.081 0.97 -79.6 1 99
2985.5 262.3 7.23886 0.677 0.57 29.8 4.5 77
4166.0 296.4 44.46047 4.274 0.50 76.2 0.9 71
3192.2 252.7 4.84764 0.720 0.08 19.8 2.5 97
4010.3 269.2 8.18267 0.038 0.74 -67.7 1.7 5
2028.4 268.6 5.15817 0.066 0.21 -46.8 4.5 61
3998.7 283.2 16.48393 2.301 0.81 49.9 0.3 17
655.4 288.8 16.58672 2.355 0.68 39.1 0.7 33
2310.2 277.1 10.69823 3.062 0.76 44.2 2 77
3416.9 302.4 44.08443 1.849 0.94 -36.1 1.3 39
4056.8 298.6 38.96826 11.068 0.65 -64.7 4.5 385
33.5 278.7 4.87949 0.388 0.27 -49.6 3.8 55
710.0 304.0 40.11726 1.036 0.72 55.4 4.5 151
2919.0 286.9 9.28089 2.640 0.72 76.6 1.8 65
3556.4 310.9 43.37011 3.073 0.79 64.5 0.7 37
3714.6 309.1 41.53784 2.512 0.75 6.3 0.8 35
361.3 288.9 7.38621 0.374 0.04 35.5 4.5 213
4152.2 306.0 33.40187 4.831 0.52 -50.5 4.5 307
1101.3 423.8 1081.59600 8.406 0.71 86.4 1 159
3218.8 307.6 33.80545 3.911 0.62 0.4 0.5 37
113.0 310.4 20.96923 4.462 0.50 23.0 1.6 113
3500.5 309.9 24.37702 2.827 0.81 12.0 0.8 35
752.4 302.9 7.34462 0.418 0.05 -52.2 0.4 15
724.5 319.4 36.17508 3.188 0.61 -3.4 1.3 73
274.4 417.9 1172.73800 7.396 0.74 67.4 1.1 147
2046.3 306.4 10.56655 3.392 0.21 13.4 4.5 295
139.9 325.5 20.86356 2.840 0.68 -62.4 0.3 21
355.5 310.9 6.42486 0.727 0.25 18.7 1.8 43
2361.4 314.6 13.12014 5.757 0.30 89.4 4.5 333
2497.2 334.3 39.11541 3.444 0.39 -0.9 0.9 71
1734.5 315.0 9.71580 2.535 0.35 -11.0 2.6 119
3776.4 320.5 8.25416 0.008 0.14 84.3 1.8 3
1536.8 327.7 11.34134 2.329 0.65 14.7 1.1 43
2939.4 375.6 123.75610 6.315 0.90 56.7 0.9 81
3656.8 349.1 56.18862 1.883 0.97 70.7 0.7 25
969.4 323.4 9.24457 4.072 0.86 20.1 0.3 25
1910.3 332.6 14.42402 5.397 0.31 66.5 3.2 241
1356.1 341.4 31.99791 16.025 0.65 63.2 4.5 427
2397.3 346.9 17.38262 5.429 0.42 -76.5 3.8 237
2511.7 359.3 38.36854 2.564 0.72 51.4 2.2 91
898.6 342.6 11.53059 2.125 0.47 36.0 4.5 175
2566.4 359.6 14.16831 3.213 0.75 -67.2 0.7 37
515.5 345.3 8.78181 2.974 0.26 -87.4 4.4 205
1352.3 364.0 33.90422 2.647 0.76 -65.6 2.1 87
821.7 358.9 29.05763 0.807 0.49 -14.7 4.5 175
3857.7 347.5 5.28372 0.427 0.14 -1.0 4.5 127
1216.3 348.1 5.38851 0.439 0.14 0.1 4.5 115
2502.8 372.5 25.30924 1.808 0.90 -76.2 2.4 67
2409.2 363.6 12.57740 1.277 0.05 71.6 4.5 485
2153.7 371.1 8.70295 2.646 0.91 3.3 4.5 127
127.5 403.0 77.24583 4.017 0.61 37.0 1.2 89
2828.4 375.1 10.24378 1.656 0.91 31.8 4.5 107
3159.6 367.1 5.95920 0.105 0.18 70.0 4.5 71
167.7 398.9 29.87436 4.002 0.42 74.3 0.9 77
2317.4 393.3 28.79467 1.594 0.74 -86.1 1.7 49
616.6 400.2 49.47279 1.510 0.95 3.5 1.2 31
3863.6 392.2 15.07656 2.586 0.71 -89.4 1.6 61
3370.6 398.0 36.24597 18.784 0.33 -48.0 4.5 625
576.9 403.3 6.26816 0.466 0.79 58.8 4.2 43
402.6 393.4 5.60575 0.115 0.05 42.8 2.6 35
1803.5 406.4 11.56655 1.447 0.39 50.3 2.1 69
860.8 411.1 15.39585 2.734 0.69 -11.8 3.7 127
699.6 456.4 163.31950 6.122 0.78 1.7 1 101
4085.7 410.3 6.70735 1.987 0.73 75.1 0.8 27
888.8 405.9 25.64500 15.503 0.20 51.0 3 569
1422.6 415.2 10.64799 1.718 0.62 -59.3 0.9 29
3747.8 526.9 867.51270 9.194 0.85 -37.1 1 145
2305.3 467.4 128.93510 6.016 0.80 -89.8 0.9 85
2185.7 416.1 8.09767 1.840 0.34 -27.0 0.5 27
2842.9 456.1 83.36954 4.819 0.86 71.8 0.9 67
989.3 412.1 11.22176 2.731 0.29 19.0 4.5 215
2146.2 421.3 11.25917 2.474 0.29 -54.9 2.4 125
1037.6 530.7 1417.54200 7.887 0.94 -3.2 1 135
3499.0 437.6 27.27461 4.605 0.73 -20.3 0.8 59
2647.1 449.5 38.59444 2.953 0.90 21.6 0.8 37
3329.1 429.6 21.75693 6.160 0.66 77.2 1.7 127
3864.9 430.3 9.14702 1.866 0.47 76.2 3.7 111
345.9 436.5 11.98165 2.283 0.74 9.8 0.7 29
2101.6 480.1 73.82771 4.846 0.68 -78.3 1.1 87
3379.6 460.0 32.89986 3.198 0.73 -1.4 0.9 47
2895.0 455.9 26.76432 2.658 0.53 -12.4 2.2 103
3265.5 456.7 20.24167 2.576 0.77 12.6 1.1 47
2567.3 477.9 52.29202 2.994 0.86 -20.9 0.8 41
3153.2 515.9 257.36080 6.904 0.79 45.0 0.9 105
2912.6 675.1 9994.35000 11.592 0.75 -49.8 1 229
2341.1 469.0 18.43408 3.108 0.36 -50.3 4.5 307
485.3 474.4 15.64737 4.250 0.68 -13.5 0.6 45
1904.5 471.1 24.21396 2.179 0.80 -21.4 0.7 27
3680.3 471.4 12.14716 3.323 0.65 -73.7 0.8 45
2031.0 471.6 8.05573 0.713 0.05 74.7 0.5 29
2213.2 471.5 10.70667 1.000 0.62 70.7 1.8 37
3287.1 461.7 7.94098 2.000 0.34 0.6 3.8 133
1869.4 468.2 7.45784 1.293 0.90 -6.0 4.5 95
456.0 500.5 22.49126 2.202 0.85 -45.1 1.5 51
3896.9 498.8 16.49161 2.563 0.49 -73.3 2.6 111
868.5 481.8 5.81837 1.620 0.39 31.8 0.7 27
2185.7 514.6 30.10551 4.307 0.89 67.3 0.9 53
3583.0 591.7 117.32440 6.673 0.72 5.8 0.9 99
4113.7 494.8 8.23328 3.667 0.56 -49.9 1.3 71
2619.6 535.6 63.95053 4.587 0.50 -59.5 0.9 81
144.9 673.9 541.80470 7.321 0.72 9.9 1.1 137
1389.2 581.4 355.90590 6.428 0.95 -42.5 1 99
2474.1 564.2 218.86900 5.233 0.64 -10.3 1.2 111
3297.1 518.2 11.67953 0.636 0.03 35.3 4.5 447
148.8 511.8 5.97098 0.868 0.28 86.5 4.5 155
3480.5 588.9 360.95440 6.142 0.92 -57.3 1 101
1714.7 533.6 18.49061 2.002 0.77 -59.3 0.8 27
4130.6 550.7 54.92177 4.118 0.87 10.9 1.4 81
687.0 526.5 7.35543 1.247 0.74 -12.1 4 73
3229.6 548.7 33.79678 1.242 0.74 -48.2 4.5 139
610.2 521.6 6.25700 1.872 0.32 -36.6 3.5 117
3461.9 569.5 60.87710 4.793 0.63 -45.3 2 147
2302.0 554.6 28.54354 2.198 0.73 -40.0 1.5 55
2506.7 563.3 43.07804 4.675 0.84 61.0 2.7 155
3385.9 570.5 34.34632 2.928 0.90 -50.3 0.9 41
1969.3 569.0 33.76379 4.001 0.41 29.4 1.4 105
2528.8 545.7 4.51185 0.045 0.15 -55.7 4.5 25
3387.8 620.2 238.58380 7.738 0.63 48.2 1 131
836.4 554.8 7.86406 0.658 0.17 -77.9 4.5 127
3055.2 580.5 35.77090 7.406 0.42 -65.0 0.8 119
923.8 545.6 3.58779 0.025 0.08 -56.1 2.2 9
360.7 569.4 26.72463 1.527 0.29 13.7 2.7 119
964.4 600.6 101.97470 6.670 0.60 -19.4 0.7 87
2727.7 577.7 21.00223 2.590 0.89 53.6 0.8 33
1979.6 571.0 21.56606 6.115 0.73 9.2 4.5 225
3343.2 584.7 42.43086 1.835 0.94 19.1 1.5 45
1664.8 576.5 17.17452 3.958 0.58 77.5 2.4 127
2497.0 583.7 35.01461 2.930 0.73 -24.8 2.4 105
3273.1 580.7 24.01869 3.096 0.44 26.2 2.7 147
1668.3 590.2 31.92165 1.414 0.70 72.0 3.1 87
2084.9 600.3 51.07061 2.079 0.93 -16.2 0.8 29
1710.6 624.8 156.67550 5.446 0.79 -37.2 1 87
2156.4 606.9 61.24230 2.050 0.80 56.2 1.2 43
1535.1 589.1 14.25097 0.859 0.50 -44.6 4.5 109
3708.3 582.3 6.72604 0.520 0.02 83.0 1 65
1223.0 619.2 60.87148 3.655 0.71 -86.6 1.3 79
3109.5 594.7 15.51524 2.917 0.91 28.8 0.3 19
2589.9 589.5 8.27781 0.093 0.03 37.7 3.7 67
240.0 597.6 13.08693 2.991 0.76 -86.9 4.5 171
3618.0 585.1 24.79237 32.204 0.41 -5.3 4.5 551
1500.5 598.2 10.09135 2.125 0.55 82.8 0.8 33
1438.9 659.0 276.79940 6.806 0.94 67.6 1 105
3644.9 641.9 178.31640 4.943 0.76 -24.8 1 81
3442.5 603.1 21.01767 4.173 0.46 -35.9 4.3 227
2274.8 601.9 10.30257 0.518 0.09 35.1 4.5 173
1427.2 606.7 23.36579 5.232 0.83 21.7 4.5 255
3117.9 614.5 22.47213 3.274 0.77 57.1 1.3 61
710.4 597.2 8.65898 3.596 0.47 71.5 3.8 155
2002.1 646.2 96.26125 5.344 0.80 -63.9 1.2 99
2486.7 625.1 35.50205 2.275 0.64 50.9 0.8 35
904.5 614.9 6.20910 0.885 0.21 -82.8 1.5 43
1001.8 622.6 52.43487 20.334 0.25 36.3 4.5 881
1415.4 627.6 30.78893 1.892 0.68 77.7 0.6 25
995.2 617.2 22.95244 6.900 0.11 21.6 4.5 759
4007.7 617.3 9.43969 1.951 0.48 83.4 1.6 59
1975.8 636.3 47.99937 2.543 0.78 10.3 4.5 183
1037.5 632.6 31.34544 2.892 0.55 4.2 1.6 83
1179.9 622.1 13.34937 3.763 0.36 84.0 4.5 289
633.1 649.2 51.08957 2.831 0.82 -84.9 3.6 151
3209.3 629.6 30.61453 18.243 0.88 87.1 4.5 373
1882.5 645.8 23.15786 4.105 0.77 84.7 0.8 51
1608.2 623.9 5.77247 0.783 0.49 10.1 4 65
865.4 636.3 9.44072 1.172 0.22 69.3 4.5 179
1262.3 651.5 27.79439 4.303 0.90 6.4 0.8 49
1186.2 649.0 24.70250 2.911 0.64 25.3 1.3 63
1897.4 655.8 28.95479 1.522 0.86 35.3 1.6 41
474.4 650.5 22.70518 2.079 0.86 -3.5 0.7 23
1542.3 636.8 4.25203 0.040 0.19 -49.1 3.3 13
3204.1 658.2 57.61806 15.123 0.24 5.8 4.5 793
3537.2 648.4 9.17155 1.699 0.74 -18.5 1 27
3323.4 681.0 35.58134 4.711 0.61 67.0 0.4 43
3229.9 657.3 27.48838 7.430 0.15 -3.7 4.5 707
290.5 657.3 11.40975 1.538 0.29 37.9 1.4 55
4130.1 671.8 23.04069 2.789 0.91 39.1 0.7 31
751.6 679.9 56.00612 1.521 0.84 39.9 3.7 109
3583.2 660.4 12.89392 5.778 0.69 -57.1 4.5 235
2356.1 658.6 6.03184 0.032 0.63 -45.6 3.8 9
2499.8 662.3 6.36160 0.367 0.05 26.9 0.9 27
3019.8 665.9 5.98835 0.374 0.14 -74.0 4.5 99
3115.4 664.7 8.17256 1.722 0.69 14.2 0.9 29
3574.6 682.2 24.01085 2.510 0.71 17.4 0.8 35
2614.9 756.0 448.88880 8.505 0.84 -47.0 1 131
251.8 686.6 23.45334 3.318 0.88 -75.0 1 47
1044.8 785.0 635.31850 9.423 0.79 -56.1 1 153
4119.8 678.3 14.63867 1.898 0.81 -11.2 1.7 51
1724.1 668.0 4.62183 0.245 0.05 18.5 0.8 17
1057.2 668.6 4.90461 0.158 0.06 45.2 4.3 79
179.4 767.6 873.01440 7.652 0.92 11.4 1 129
1107.0 699.2 33.13866 3.175 0.66 -56.3 0.8 47
2420.3 690.2 16.34956 1.986 0.27 -15.9 4.5 287
1915.0 686.4 6.86644 0.553 0.03 -37.8 1.1 65
3568.7 709.7 47.75756 1.788 0.96 32.2 0.9 29
2776.8 701.1 18.65839 1.697 0.86 -53.9 0.7 23
465.5 700.9 19.46377 3.542 0.72 30.5 0.6 39
3265.1 714.7 65.94365 2.967 0.79 3.0 0.8 41
1467.9 705.6 14.59127 3.542 0.56 -53.2 0.3 29
1980.2 789.3 358.33300 6.941 0.76 85.0 1.1 125
1029.5 707.6 12.33937 1.127 0.88 -3.8 2.9 53
2279.6 744.6 109.96880 4.829 0.85 -13.9 1 77
1907.0 736.0 48.94699 2.866 0.78 -81.8 1.2 57
6.3 773.7 255.39920 5.899 0.94 -78.9 1.1 101
3803.8 718.3 8.19906 2.566 0.83 -28.1 0.3 19
3984.5 740.6 35.87879 5.634 0.45 -71.2 3.3 259
2800.9 722.1 11.24327 1.045 0.18 20.2 3 115
1525.7 745.5 60.76147 4.462 0.41 0.5 1.2 111
3093.4 729.6 7.59485 1.527 0.28 -79.0 0.6 29
1151.4 719.8 4.04922 0.464 0.06 33.3 1.2 39
97.0 740.7 20.39376 0.768 0.75 -64.5 4.5 89
253.8 742.5 9.13749 0.445 0.08 63.1 4.5 159
339.7 739.8 9.43160 0.499 0.11 46.6 1.2 33
2505.6 740.9 10.52170 2.262 0.59 48.8 1.1 43
2445.0 744.4 9.15451 0.563 0.06 52.7 3.7 151
3899.1 751.8 15.16401 2.884 0.86 28.1 1.1 43
2726.9 753.2 17.08659 1.516 0.76 28.6 0.9 25
1689.9 784.6 104.88270 5.654 0.68 24.7 0.9 91
1536.2 771.0 28.01021 2.821 0.45 -37.3 1.2 71
4188.3 759.2 19.51302 1.660 0.60 -11.5 0.9 31
4028.0 808.6 115.61020 5.302 0.72 -70.9 1.1 99
29.0 778.5 46.50989 4.314 0.73 -56.1 3.8 205
3327.5 749.0 21.76972 11.527 0.86 -79.6 3.4 241
64.6 759.3 8.24365 1.582 0.44 -76.2 2.2 67
1361.1 786.4 51.68348 5.385 0.91 82.7 1.6 107
4126.3 764.5 7.61626 1.740 0.61 69.1 0.8 27
1939.2 762.9 7.11845 0.969 0.25 0.6 4.5 133
3767.6 762.6 6.32415 1.759 0.58 -3.8 0.4 17
2314.5 766.3 6.18838 0.339 0.03 47.8 2.3 95
1861.2 779.9 10.07566 2.254 0.44 -61.8 4.5 165
1609.3 810.3 68.44034 2.784 0.57 45.4 0.9 49
2086.1 785.3 11.45581 2.516 0.75 -3.9 1.1 41
3132.6 920.1 1639.06500 7.520 0.63 -82.7 1 153
2652.5 808.9 86.51994 7.984 0.19 -13.0 2.1 421
2993.1 786.2 7.12099 1.736 0.86 62.1 4.5 93
2793.6 799.0 39.88744 34.515 0.45 48.8 4.5 653
3100.4 805.2 11.40268 1.511 0.03 75.4 4.5 649
3183.8 815.4 6.90440 0.606 0.09 -78.2 2.8 97
1494.9 820.7 9.21926 1.693 0.65 -72.8 1.5 41
1985.3 819.1 93.28393 39.281 0.62 -51.1 2.3 631
3075.6 852.8 37.21907 3.531 0.68 -33.0 0.8 49
1098.6 832.7 21.07353 2.604 0.57 0.6 1.4 65
1660.4 831.3 11.59220 1.484 0.51 -14.6 2.4 69
4180.0 824.4 6.04080 1.983 0.47 28.0 0.5 23
3873.6 839.0 12.06953 2.652 0.41 -74.2 2.5 115
2554.5 851.0 32.83874 3.418 0.84 -36.9 0.8 41
1901.1 841.1 14.63029 1.844 0.14 15.2 3.6 217
1836.2 847.4 15.94786 2.346 0.68 8.3 1.3 51
367.9 842.9 9.18429 3.691 0.57 27.5 0.3 29
1148.6 849.2 11.11627 2.124 0.91 45.9 0.4 17
3576.1 851.2 18.44743 1.833 0.74 1.6 0.9 31
1893.4 932.3 20.46932 2.010 0.69 -74.4 1.3 45
2753.1 855.4 12.19185 0.844 0.22 89.4 4.5 199
3752.4 863.1 27.07030 3.401 0.75 40.5 1.2 63
2099.7 883.6 41.50553 3.504 0.59 -86.8 0.8 51
3362.5 851.4 7.19965 0.448 0.36 72.9 4.5 103
2503.1 874.0 55.84651 1.735 0.81 15.8 1.5 49
548.5 873.4 24.77320 1.997 0.79 33.1 1.3 43
2491.6 870.0 20.25349 5.189 0.70 48.2 2.2 135
1438.9 877.3 16.75349 2.468 0.58 -89.0 1.2 55
1781.4 866.7 11.22228 2.431 0.60 38.0 2.2 81
1857.4 875.2 25.04773 3.925 0.86 1.3 2.8 125
2591.0 875.5 14.20658 1.699 0.79 69.2 0.5 17
1618.4 872.5 11.36846 1.039 0.50 42.4 4.5 115
2673.3 884.2 28.70287 2.901 0.79 6.1 4.5 233
399.7 879.1 18.72099 3.447 0.83 -63.9 1.1 55
2456.1 882.5 19.38525 1.065 0.40 -76.6 4.5 163
3209.0 872.3 10.99356 2.648 0.79 40.6 1.1 43
1973.1 881.9 17.84623 2.674 0.61 -57.0 3.4 127
332.0 893.2 34.91306 2.245 0.90 -39.0 1 35
185.8 875.7 5.56262 0.220 0.20 67.2 1.5 15
1686.1 877.7 11.96898 3.432 0.38 -10.6 0.7 51
2868.2 881.7 14.87784 5.013 0.10 -55.2 4.5 557
3223.9 896.4 24.41415 1.800 0.35 -55.1 4.2 173
301.0 904.7 34.01310 1.951 0.75 48.1 1.1 39
1224.1 899.9 17.17478 3.088 1.00 67.5 0.5 27
1552.4 896.2 78.63493 34.036 0.23 9.8 3.4 1063
2288.4 982.4 895.99170 7.356 0.61 31.1 1 145
2187.4 899.7 17.33181 2.491 0.40 -73.5 3.9 169
2444.6 904.2 21.32428 2.007 0.86 -88.4 1.6 51
2065.7 897.1 12.62520 1.710 0.18 68.0 4.5 279
3647.3 891.3 29.07328 31.371 0.22 -3.4 4.5 817
2264.5 886.4 8.13545 1.817 0.19 43.6 4.5 269
489.8 919.2 14.84401 2.643 0.34 65.4 3 147
1408.5 907.3 9.12626 1.718 0.19 49.6 3 139
3635.7 919.3 18.18653 3.303 0.33 80.6 4.3 233
3845.1 940.5 45.28360 6.295 0.56 -29.2 0.4 57
384.9 909.8 11.31230 0.574 0.13 58.5 4.5 219
2640.6 926.5 42.32267 5.806 0.72 44.7 1.8 139
2237.7 931.7 48.02354 1.321 0.73 1.5 4.5 137
391.3 931.8 32.62322 2.314 0.78 9.7 0.7 29
3260.4 938.7 26.71051 3.478 0.71 55.2 1 53
4120.5 966.9 51.53734 5.428 0.43 68.1 1 105
1704.2 937.2 12.28909 3.075 0.65 -77.1 0.3 23
1616.5 927.0 6.92150 0.874 0.23 2.7 1 29
2572.6 948.1 32.30733 2.991 0.61 48.7 1.9 95
2423.6 939.3 15.35617 2.399 0.77 22.7 0.8 33
2169.7 928.8 5.38039 0.390 0.15 -63.5 2.2 43
4023.3 945.4 8.40239 1.354 0.54 80.2 3 73
527.7 932.8 6.39371 0.505 0.12 -40.7 4.5 185
106.2 930.2 5.47080 0.361 0.47 58.5 4.5 75
1816.9 935.0 7.22319 2.396 0.65 74.5 1 39
3458.6 967.7 50.35273 4.033 0.81 -24.1 1 61
2766.8 957.1 14.72505 3.448 0.59 55.8 0.6 39
3399.3 972.3 52.32653 2.938 0.76 -70.8 0.9 45
2656.1 942.5 16.40457 8.293 0.58 36.7 4.5 291
1144.2 941.9 8.32593 2.973 0.15 7.6 4.5 287
2925.2 970.9 32.85958 7.913 0.76 -68.5 0.9 97
3452.7 999.6 122.86280 6.456 0.76 50.1 1.1 111
3278.0 961.0 16.90975 4.806 0.34 88.3 4.5 329
967.4 971.7 17.33110 3.057 0.71 -10.0 0.3 25
299.1 967.0 13.57418 0.803 0.34 -64.0 2.5 59
1788.7 967.8 13.84838 2.473 0.42 39.6 2.5 111
244.9 977.8 59.71234 2.200 0.60 20.1 3.4 149
3770.6 963.6 7.61069 2.125 0.85 -29.0 0.3 15
284.2 1032.8 238.52640 7.809 0.61 -12.3 1 139
719.4 960.2 10.46357 4.435 0.77 44.3 1.4 75
1849.8 966.4 7.10952 2.138 0.32 -48.6 3.6 133
2840.7 978.2 11.01777 1.081 0.61 73.3 4.5 97
3147.7 1001.2 73.47486 3.703 0.41 -50.9 4.5 383
77.1 985.9 18.15528 4.012 0.75 5.2 0.8 47
1710.8 999.3 27.79012 1.987 0.79 87.4 1.1 37
779.7 998.7 78.50553 21.201 0.52 -60.7 4.5 717
2353.9 977.5 6.22765 2.370 0.60 -83.5 1.6 55
2015.8 992.4 21.02338 3.100 0.70 -7.3 0.9 47
1638.2 991.5 7.18631 0.075 0.15 -16.9 4.5 73
2250.1 1022.3 30.36972 3.937 0.47 -87.0 3.1 189
1177.7 1004.0 14.09021 1.725 0.43 22.0 1.9 69
68.5 1063.5 277.04430 7.362 0.73 -36.0 1 121
2632.9 997.1 7.98391 0.635 0.10 -17.9 3.6 121
500.1 1004.5 13.49980 3.444 0.75 13.7 0.4 27
335.5 1021.5 30.92512 3.394 0.79 50.9 1 53
4024.0 1003.7 9.02706 1.811 0.97 -43.5 0.6 19
761.4 1010.3 104.65360 56.025 0.73 -25.2 4.5 835
4121.8 1005.1 12.20261 4.501 0.70 41.9 4.5 199
1890.9 1003.1 8.54838 2.460 0.36 -71.4 2.9 121
1187.6 1024.9 16.66976 2.607 0.54 -58.2 0.9 45
3011.6 1047.9 73.65736 4.855 0.55 15.4 0.7 69
3746.1 1030.4 35.35490 7.123 0.54 -84.0 4.2 303
1934.0 1019.3 9.53669 1.086 0.41 36.5 4.5 125
3605.2 1024.8 10.25223 0.924 0.11 81.2 4.5 315
3434.6 1021.9 40.90837 23.984 0.30 -27.1 4.5 749
3738.1 1043.8 39.49216 4.006 0.87 -61.4 3.9 177
1899.2 1052.0 33.09978 2.968 0.69 -44.9 2.6 119
3325.8 1028.7 12.16908 3.122 0.11 -63.9 4.1 335
3540.3 1141.4 1512.62600 6.609 0.90 -25.2 1 115
195.7 1036.3 5.02388 0.117 0.01 -73.7 4.5 161
2610.1 1063.9 34.64282 1.893 0.88 -71.7 0.7 25
1420.6 1060.2 20.72138 8.147 0.47 52.1 3.5 273
2409.8 1155.4 336.69540 7.823 0.53 -74.2 1 151
229.3 1060.7 5.31879 0.229 0.49 -83.2 3.7 29
720.2 1066.6 16.40489 2.916 0.53 -13.3 1.1 59
2358.1 1082.0 35.74339 4.323 0.64 -38.4 0.3 33
3455.6 1105.1 82.70905 13.033 0.73 60.2 4.5 501
1738.4 1064.1 13.76167 2.396 0.69 -22.7 4.5 171
1685.8 1217.3 1536.94300 8.563 0.54 65.7 1 183
3642.7 1072.3 19.46573 2.629 0.30 27.2 4.2 217
3796.8 1078.7 24.08110 3.575 0.87 29.6 0.6 37
1882.6 1077.6 15.79752 2.876 0.51 56.0 0.8 43
746.5 1087.0 45.45306 3.387 0.81 -6.5 1.4 73
3585.8 1071.1 20.86946 4.856 0.47 41.2 4.5 277
3238.0 1067.3 8.84190 1.999 0.88 -7.7 4.5 113
2138.7 1085.4 13.02339 3.407 0.40 -49.0 0.6 49
2007.9 1088.6 12.41502 3.187 0.85 25.4 0.4 25
734.6 1201.6 793.38390 6.370 0.66 -89.5 1.1 133
680.2 1083.1 9.27212 1.705 0.82 23.7 1.1 29
184.7 1092.9 20.54117 1.297 0.76 4.9 0.8 21
1442.7 1098.0 24.46579 4.926 0.86 -32.8 4.5 209
2862.1 1103.5 28.59194 3.298 0.83 27.2 0.6 35
3619.5 1097.5 11.80174 1.223 0.74 48.8 4.5 103
4077.1 1103.4 19.73454 2.837 0.45 -82.1 4.5 205
611.3 1097.5 12.60540 5.019 0.45 34.9 2.3 155
3782.6 1113.3 21.29790 0.940 0.45 32.9 4.5 133
2031.0 1141.6 97.62058 5.043 0.84 -16.0 1.1 83
2706.5 1099.8 6.61116 0.138 0.15 -2.9 4.5 81
4121.7 1117.2 16.19597 4.092 0.92 74.9 4.5 173
90.4 1111.3 6.21670 0.488 0.56 -72.4 3.8 47
862.7 1191.7 553.22120 6.433 0.88 60.4 1.1 117
3557.2 1294.3 185.89250 7.089 0.73 -6.9 1 111
2994.0 1115.8 6.69492 0.471 0.11 49.1 3.5 95
586.2 1163.3 146.47290 8.940 0.89 62.2 2.4 255
1355.3 1118.0 7.05534 1.021 0.17 33.1 4.5 177
3116.4 1134.0 17.94654 2.853 0.81 -31.7 0.7 33
429.5 1115.0 6.72949 2.317 0.33 -20.8 1 51
134.0 1121.3 6.12777 0.679 0.28 25.2 4.5 93
3327.4 1139.7 9.91299 2.015 0.80 -39.6 2 57
1781.5 1140.9 9.20071 2.058 0.53 29.6 1.1 43
620.4 1436.0 4158.92800 11.104 0.71 -26.3 1 215
3643.4 1383.7 3852.74100 8.781 0.75 -47.1 1 173
1444.5 1166.2 71.30060 2.353 0.96 12.7 0.8 31
3955.2 1157.2 10.60861 2.538 0.83 -38.5 0.3 17
1858.3 1228.4 196.68740 7.703 0.74 -75.3 1 121
3884.6 1151.2 5.19622 0.169 0.04 -48.9 4.5 113
1766.4 1156.5 6.80700 1.244 0.50 -70.1 3.2 71
40.8 1174.9 27.58515 1.157 0.85 63.5 1.4 29
1471.8 1215.9 121.19940 6.773 0.84 -83.5 1.1 107
3231.2 1239.0 526.41850 5.727 0.82 -51.3 1 99
3205.0 1183.3 29.47925 2.409 0.93 -71.6 1.1 41
586.8 1213.3 126.42940 4.924 0.99 -58.3 1 73
50.4 1251.9 227.50390 7.670 0.58 -76.0 0.8 113
1904.4 1174.9 10.80327 0.695 0.01 -0.2 4.5 795
3859.4 1177.1 4.82600 0.185 0.02 -85.9 3.8 147
3389.1 1217.2 29.40465 5.558 0.64 78.4 0.7 67
2713.3 1196.5 24.88596 4.231 0.67 10.4 1.2 75
2137.0 1307.7 144.47960 7.162 0.89 -34.2 0.9 97
3965.4 1277.9 814.33060 7.425 0.72 -9.6 1 137
1126.3 1207.7 38.03395 2.124 0.81 74.0 0.9 33
3623.7 1201.6 12.78500 3.286 0.74 48.5 0.5 29
1396.6 1219.5 44.58980 2.411 0.77 63.0 1 43
3857.4 1240.3 83.88773 6.417 0.73 37.4 0.8 87
2805.7 1206.3 24.89096 5.020 0.50 49.4 4.5 279
2149.1 1217.8 41.90387 2.522 0.80 49.6 1.2 49
332.7 1204.3 13.49807 0.897 0.33 40.3 4.5 173
270.0 1210.6 21.05875 2.857 0.32 -14.2 4.5 315
2980.5 1217.6 18.58306 3.344 0.74 -82.8 0.8 45
3704.5 1206.9 9.57675 1.303 0.94 -25.0 4.5 85
412.1 1215.3 13.25146 0.941 0.48 -75.2 2.3 51
231.6 1221.6 14.26592 4.282 0.57 -84.3 0.6 49
1107.2 1217.0 19.90153 2.701 0.43 -18.6 4.5 283
2028.3 1203.8 6.33926 0.901 0.10 -84.9 4.2 161
3245.2 1211.0 22.78184 16.216 0.21 81.6 4.5 665
175.7 1213.7 5.67879 1.588 0.87 -58.6 0.8 21
160.9 1329.1 224.81380 6.685 0.56 -62.5 1 131
792.0 1231.7 7.39671 0.951 0.22 40.9 3.9 111
3741.9 1242.1 23.33120 3.026 0.96 -30.4 1.9 73
3273.1 1247.4 18.56920 1.997 0.81 63.7 1 33
4034.8 1255.6 59.39313 1.947 0.75 57.3 4.4 157
282.4 1231.5 4.87538 0.171 0.02 37.9 4.5 159
1444.4 1255.8 24.69467 2.585 0.74 86.9 0.9 39
140.6 1240.7 7.81168 0.922 0.58 -27.0 4.4 77
1151.7 1278.6 86.90368 4.500 0.97 -72.3 0.9 61
4034.1 1273.0 77.68809 2.593 0.92 14.7 1.1 47
2921.5 1328.2 72.21058 3.082 0.78 -6.9 0.9 45
1645.0 1264.1 32.22739 2.777 0.96 -12.7 0.7 31
2544.6 1267.0 37.48069 3.452 0.85 -69.3 1.2 63
1571.2 1237.6 3.19485 0.008 0.11 -69.3 3 5
659.4 1329.5 490.74820 5.806 0.99 70.3 1 93
2360.2 1242.3 13.38714 5.333 0.33 87.8 2.3 191
2793.9 1243.3 7.03568 2.905 0.64 31.8 1 45
2245.7 1270.7 13.65936 3.195 0.34 52.9 0.4 39
1095.0 1263.7 11.21878 1.790 0.72 -89.3 3.4 85
2522.1 1259.0 13.89278 4.317 0.64 -48.1 4.5 205
246.4 1253.8 6.28971 0.234 0.03 32.1 1.3 37
607.9 1255.7 7.52630 1.876 0.68 37.9 1 31
886.9 1265.0 14.12474 1.068 0.12 -2.1 4.5 335
3809.2 1265.7 11.16983 2.236 0.30 -84.2 3.6 155
1321.8 1338.7 98.30167 3.753 0.39 25.5 3.1 261
3128.7 1267.2 9.07268 3.053 0.76 65.5 0.7 33
3295.0 1274.4 17.13243 2.534 0.83 -8.1 0.3 17
3186.3 1282.7 22.07869 2.018 0.83 25.5 0.8 29
1964.5 1279.2 14.16239 4.125 0.61 -47.5 0.5 41
1738.8 1266.0 9.35663 2.055 0.31 -80.9 1.1 53
4054.9 1298.1 54.07148 2.252 0.68 -52.1 1.3 53
2046.7 1400.5 146.32930 6.834 0.78 76.4 0.8 89
3773.1 1273.8 13.53850 3.161 1.00 -41.8 1.2 47
3915.0 1295.2 67.06892 2.410 0.77 31.7 4.5 209
1430.7 1283.6 14.83696 1.760 0.50 -18.1 1.3 47
2881.0 1278.0 6.03625 1.375 0.61 -38.3 1.3 31
2944.6 1284.2 12.75106 2.847 0.85 56.3 1 39
2281.3 1273.8 8.40413 2.323 0.13 83.2 4.5 277
2208.1 1303.1 26.40732 1.508 0.83 84.3 1.2 31
2588.9 1284.0 6.47520 2.655 0.85 5.6 0.4 21
591.5 1289.2 5.19514 0.004 0.02 -16.7 3.1 9
1827.8 1288.8 8.71007 2.100 0.91 19.5 4.4 95
1575.9 1311.7 27.53887 3.594 0.74 -88.7 1.1 61
3281.4 1340.0 120.76750 5.398 0.90 -60.5 0.9 75
2485.4 1293.7 7.33984 0.713 0.02 -84.5 4.5 619
3300.1 1296.3 6.36128 2.088 0.60 28.2 1.2 41
1404.1 1296.1 6.85012 0.604 0.17 -78.9 4.5 177
3154.6 1315.6 28.07258 2.860 0.68 -4.9 0.9 45
3075.3 1313.3 19.07473 3.679 0.62 28.2 0.4 31
407.4 1295.5 5.75249 1.358 0.90 -42.2 4.5 87
696.8 1302.7 16.51620 5.404 0.22 5.1 2.5 251
1394.3 1317.1 20.18258 2.560 0.50 -9.3 0.9 47
1527.0 1318.0 13.33585 3.593 0.45 -35.4 0.5 43
1136.6 1314.6 14.24982 1.544 0.45 3.9 4.5 163
997.7 1376.4 261.35330 6.759 0.87 -14.0 1 107
610.0 1311.4 7.79855 2.792 0.67 -28.5 0.7 35
1603.1 1331.3 54.00965 15.101 1.00 89.7 4.5 405
1930.6 1340.1 53.92709 1.893 1.00 -58.2 0.6 19
730.0 1313.7 5.83412 0.732 0.10 -78.9 3.5 125
2518.3 1334.9 24.73690 2.871 0.61 3.2 0.7 39
215.9 1419.5 611.72400 5.977 0.78 87.2 1.1 117
341.7 1324.8 10.15320 3.157 0.77 11.4 4.5 149
3982.2 1358.6 71.18406 2.689 0.85 -74.2 0.9 41
248.0 1540.2 754.70360 9.713 0.71 48.3 1 177
972.0 1334.2 11.45253 3.006 0.84 -59.6 0.8 35
1391.6 1339.8 15.53055 0.898 0.21 13.6 3.4 113
2058.4 1336.2 7.34438 0.136 0.01 52.5 4.5 427
1877.3 1358.6 24.02364 3.883 0.62 -82.6 1 65
835.5 1333.2 4.56197 0.301 0.15 -22.9 3.6 59
3889.2 1344.5 8.04718 2.765 0.91 -4.8 0.3 19
3945.0 1365.7 15.89259 3.235 0.77 32.7 0.3 23
1207.5 1377.6 32.26308 2.940 0.65 41.3 1.1 55
63.2 1372.7 14.00837 2.603 0.54 -18.8 0.5 29
579.6 1390.7 47.71018 2.496 0.32 48.3 4.5 323
2122.5 1381.8 21.58055 4.043 0.74 -54.7 0.7 49
3723.6 1397.3 50.61212 1.771 0.79 40.1 1.5 47
2372.3 1409.3 37.40309 3.847 0.64 50.2 0.6 45
2012.2 1395.8 22.75911 2.591 0.73 21.7 0.6 31
69.7 1421.7 78.85244 3.200 0.71 40.5 1.6 91
2285.3 1394.4 11.51202 0.600 0.24 16.0 4.5 113
3266.9 1575.4 7133.57400 9.239 0.61 34.2 1 205
2305.4 1404.9 13.36729 1.165 0.40 75.9 3.7 101
3740.7 1404.8 23.64736 2.346 0.69 -10.2 1.5 59
3406.8 1424.4 32.85150 4.458 0.40 -64.5 0.3 41
1685.3 1520.6 1657.80600 7.894 0.97 73.9 1 129
1430.4 1402.6 7.62215 1.118 0.38 -6.3 3.1 77
3189.8 1401.0 9.55179 1.287 0.23 44.1 4.5 233
1123.7 1431.1 38.42071 3.870 0.78 20.0 1.1 63
1724.4 1402.7 10.59273 3.295 0.18 63.1 1.4 123
21.1 1417.0 12.40877 0.358 0.20 86.6 4.5 157
129.5 1436.1 37.12364 5.834 1.00 2.1 1 71
2832.4 1417.0 8.61579 1.068 0.14 40.6 0.4 21
647.2 1664.7 5053.00400 8.064 0.82 -78.4 1 159
3062.5 1435.0 27.09832 2.416 0.88 17.0 0.8 33
3943.9 1428.0 13.23870 0.934 0.06 -71.9 3.1 185
4011.1 1435.0 18.84166 2.980 0.77 41.3 0.6 31
4075.2 1441.0 25.66093 2.161 0.82 -48.6 1.4 49
1058.5 1433.9 15.64128 2.534 0.50 -51.8 1.9 83
2782.3 1436.4 17.96097 1.779 0.94 -20.9 1 29
1262.5 1436.8 34.82196 9.134 0.31 -8.7 4.5 549
1827.9 1417.5 12.38007 10.224 0.41 -16.9 4.5 339
3754.7 1433.0 6.77986 0.056 0.14 35.1 4.5 77
555.2 1450.1 43.97969 9.491 0.45 16.6 4.5 517
4197.5 1444.8 7.63125 1.523 0.27 -55.8 0.7 31
3448.3 1536.3 270.67630 5.128 0.69 -73.5 1 91
2218.4 1455.8 15.32637 3.512 0.67 -0.4 0.3 25
1248.9 1452.8 22.42999 5.109 0.73 -45.1 4.5 271
1096.8 1456.8 14.05498 2.128 0.84 9.2 1.1 37
2279.9 1452.8 8.52716 0.646 0.12 43.3 4.5 189
2245.9 1456.9 27.30904 5.229 0.28 7.0 4.5 425
2554.4 1451.1 5.84683 0.199 0.47 -55.2 4.5 67
1649.2 1484.1 48.77967 2.398 0.68 -24.3 1.7 75
3552.2 1484.7 25.69048 3.713 0.81 74.7 0.6 37
1009.0 1471.2 12.67810 2.606 0.72 35.5 0.5 25
3666.4 1479.3 35.25228 2.877 0.52 10.3 1.1 63
4148.6 1465.4 11.68987 4.603 0.39 35.9 0.3 43
413.9 1493.1 34.32602 3.156 0.67 63.7 0.7 39
92.6 1464.6 18.26312 5.164 0.28 44.9 4.5 325
3893.8 1486.6 27.24563 2.532 0.88 80.9 0.7 29
2314.8 1497.3 46.18207 2.455 0.85 65.4 0.7 29
1177.0 1487.3 16.61813 3.124 0.70 26.8 0.7 37
3421.4 1491.8 84.67185 51.885 0.67 77.4 4.5 781
2605.3 1563.5 30.24105 5.312 0.56 4.3 4.5 267
320.7 1481.7 6.07978 0.335 0.22 14.4 4.5 77
1625.9 1491.6 18.57063 1.829 0.53 -16.4 4.4 139
3996.9 1492.4 13.10472 1.598 0.14 -86.9 4.5 341
354.1 1501.3 26.35023 2.531 0.76 21.8 1.2 51
3523.6 1494.8 7.59281 0.224 0.08 74.4 4.5 159
2995.4 1492.7 8.94233 1.930 0.33 -3.3 3.1 115
184.5 1505.5 16.34230 2.343 0.80 -2.4 0.8 33
2037.9 1496.0 9.85848 2.067 0.43 30.5 4.5 197
715.2 1539.0 103.50560 4.660 0.90 -7.0 1 71
1098.6 1520.8 23.56102 5.007 0.27 34.7 3.2 277
2934.3 1524.4 14.34217 1.730 0.83 -85.3 4.5 121
57.1 1525.0 8.63972 1.329 0.54 -18.2 3.8 87
547.9 1548.7 79.87132 2.568 0.49 22.9 4.5 267
128.7 1534.4 21.52248 4.710 0.52 30.2 0.9 73
3591.9 1527.8 11.96927 3.455 0.65 -53.7 0.5 35
3143.5 1569.8 86.40938 4.728 0.86 -60.4 0.9 67
3470.3 1543.7 36.82538 4.778 0.64 28.6 4.5 287
2660.3 1529.9 10.79200 1.788 0.25 -14.7 4 163
3179.8 1542.6 17.35125 1.186 0.51 -62.7 4.5 133
2212.3 1544.1 14.09735 1.903 0.10 -8.7 4.5 393
822.4 1567.3 47.01250 4.083 0.88 -16.6 0.8 49
128.2 1589.5 173.12520 6.245 0.75 20.1 1 101
586.2 1554.7 18.00136 1.969 0.72 -46.6 2.8 87
1963.0 1565.2 21.36816 3.232 0.78 50.9 0.7 37
1266.8 1568.0 37.51913 2.545 0.82 85.7 1.9 75
1086.5 1560.9 16.46480 1.774 0.75 90.0 1 33
1196.1 1592.3 82.87276 4.540 0.82 -85.8 1.1 79
1816.6 1560.2 14.11447 3.437 0.54 -40.7 0.6 41
4142.5 1563.7 16.73957 2.078 0.40 -28.5 4.5 227
1293.9 1574.6 46.12823 8.414 0.53 -5.2 4.5 413
3542.8 1560.1 9.27209 2.413 0.33 33.8 1.3 67
3447.7 1568.0 23.53222 6.395 0.50 -84.6 4.5 335
4182.6 1573.6 12.31502 2.949 0.82 -45.8 0.3 21
2031.7 1574.2 10.94985 3.309 0.70 -3.3 0.3 23
1214.0 1561.7 6.31982 0.637 0.03 -41.4 3.7 205
4022.1 1575.0 13.60610 1.143 0.70 -19.8 3.1 65
744.1 1594.6 30.12109 4.398 0.62 7.7 0.8 61
585.5 1616.4 73.46136 2.422 0.95 60.9 1.4 53
834.8 1602.5 14.77487 2.426 0.54 61.7 1.1 47
719.5 1817.8 343.14860 8.398 0.79 -25.4 1.1 141
2246.9 1599.2 11.15800 1.047 0.18 68.7 3.1 115
3038.5 1606.7 13.52954 3.528 0.25 42.3 0.7 69
2121.2 1670.3 90.95701 5.802 0.61 -16.6 0.9 89
1394.1 1604.0 10.78453 2.127 0.40 49.6 0.4 25
2654.7 1602.0 14.00791 3.960 0.91 -89.2 4.5 155
1272.4 1735.2 554.33170 6.583 0.95 80.0 1.1 111
261.3 1606.9 7.37115 0.379 0.13 35.1 4.5 189
3554.9 1625.5 24.04636 2.211 0.71 32.0 0.8 33
3606.8 1631.2 34.83223 3.001 0.85 -9.2 4.5 239
3844.4 1619.3 7.86457 0.174 0.06 -80.6 4.5 181
3873.9 1616.8 8.15737 1.405 0.46 75.5 3.6 93
3429.7 1627.0 12.54003 1.481 0.75 -53.1 3.5 81
2543.4 1644.7 41.41088 1.663 0.84 60.2 1.3 39
2802.2 1727.8 941.91480 7.603 0.95 -55.6 1 123
175.9 1629.6 9.78423 1.848 0.60 -2.4 1.3 43
3759.5 1643.0 46.20878 2.333 0.64 -29.5 1.7 73
2347.1 1636.9 13.47891 2.908 0.47 73.3 0.3 27
1003.5 1633.0 12.00835 1.576 0.40 -38.1 1 37
1474.7 1643.2 6.88514 0.022 0.33 73.8 1.2 3
1406.1 1671.2 93.23075 4.205 0.81 23.2 1 65
2865.9 1684.4 95.48912 4.883 0.59 83.1 1.5 127
2848.0 1667.2 59.66836 3.957 0.65 1.1 1.4 91
42.0 1714.9 449.19150 5.422 0.82 -41.4 1 97
3849.1 1659.8 29.26121 8.898 0.87 -78.6 3.5 231
728.6 1647.3 8.99182 3.205 0.67 -1.0 0.3 25
3639.3 1716.6 151.47410 5.197 0.75 -79.1 1.3 107
336.8 1697.3 110.21230 5.450 0.77 27.6 1.3 111
948.2 1716.2 117.32280 6.159 0.67 48.8 0.9 95
3417.5 1665.3 13.76141 1.406 0.40 25.8 4.5 163
1175.0 1775.6 2264.39800 6.602 0.73 19.0 1 133
3846.3 1678.2 39.12169 7.171 0.60 11.4 4.5 341
754.4 1665.8 11.02486 1.970 0.34 -44.3 0.9 43
1334.1 1673.6 16.76166 1.398 0.75 10.9 1.6 41
1355.9 1692.5 56.74792 2.519 0.90 34.2 0.8 35
542.2 1701.2 33.07878 0.822 0.83 47.3 4.5 85
3021.8 1684.7 5.32210 0.181 0.45 53.3 4.5 71
3332.3 1697.3 10.29914 2.780 0.42 -61.7 0.4 29
1163.9 1702.0 12.05173 1.078 0.16 44.5 1.8 75
2395.3 1876.2 416.60950 5.661 0.79 85.0 1 95
1006.8 1699.7 6.19140 0.661 0.08 -40.0 0.6 25
3040.4 1727.2 63.07447 3.533 0.44 30.8 1.2 93
4078.7 1773.8 410.75890 6.838 0.87 20.2 1 105
3439.2 1709.0 15.78767 1.579 0.60 60.6 4.5 159
2924.8 1726.8 36.63566 3.146 0.82 46.9 0.8 41
3284.2 1714.6 8.89581 0.826 0.18 -81.6 2.4 75
2019.0 1819.3 1019.31600 7.880 0.64 -22.5 1 159
1711.6 1755.0 90.36497 5.868 0.78 -44.4 1.4 115
1813.0 1705.5 16.29315 8.187 0.04 65.4 4.5 1077
487.0 1724.6 9.81889 1.035 0.24 -40.4 4.5 179
1825.2 1763.9 99.15359 4.409 0.98 9.6 0.8 55
1712.7 1803.8 347.37320 6.997 0.73 -24.6 1 117
885.2 1796.7 466.21500 5.550 0.85 26.8 1 97
3723.2 1751.4 12.86278 2.906 0.86 -45.8 0.7 31
2599.8 1765.1 39.46279 3.340 0.58 8.3 0.9 57
552.8 1774.8 45.30857 1.308 0.94 28.0 4.3 105
3176.2 1752.7 5.56515 0.328 0.05 -24.3 2.1 57
1546.2 1800.9 75.14980 4.575 0.76 -78.8 0.9 67
631.0 1771.2 9.17448 2.674 0.70 23.1 0.3 19
1869.1 1803.9 37.19815 2.182 0.93 -49.1 1 35
113.6 1810.8 61.98107 1.950 0.60 17.4 4.5 217
1043.6 1797.2 40.19618 13.857 0.43 0.7 4.5 493
1472.4 1789.9 14.14727 5.270 0.70 -46.7 0.6 51
1581.9 1793.9 4.92918 0.249 0.14 85.6 2.8 41
3771.7 1820.6 48.27833 2.265 0.75 45.4 0.9 39
2495.3 1799.9 9.51137 0.239 0.03 15.8 4.5 261
2980.7 1895.7 148.49790 6.751 0.96 90.0 1.3 123
781.2 1816.8 8.65756 2.678 0.42 60.9 0.8 47
3564.5 1828.7 22.95087 1.684 0.88 -25.6 2.2 57
272.2 1831.7 20.59919 3.043 0.71 -32.9 0.3 23
2982.6 1829.3 14.79218 2.587 0.70 -14.2 1 43
39.3 1827.1 9.65919 0.627 0.08 89.9 2.8 109
1183.1 1888.0 453.39210 6.664 0.63 6.4 1.2 147
584.3 1818.9 4.68414 0.081 0.05 25.1 4.5 127
421.8 1825.8 6.16627 0.462 0.10 -0.4 4.5 201
3081.3 1840.0 12.80342 2.407 0.82 -72.9 0.3 17
1164.7 1834.6 7.78115 0.482 0.57 84.3 3.2 41
1325.0 1934.1 142.34970 6.474 0.78 36.7 1.2 119
3508.8 1943.8 269.26200 7.764 0.74 26.1 1 125
3898.6 1835.3 5.77216 0.056 0.88 44.0 1.6 5
947.6 1857.7 43.10724 3.483 0.73 68.5 0.8 47
453.2 1847.9 31.59186 2.099 0.43 -30.7 4.5 255
3322.1 1850.3 18.24540 1.947 0.92 42.5 1.5 43
1260.0 1843.9 11.94736 3.290 0.69 40.6 0.4 27
2453.2 1844.5 14.85382 1.868 0.85 -4.9 1.1 31
1729.7 1868.2 60.38667 1.530 0.98 -70.3 1.2 31
2437.8 1851.3 18.72342 6.133 0.21 -25.0 4.5 437
3296.3 1864.5 21.15523 0.942 0.60 6.8 4.5 121
2338.7 1903.7 125.43750 4.967 0.96 33.4 1.1 83
769.1 1887.8 49.59444 3.598 0.81 61.1 1 55
2691.1 1857.5 5.44969 0.531 0.15 -58.3 4.5 183
3877.2 1865.1 6.33484 0.929 0.16 74.0 1.3 47
1402.4 1885.4 20.14940 2.091 0.87 -36.3 1.2 39
1586.3 1870.7 6.84227 0.391 0.07 14.7 2.6 75
3728.7 1890.0 40.82598 2.182 0.65 20.9 2.8 109
3838.7 1899.4 16.32841 2.845 0.40 -57.7 3 149
1697.7 1909.3 69.79581 3.513 0.65 -42.9 1.1 71
3685.3 1888.9 12.25410 2.359 0.31 -77.5 1.5 81
3750.2 1885.9 38.84627 18.826 0.72 2.8 4.5 459
2942.7 1890.9 10.28866 1.632 0.38 75.5 3.3 109
4001.2 1888.3 9.09924 2.752 0.88 -42.9 0.3 19
124.6 1894.3 17.09086 2.087 1.00 19.9 2.5 69
652.0 1894.0 9.41722 0.208 0.84 89.6 4.5 59
3973.3 1914.5 52.11688 2.178 0.88 73.2 1.5 53
2256.4 1907.1 27.11563 3.023 0.50 11.8 2.7 139
998.6 1914.4 49.24015 2.317 0.71 -17.8 0.9 39
696.6 1910.4 15.82891 2.354 0.66 -75.7 1.2 49
4180.4 1900.4 8.68553 0.867 0.08 52.6 4.5 291
361.6 1899.7 9.10329 1.538 0.20 -14.7 4.5 197
383.8 1918.6 32.11778 2.828 0.81 55.6 0.9 41
1956.5 1913.1 44.73912 16.102 0.53 -22.3 4.5 525
177.6 1920.3 28.19794 5.976 0.46 -59.0 3.7 265
784.4 1919.8 17.14259 2.002 0.90 -79.3 0.6 21
935.5 1928.4 23.24711 2.299 0.87 -1.1 3.1 99
39.7 1942.7 79.37141 1.074 0.62 11.8 4.5 215
585.2 1918.2 6.15575 0.352 0.47 -25.5 4.5 91
2495.8 1935.9 18.05441 3.477 0.84 -71.9 1.3 61
1796.0 1937.6 13.95555 1.951 0.36 -84.7 2.1 91
689.9 1951.0 53.92928 1.706 0.97 -30.2 0.8 25
452.7 1930.3 3.85252 0.010 0.16 -83.1 4.3 9
1027.8 1953.5 23.22544 3.391 0.77 33.0 0.6 37
2310.4 1958.2 44.53468 2.349 0.66 41.4 0.8 39
2556.6 1949.5 13.05414 2.903 0.58 -40.1 0.3 23
3642.0 1987.8 85.78131 4.755 0.89 2.9 0.9 63
376.1 2002.0 116.03750 7.138 0.50 48.0 1.1 147
451.9 1966.1 51.90508 1.685 0.93 -72.4 0.6 19
497.3 1948.2 10.08575 4.187 0.60 -41.4 2.4 117
1867.4 1953.8 13.77524 1.145 0.21 -16.9 4.4 163
3914.7 1970.2 37.57117 6.934 0.53 85.9 2.7 237
637.1 2004.6 141.23170 6.998 0.43 32.7 0.5 87
3850.2 1957.2 8.83767 1.745 0.85 44.0 0.8 23
2428.5 2020.4 69.05550 5.510 0.36 72.7 0.9 111
698.2 1963.5 9.52342 1.783 0.48 2.2 2.1 67
2036.7 1962.8 7.71668 2.510 0.36 -66.7 4.5 207
1004.4 1975.1 8.71127 1.954 0.95 -48.8 0.5 17
477.7 1987.9 26.87064 4.015 0.44 25.2 2.9 187
3517.7 2045.7 410.16310 6.164 0.89 7.8 1 97
2724.5 1975.0 8.98564 1.991 0.79 2.7 1.4 41
2324.3 1987.4 28.58243 2.117 0.37 0.2 4.5 229
2483.5 2016.5 36.06335 4.091 0.27 49.0 0.5 65
2158.7 1982.3 8.78641 1.043 0.16 50.1 1.9 71
3104.6 1984.7 26.85374 4.754 0.50 1.3 1.3 107
4159.6 1977.8 6.66572 0.372 0.06 -49.1 1.5 39
3738.0 1989.0 16.94190 1.069 0.75 34.0 4.5 107
2996.6 1984.3 12.00537 2.937 0.49 -59.0 1.5 75
3919.9 1985.7 70.76173 37.428 0.51 68.6 4.5 779
3359.6 1988.2 8.44315 2.620 0.78 52.0 0.4 21
2534.7 1992.9 15.54934 1.428 0.51 -4.5 3.4 97
2896.8 2038.0 78.54850 4.358 0.62 -84.4 1.1 85
4011.5 1984.2 7.81658 1.512 0.86 -46.1 4.5 87
2872.9 2006.0 20.46479 2.607 0.69 18.3 0.8 37
1913.9 1988.6 11.17598 2.483 0.32 -16.0 4.5 215
3915.1 1997.3 27.05964 6.296 0.33 80.1 4.5 405
1395.1 2020.9 58.39256 3.180 0.87 35.5 0.9 45
807.6 2003.0 27.56310 6.727 0.55 -11.2 4.5 353
563.9 2082.0 219.74410 6.594 0.71 82.7 1.1 119
2538.3 2016.8 32.74788 2.053 0.87 5.6 2.4 79
902.6 2034.1 107.72190 4.950 0.69 -3.6 1 85
1028.4 2018.4 30.77461 2.643 0.13 23.6 4.5 415
1046.7 2061.6 195.70320 7.182 0.70 19.4 1 115
111.6 2197.4 4925.45700 10.017 0.71 -82.0 1 207
59.0 2030.1 54.22049 3.127 0.64 73.6 1.2 69
2108.0 2061.7 156.67870 6.798 0.90 -75.6 1 99
710.1 2045.7 56.98179 3.830 0.44 -74.2 0.7 59
2156.4 2009.0 6.70224 0.110 0.02 45.4 4.5 289
211.6 2010.5 8.14871 1.697 0.38 -74.0 1.4 51
2736.1 2002.8 3.89898 0.133 0.07 47.4 4.5 143
791.2 2016.1 11.20275 1.377 0.39 -48.5 4.5 171
3612.1 2016.0 7.71062 0.627 0.05 41.6 4.5 249
240.1 2020.5 6.62547 0.290 0.09 -8.0 0.7 13
2615.8 2022.8 8.36326 1.780 0.66 -62.6 2.9 73
2290.2 2052.2 82.26842 2.263 0.91 73.6 3.3 131
2840.1 2048.3 58.98077 1.336 0.68 14.9 4.5 167
3032.7 2074.3 84.67064 4.810 0.85 -67.8 1 71
2031.6 2066.3 23.07246 2.980 0.82 90.0 1 45
1596.4 2044.4 14.47473 2.337 0.77 -23.8 0.5 23
1202.4 2039.5 7.13665 2.610 0.76 62.9 0.3 19
2980.2 2058.0 28.82838 3.172 0.85 78.9 0.8 41
2860.8 2047.7 18.37716 1.998 0.80 11.8 4.5 135
2161.7 2048.4 11.59696 2.389 0.44 -1.0 1.1 53
3486.2 2124.5 295.00990 6.440 0.80 62.8 1 103
2794.9 2064.3 20.52306 2.424 0.94 14.2 0.6 25
201.2 2078.5 58.06409 1.495 0.68 57.5 1.4 45
682.9 2120.2 157.09750 7.556 0.91 -15.6 1.2 129
3810.9 2177.1 629.39030 8.813 0.48 49.4 1 183
2366.8 2088.4 47.47518 2.783 0.60 -69.3 0.8 43
1173.2 2055.5 5.62378 1.446 0.36 13.1 1.4 45
1754.2 2069.1 9.48811 2.191 0.55 37.9 0.9 37
585.8 2119.5 143.18410 7.067 0.87 -22.5 0.9 97
3125.0 2080.5 17.37801 2.939 0.65 16.7 0.7 35
3082.5 2070.4 16.56442 6.026 0.95 -76.2 4.5 207
4032.6 2085.2 24.88826 3.640 0.48 6.5 1 69
806.6 2071.3 5.49221 0.936 0.68 -74.9 3.3 51
2935.9 2085.5 12.69160 1.863 0.66 -0.2 1.7 53
2572.8 2093.8 27.44104 1.766 0.90 65.0 1 29
127.3 2090.3 11.73937 1.736 0.58 72.8 1.1 37
2909.0 2089.7 10.96677 1.430 0.12 -15.8 4.5 241
3955.8 2094.9 11.44642 3.464 0.46 85.2 1.3 77
3281.0 2085.5 8.42811 1.409 0.15 -38.5 4.5 277
1206.0 2095.3 10.24246 0.899 0.22 -20.5 1.7 51
1397.3 2091.8 11.51694 2.768 0.41 -5.8 4.5 235
1895.3 2128.5 95.14874 4.871 0.88 -17.6 0.8 63
3079.4 2117.2 69.61443 1.904 0.91 -0.5 0.8 29
2074.3 2099.2 10.79910 1.874 0.82 12.8 0.3 15
3589.8 2127.8 53.68687 3.498 0.57 88.2 1.2 77
334.8 2113.4 23.11747 3.158 0.77 -10.7 0.9 45
489.7 2100.3 6.09070 0.043 0.97 -35.4 2.5 5
1857.2 2119.3 29.73425 2.361 0.77 78.6 1 41
523.2 2119.0 40.32391 1.424 0.93 6.8 1 25
983.0 2136.3 57.83240 5.651 0.50 -24.4 0.8 85
462.7 2110.5 10.36827 2.271 0.83 7.1 0.7 27
1769.7 2146.7 81.30984 3.112 0.95 -67.6 1.2 57
979.4 2111.6 25.21439 28.399 0.77 -85.3 4.5 399
3767.1 2135.5 36.85064 1.748 0.68 25.4 4.5 149
4170.8 2142.7 81.21793 1.497 0.70 58.8 4.2 147
1321.4 2124.3 8.29147 0.847 0.11 27.7 4.5 265
812.8 2135.1 15.25867 4.066 0.18 -46.7 4.5 413
2435.0 2176.1 108.98220 4.750 0.99 -38.3 1 71
2677.4 2197.3 242.82770 5.101 0.84 40.4 0.9 81
749.7 2168.4 74.61250 2.378 0.82 89.5 1.2 49
3146.1 2193.5 171.14630 4.988 0.95 -0.3 1 73
4049.5 2157.5 22.44654 2.771 0.50 40.6 1.4 71
491.8 2167.0 24.13038 5.028 0.91 44.4 1.1 69
2979.5 2163.2 20.06688 2.931 0.69 69.2 0.5 27
1085.9 2148.6 10.35644 1.659 0.29 32.6 1 45
242.7 2161.1 18.93449 1.483 0.77 55.2 1.3 33
1750.5 2164.9 25.16549 6.294 0.61 -73.6 1.3 115
2750.8 2146.2 7.43108 2.107 0.39 60.3 4.5 197
157.7 2174.4 42.81581 3.837 0.77 -7.0 2.7 141
359.9 2172.1 34.68796 1.268 0.49 62.2 4.5 169
3998.0 2153.4 10.01777 2.500 0.38 36.7 1.8 85
2578.5 2155.9 10.27601 2.645 0.54 -28.0 0.5 29
1165.4 2159.5 9.71439 1.881 0.54 39.1 4.5 135
3495.6 2184.4 24.12586 3.079 0.53 -74.7 0.7 41
4113.9 2181.3 47.98402 1.532 0.89 -26.6 1.3 37
190.6 2184.3 27.73356 2.467 0.64 60.0 0.7 35
1719.6 2161.8 9.80089 3.356 0.28 16.1 4.5 223
2640.1 2170.2 12.58261 2.230 0.53 5.7 1.7 65
601.9 2457.9 17023.45000 8.216 0.94 -72.4 1 161
3592.0 2187.6 35.16478 2.582 0.75 5.6 2.5 101
681.4 2289.9 1002.09700 8.810 0.87 53.8 1 151
1590.6 2189.6 33.41618 3.381 0.78 29.9 4.5 219
2612.6 2176.3 5.44915 0.304 0.07 -21.7 4.5 137
1864.8 2250.4 174.82430 7.263 0.70 -46.7 0.9 113
3579.9 2197.9 25.66800 2.089 0.68 -39.6 3.6 121
4031.3 2203.7 9.41272 1.847 0.21 -68.6 4.5 257
3035.5 2222.0 53.93619 1.930 0.82 38.9 1 35
4067.9 2222.1 21.62414 3.251 0.77 -24.6 0.5 31
2927.6 2209.4 4.46224 0.014 0.03 -51.9 4.5 85
2045.6 2228.3 13.76514 2.514 0.63 80.5 0.9 39
3743.0 2219.5 9.95502 3.360 0.77 47.7 0.9 45
253.1 2223.4 7.63651 1.632 0.35 0.9 1 39
2350.5 2221.7 5.85045 2.040 0.83 -3.6 0.7 23
2088.2 2239.3 13.81338 3.626 0.37 53.7 0.5 45
1290.4 2249.7 30.20180 1.473 0.69 -22.8 4.5 147
3518.9 2290.2 95.34209 5.050 0.77 -63.6 1 83
3515.3 2256.7 14.01686 1.839 0.59 -26.9 1.9 63
2140.9 2265.4 15.52862 3.531 0.92 -57.2 0.7 37
1076.7 2278.7 37.44328 2.211 0.97 -84.9 0.7 25
585.0 2283.2 40.13941 0.840 0.66 -28.4 4.5 103
3221.3 2283.4 32.77760 3.501 0.72 56.2 0.9 51
196.5 2369.4 24.88660 3.829 0.59 88.8 0.8 57
2231.4 2283.2 30.80424 1.447 0.86 70.3 4.5 173
591.2 2321.3 95.31896 5.440 0.88 75.4 0.8 69
2270.4 2352.9 392.91290 8.216 0.49 -19.0 1 169
3453.8 2290.2 13.07886 2.656 0.77 13.5 0.5 27
3906.4 2283.5 22.72861 5.927 0.32 40.0 4.3 327
1475.1 2366.9 275.28450 7.536 0.53 67.3 1.2 173
2397.5 2280.4 6.71527 0.598 0.08 -19.5 4.5 177
2962.6 2282.8 7.44124 0.446 0.08 -50.9 4.1 123
120.1 2299.7 13.94337 1.214 0.08 -84.8 4.5 295
2741.4 2336.0 100.42990 5.964 0.85 78.9 1 85
3945.5 2329.5 112.70690 4.436 0.98 73.2 1 67
2077.3 2298.0 12.41624 1.462 0.97 -32.0 4.5 93
3713.2 2331.8 93.97266 4.249 0.95 -0.1 1 65
3496.2 2296.5 32.62688 22.107 0.45 19.2 4.5 553
1131.0 2346.9 147.05690 5.982 0.96 38.7 1.1 93
2665.3 2299.9 14.41423 1.868 0.10 12.8 3.7 261
1106.4 2316.5 18.91105 2.234 0.79 88.7 0.7 27
3295.4 2320.1 19.59192 2.900 0.76 -67.3 0.6 31
1670.1 2304.6 8.43088 2.005 0.45 7.0 1.5 55
2824.2 2299.7 4.48362 0.008 0.17 56.3 3.9 7
12.3 2315.0 12.13187 1.463 0.17 54.7 4.5 263
1999.5 2331.0 53.47756 3.773 0.85 -60.6 4 191
2217.3 2311.1 10.06081 1.707 0.29 14.1 0.9 41
2018.4 2336.8 52.76536 2.258 0.45 46.4 4.5 307
2861.3 2342.1 62.88523 2.528 0.48 -74.6 1 59
830.3 2333.2 28.46809 2.459 0.81 -49.4 0.8 33
431.4 2317.1 6.92219 0.823 0.54 -28.8 4.5 125
1551.7 2349.1 53.74437 4.111 0.66 -74.0 0.8 57
3331.9 2317.8 12.55083 2.524 0.26 -19.8 4.5 227
2537.6 2314.4 5.40518 0.041 0.36 61.5 4.5 39
1656.0 2347.8 45.19165 2.706 0.79 21.7 0.7 33
463.5 2322.4 8.72435 3.492 0.96 -44.0 3.7 107
1345.9 2322.4 9.60349 4.151 0.55 74.5 0.3 33
893.7 2362.7 57.01666 3.243 0.60 32.1 1.7 97
1157.8 2357.2 49.49869 4.271 0.70 -6.4 2.6 159
1737.3 2329.3 5.35286 0.953 0.60 -66.2 1.4 27
2593.6 2342.8 14.88849 1.857 0.63 53.3 3.8 109
2143.1 2352.7 23.96366 1.996 0.35 -3.6 4.5 275
1741.4 2350.6 13.10502 1.232 0.27 54.5 2.1 73
321.0 2353.5 16.65976 3.049 0.37 -75.0 4.5 293
148.2 2374.7 25.07096 4.751 0.74 66.4 0.8 59
548.2 2351.1 8.79230 0.928 0.24 -7.7 1.2 37
3989.4 2370.5 55.06720 1.083 0.80 48.7 4 99
1427.0 2367.3 24.32890 1.431 0.94 -81.2 2.9 67
960.9 2358.7 17.97676 5.314 0.63 -51.5 2.5 153
3937.2 2379.5 52.82154 3.652 0.61 -5.5 1 65
2681.9 2383.3 41.83797 4.969 0.70 -86.1 0.8 65
866.2 2360.0 12.42157 1.058 0.27 5.6 4.5 135
1645.1 2369.8 17.09487 2.175 0.79 67.8 0.7 27
2602.2 2365.5 15.73068 2.788 0.74 47.3 3.8 125
1176.1 2375.2 22.05871 2.485 0.65 -89.9 0.5 25
1780.4 2363.8 6.66040 0.523 0.03 77.1 0.9 43
1937.2 2395.0 69.79815 2.439 0.76 -16.1 0.9 39
3272.2 2384.4 28.36705 2.553 0.66 -4.9 1.1 47
559.0 2383.7 21.39099 2.847 0.85 72.4 0.4 21
1198.5 2392.5 35.24336 3.542 0.87 67.1 0.9 47
4043.3 2444.2 242.32710 6.028 0.90 -60.6 1 89
2977.2 2373.2 6.52973 0.587 0.04 7.4 2.3 109
642.4 2389.0 11.07034 0.472 0.07 -23.6 1.8 59
2688.9 2399.5 24.12025 6.718 0.50 55.2 3.6 255
2933.4 2406.9 30.19089 2.592 0.64 -32.4 0.8 39
469.5 2402.2 18.44007 2.195 0.91 2.2 0.9 29
3056.6 2544.3 2417.34400 10.363 0.82 37.5 1 179
3326.0 2394.7 7.50098 1.627 0.61 63.7 2.2 57
83.2 2415.8 17.76392 2.375 0.82 80.1 0.8 31
754.7 2457.5 172.73050 4.746 0.71 -41.6 0.9 77
1201.1 2472.6 169.72630 6.847 0.92 -35.8 1 101
774.7 2431.6 43.87215 1.934 0.86 -64.3 0.8 29
3125.5 2524.5 589.65590 7.014 0.72 23.1 1 131
2165.4 2421.0 12.62791 1.483 0.67 10.2 2.2 57
3679.3 2449.9 42.89745 3.784 0.59 72.9 1 67
3130.8 2436.2 22.17784 4.205 0.49 -6.7 0.4 43
3221.1 2438.9 28.94782 2.873 0.49 -1.1 4.5 223
2951.0 2500.4 221.07260 6.581 0.72 -60.7 0.9 103
2539.8 2447.5 29.24981 2.220 0.88 61.7 0.4 17
406.1 2439.7 6.63994 1.646 0.35 -17.2 0.8 31
1467.2 2437.0 11.82476 4.632 0.06 -82.7 4.5 751
485.6 2449.8 5.15468 0.697 0.18 89.5 1 25
2421.8 2446.6 7.16691 3.471 0.45 -80.6 4.2 155
927.0 2481.0 22.55469 1.806 0.94 -62.0 3.1 81
3606.3 2513.4 78.14127 5.018 0.84 41.9 0.8 61
1173.2 2476.6 23.51216 4.168 0.37 -13.5 4.5 333
856.4 2468.6 10.89640 2.362 0.18 40.8 4.5 295
1825.1 2524.1 155.22620 5.324 0.72 -49.9 1 87
2722.4 2470.0 5.44571 0.623 0.09 30.9 0.6 23
3843.9 2474.9 9.09852 1.587 0.73 -54.4 1.2 31
2546.5 2476.8 8.79521 1.640 0.28 -69.6 4.5 165
975.4 2629.1 73.80573 5.493 0.74 -33.5 0.8 73
3256.4 2565.3 527.66280 7.890 0.72 -57.3 0.8 107
2364.6 2504.0 43.77702 2.745 0.60 -87.0 1.1 57
1240.7 2492.9 18.76003 2.375 0.81 47.8 0.9 33
943.0 2487.7 14.18981 2.358 0.22 3.1 2.5 149
836.3 2517.6 35.11427 5.797 0.47 86.8 0.9 101
4146.5 2498.2 10.73802 1.991 0.78 -80.3 1.2 37
258.0 2500.3 14.07518 1.534 0.68 72.3 2.2 57
2786.6 2498.8 11.06029 1.958 0.53 51.0 1.1 41
1468.8 2494.2 9.95502 2.380 0.74 53.6 0.8 31
1283.1 2496.5 10.08852 0.278 0.04 56.6 0.7 19
2888.7 2511.1 25.55184 3.120 0.64 -4.6 1.2 61
2655.0 2496.7 7.22660 0.399 0.02 16.9 1.1 53
1682.9 2530.7 72.18278 3.523 0.79 -76.6 1.3 73
967.5 2498.8 7.37957 1.172 0.21 70.1 3 103
433.5 2508.5 16.34850 2.837 0.46 -47.8 1.1 63
3808.8 2516.8 20.08174 1.947 0.99 -33.4 1.3 37
1633.7 2507.3 8.17129 0.248 0.22 -46.0 4.5 99
309.2 2502.2 17.60908 22.335 0.19 -27.0 4.5 657
1701.7 2513.2 57.10829 34.750 0.30 -10.3 4.5 933
513.5 2511.5 8.79446 2.947 0.54 22.9 0.7 37
900.5 2588.3 209.88660 7.187 0.76 53.3 0.8 91
3654.6 2532.5 20.68268 2.045 0.67 11.2 1.5 51
1098.5 2617.1 384.82420 7.644 0.83 -85.6 1.1 129
339.6 2551.5 71.24076 3.516 0.95 76.0 1.5 75
2985.8 2581.7 213.21350 5.648 0.88 36.5 0.9 79
1214.8 2537.5 16.69993 3.630 0.77 -34.0 0.4 29
787.2 2525.6 3.22121 0.014 0.08 68.4 2.9 9
1760.8 2533.7 12.72230 8.846 0.53 -62.0 4.5 289
1498.8 2549.2 21.07281 2.717 0.93 -36.9 4.5 163
2420.5 2542.9 9.72439 0.930 0.08 48.7 4.5 283
419.9 2546.3 12.53892 2.923 0.69 -25.2 1 45
1741.4 2555.9 18.03263 3.217 0.58 -27.6 1.1 59
1884.5 2565.6 26.77378 3.644 0.60 44.0 4.5 221
986.6 2553.3 6.60501 0.608 0.60 -64.5 4.5 101
2215.3 2567.6 18.24423 1.743 0.65 37.6 2.1 63
2929.3 2556.7 6.25367 0.527 0.30 22.9 3.2 55
852.9 2567.1 9.62783 3.310 0.73 -40.2 0.3 25
1294.0 2578.7 24.72176 2.072 0.89 71.9 0.6 21
1507.0 2573.2 15.44729 3.360 0.43 88.1 4.5 227
1748.3 2627.6 245.09870 5.302 0.86 -46.2 0.9 79
2594.7 2567.7 12.56752 4.937 0.60 -9.2 4.5 235
716.1 2626.4 12.90607 2.395 0.33 -12.6 1.6 83
2288.9 2582.2 30.03472 6.416 0.56 11.3 0.4 55
494.1 2570.9 7.63172 1.396 0.25 70.1 4.5 149
1162.0 2577.8 11.02761 3.432 0.78 -76.7 0.8 43
2335.3 2652.5 261.63460 6.607 0.70 -80.8 0.8 91
4107.2 2576.2 10.42256 2.450 0.66 -13.9 0.4 21
820.6 2584.9 12.83003 1.931 0.57 -63.6 1 37
2575.1 2626.9 78.57172 5.002 0.72 -19.2 0.8 67
3580.9 2653.2 311.14140 5.916 0.90 -87.0 1 89
1034.8 2592.5 21.58030 3.363 0.51 -36.9 0.3 29
360.8 2647.5 248.36740 5.910 0.62 -12.7 1 109
1364.6 2606.1 16.21379 1.765 0.47 57.7 3.3 111
2177.7 2627.6 51.00662 2.769 0.71 -87.4 0.6 33
284.4 2607.4 10.27731 0.624 0.13 4.3 3.8 117
2488.7 2631.9 21.88371 3.148 0.81 -49.8 0.3 23
3694.8 2632.7 34.85357 3.042 0.77 -25.3 1.4 67
3180.2 2693.8 321.36430 5.579 0.79 -81.4 0.9 91
767.8 2616.8 4.37610 0.022 0.03 -19.8 1.3 7
1522.4 2643.0 41.77684 2.844 0.66 56.1 1 51
1805.2 2634.8 24.92169 2.362 0.66 -47.6 3.2 119
708.7 2629.5 10.09588 2.025 0.14 -50.0 1.7 111
1782.7 2646.3 73.36428 6.903 0.24 -7.8 1.9 299
753.7 2661.0 47.06337 3.099 0.41 36.8 1 71
271.5 2658.9 38.42883 2.952 0.74 4.6 1 49
3608.0 2754.2 450.72410 8.868 0.63 36.3 1 163
2285.1 2650.6 16.04972 1.929 0.61 89.1 0.8 29
4183.0 2641.7 6.94649 0.339 0.14 -55.2 4.5 105
3148.1 2654.2 23.82086 3.138 0.65 1.1 0.6 35
2888.7 2691.0 134.13290 5.722 0.95 28.9 1 81
2009.3 2668.5 49.83879 3.843 0.71 14.7 0.7 49
2253.8 2699.8 181.03850 5.421 0.67 -29.7 0.9 87
539.8 2655.6 19.92570 1.833 0.73 -25.3 4.5 129
326.1 2755.7 1032.91100 6.813 0.74 27.9 1.1 133
2666.8 2663.3 8.73804 2.121 0.42 -82.8 1.6 63
3867.4 2653.0 5.70818 2.290 0.61 89.6 0.4 23
2640.4 2681.2 10.76488 2.013 0.38 -85.7 1 47
1348.5 2663.7 7.22909 2.480 0.61 -68.0 0.5 27
3866.0 2692.7 21.31031 3.569 0.69 -78.2 1 55
3157.4 2675.1 73.67880 35.313 0.59 -86.3 3.5 667
934.8 2676.1 7.75301 0.846 0.09 15.4 4.5 299
1037.8 2701.6 31.53971 3.519 0.48 19.7 0.9 63
1422.8 2700.5 37.94932 3.329 0.87 69.4 1 49
3607.6 2701.8 73.44037 1.748 0.67 -43.6 1.8 65
3220.7 2687.4 9.51833 1.871 0.90 -64.2 0.7 21
2928.3 2854.5 176.25290 7.594 0.86 -61.8 1 115
522.8 2706.4 37.71837 1.987 0.86 -10.1 0.6 21
4066.4 2714.3 30.04735 7.777 0.23 -87.2 4.5 541
2601.6 2700.3 13.84021 0.698 0.71 18.3 4.5 99
2391.2 2694.1 9.06901 2.252 0.86 -27.7 1.2 37
927.7 2743.3 95.68309 6.007 0.80 47.0 1 93
904.7 2722.5 39.11610 2.560 0.64 63.7 1.2 55
2195.1 2714.8 26.94742 2.618 0.84 -29.8 0.8 35
2844.7 2731.4 79.21201 4.122 0.70 -38.9 1 69
1298.1 2735.1 91.60536 6.089 0.64 16.7 1.1 111
3871.4 2828.7 1484.71600 6.905 0.79 58.5 1 127
1937.2 2723.1 22.98279 4.670 0.43 -36.1 0.9 85
1354.8 2733.8 47.62897 2.172 0.54 23.9 2.5 113
1625.1 2706.4 7.12440 2.286 0.36 26.3 1.7 75
103.0 2740.0 47.81232 3.185 0.59 -47.7 1 61
1151.2 2732.8 20.49401 2.877 0.71 89.4 0.6 31
4187.4 2727.2 13.22367 2.388 0.71 -80.1 0.7 29
4117.9 2727.9 11.47860 2.521 0.71 54.4 0.3 19
2745.6 2736.6 29.49261 3.188 0.60 17.1 0.6 39
241.6 2721.6 7.04275 1.000 0.66 54.8 4 67
2478.1 2727.8 12.84517 2.331 0.65 63.2 4.5 151
1675.1 2723.1 9.67288 1.704 0.29 12.3 4.5 189
4184.7 2801.0 264.69180 5.786 0.62 -72.0 0.9 103
432.4 2743.7 18.40776 2.426 0.91 57.9 0.7 29
885.2 2726.5 15.62151 5.671 0.08 4.9 4.5 697
2912.4 2737.0 8.85289 1.780 0.34 -55.0 4.5 171
1915.7 2757.3 19.23428 1.752 0.79 54.9 3.2 85
2627.1 2745.3 22.54857 15.581 0.39 74.8 4.5 481
3019.8 2743.7 7.51923 0.939 0.06 4.2 3.7 209
1226.3 2754.4 13.42977 3.319 0.40 52.7 4.5 227
2696.9 2758.2 10.23320 1.340 0.33 -55.8 1.4 47
3255.8 2748.1 6.07940 1.281 0.27 -29.3 3 93
1773.4 2793.1 73.26775 6.177 0.51 29.8 0.9 103
412.5 2755.7 7.23876 1.213 0.32 -26.8 4.5 159
1473.3 2765.9 8.79062 2.554 0.37 -27.0 0.8 47
2350.6 2775.3 12.41844 2.018 0.56 66.0 3.5 109
1561.8 2760.4 8.07264 1.334 0.83 84.0 4.5 111
34.9 2769.4 5.41698 0.002 0.02 0.9 4.5 13
302.8 2785.1 36.77921 3.023 0.64 29.8 4.5 249
987.0 2770.6 7.20254 1.401 0.31 -52.0 2.9 89
448.8 2789.1 27.44939 2.566 0.88 82.1 0.9 37
3079.1 2776.1 7.41972 3.092 0.69 66.1 0.3 23
3922.0 2779.5 5.00544 0.094 0.14 68.9 4.5 99
3.1 2800.4 11.30804 0.170 0.24 -81.9 4.5 51
1840.6 2780.9 7.09559 1.963 0.43 -44.9 2.1 75
2839.7 2828.9 86.60439 5.990 0.55 8.7 1 105
874.9 2847.6 104.71110 5.906 0.83 -38.0 0.9 79
949.9 2800.8 11.22370 1.591 0.33 0.4 1.5 57
2127.9 2823.3 31.83876 2.323 0.92 -30.4 0.9 33
4079.6 2821.4 17.69865 1.757 0.80 -75.3 0.9 27
842.7 2935.5 1587.75500 9.009 0.56 -30.0 1 191
1732.2 2826.3 16.31387 2.731 0.39 -68.2 1.4 77
2643.7 2813.5 7.70961 2.649 0.11 39.3 4.5 333
2522.7 2819.6 9.65415 2.856 0.49 -88.3 0.4 27
1579.4 2833.9 11.05234 2.180 0.45 48.6 1.4 61
3986.5 2888.5 190.06400 6.523 0.54 33.2 0.8 109
3017.4 2824.3 6.35590 0.788 0.07 72.1 4.5 217
1063.0 2871.3 81.11417 4.549 0.95 36.1 1 67
2376.5 2842.6 8.75675 1.103 0.31 -65.6 1.5 45
1783.0 2846.3 7.25747 0.621 0.22 -35.2 3.4 77
456.6 2859.2 27.42488 2.871 0.57 -35.5 1.6 79
3705.0 2842.0 4.98245 0.461 0.39 15.7 4.5 59
1329.7 2870.2 41.53146 2.161 0.87 15.1 0.5 21
1610.3 2880.4 58.20585 2.979 0.87 -48.8 1.4 67
436.3 2866.4 27.48484 2.223 0.63 30.2 1 43
4050.4 2866.7 23.46097 5.754 0.39 -26.6 4.1 285
3099.5 2881.2 32.82711 5.276 0.47 26.8 0.9 91
3502.0 2862.9 6.69866 1.622 0.33 -29.3 1.9 65
335.3 2930.3 110.47770 5.728 0.91 -20.4 1.1 87
2760.1 2883.7 6.00654 0.911 0.99 63.7 4.5 79
3710.5 2898.7 7.33597 2.366 0.33 68.6 0.6 35
1695.1 2899.3 15.97903 1.182 0.24 20.5 4.5 169
2451.2 2935.2 120.08970 4.591 0.91 -14.9 0.9 63
205.0 2898.6 12.19033 3.799 0.52 -31.8 3.4 155
552.4 2889.4 10.70559 4.803 0.53 -69.8 1.3 89
154.4 2895.2 8.41108 2.736 0.29 -30.9 4.5 203
900.3 2919.8 40.19773 2.804 0.61 10.6 2.3 111
1241.7 2909.7 9.19657 1.545 0.65 69.3 3.1 75
3076.7 2932.1 57.87496 3.847 0.64 -81.0 4.5 351
3201.2 2921.4 27.88736 4.018 0.36 34.5 0.5 55
4031.3 2913.8 19.55475 2.010 0.50 5.7 3 113
2791.2 2909.0 8.08114 0.448 0.07 72.7 4.4 151
3963.9 3000.3 496.68060 6.511 0.70 -72.8 0.9 113
4013.5 2919.6 28.25847 3.393 0.92 47.4 4.5 225
1897.9 2918.3 14.61478 2.800 0.89 -7.1 0.9 37
1992.1 2977.7 137.39500 6.858 0.48 55.5 0.9 127
1369.2 2932.7 40.53871 3.712 0.78 8.4 2 103
52.5 2929.2 13.83983 4.342 0.61 86.9 0.4 37
3805.2 2929.1 21.03165 5.171 0.15 30.3 4.5 475
2281.6 2923.4 12.15740 1.448 0.86 18.3 2 45
207.6 2924.2 9.17390 2.323 0.24 -14.0 2.2 117
3081.3 2954.3 58.64386 3.956 0.95 -26.2 1.1 61
2280.2 2938.8 9.17236 1.537 0.13 -75.4 4.5 331
589.8 2941.7 7.06571 0.762 0.11 -12.0 3.4 121
1442.6 2966.1 46.03216 5.886 0.66 -28.9 2 159
3015.8 2942.3 7.84836 1.899 0.48 -61.9 4 113
2602.9 2960.6 15.10765 3.242 0.69 4.9 0.4 29
1312.5 2957.8 10.42143 2.213 0.59 -6.6 1 41
2561.9 2961.1 19.81905 8.053 0.55 -88.3 4.5 323
3460.6 2967.9 11.83679 2.245 0.83 -54.3 0.4 17
940.6 2970.5 7.02199 0.229 0.44 -10.6 4.5 69
2280.2 2989.9 56.97038 10.333 0.80 -84.5 4.5 371
1010.7 2978.0 14.30597 1.845 0.68 44.5 0.7 23
3604.5 2966.8 9.79965 2.887 0.51 65.7 4.5 181
3607.8 2977.5 25.50053 23.822 0.20 63.1 4.5 767
3191.0 2998.4 27.59777 0.689 0.61 24.1 4.5 119
32.4 2999.2 46.96962 8.162 0.70 -35.0 4.5 409
1297.1 3003.9 20.64563 2.755 0.65 86.4 0.6 33
70.8 3001.9 36.31605 6.931 0.70 69.2 4.5 305
2031.8 2988.4 7.19610 1.725 0.91 -53.0 2 45
408.4 3007.6 12.27680 3.535 0.93 -24.9 4.5 171
3368.4 3027.8 42.35867 3.742 0.63 -10.6 1.2 73
3499.2 3024.4 12.19084 1.135 0.65 -80.8 4.2 85
699.6 3039.0 35.68223 2.571 0.41 17.7 3.5 181
2048.9 3027.0 11.95221 0.902 0.35 -8.0 4.1 101
600.5 3047.3 43.54043 3.787 0.36 29.0 1 87
1308.2 3039.8 40.32505 1.748 0.96 82.5 1 29
3422.4 3017.1 6.07207 0.839 0.10 27.2 4.5 167
4041.3 3076.8 143.01480 4.951 0.92 45.0 0.9 71
2517.5 3041.6 18.79906 1.507 0.78 14.1 4.5 129
3396.7 3039.3 12.83465 3.618 0.73 -72.8 4.5 201
1460.9 3035.8 8.02744 0.652 0.08 -19.9 4.5 311
312.0 3052.4 19.14719 2.261 0.86 22.5 0.5 21
3386.9 3055.5 22.67268 2.588 0.78 -85.6 1 43
631.1 3082.6 89.37522 4.324 0.94 44.3 1 63
1623.7 3048.8 5.60985 0.675 0.09 -67.0 0.4 19
2986.9 3059.5 20.42815 4.584 0.46 13.0 0.3 39
1547.2 3062.3 19.54860 2.505 0.57 -33.9 0.9 41
878.3 3067.4 30.05118 2.787 0.64 -37.1 0.6 33
1718.5 3073.8 41.22737 1.756 0.78 50.4 0.7 25
1574.0 3075.6 23.51849 2.641 0.84 -81.2 0.6 27
3444.2 3061.5 6.34163 0.206 0.02 86.8 0.3 13
1960.4 3085.6 22.69238 4.596 0.59 68.7 0.6 53
798.4 3067.5 10.84046 2.920 0.24 -53.9 4.5 255
2315.6 3063.7 5.10730 1.078 0.15 -85.9 4.5 219
1181.7 3076.1 10.36154 2.533 0.51 -70.7 4.5 159
3801.1 3109.3 81.15368 4.764 0.70 20.1 1.1 87
1440.8 3082.6 13.36905 2.473 0.81 50.5 1.5 53
972.1 3075.0 9.68966 1.710 0.76 57.9 3.3 79
3782.7 3138.5 152.52810 6.730 0.93 25.2 1.1 107
3637.6 3082.7 10.95220 2.988 0.15 -4.3 3.7 263
1276.5 3124.1 54.21665 4.024 0.78 42.3 0.9 59
3109.4 3088.2 10.73044 3.281 0.64 -5.9 0.9 47
3936.0 3103.8 14.40049 3.487 0.53 -63.7 0.6 45
2163.3 3979.4 9.01356 0.333 0.02 60.6 3.4 169
3300.8 4094.0 231.61240 7.000 0.57 -3.1 1 125
2564.2 4097.0 18.20027 1.769 0.61 19.5 1.4 45
3609.8 3605.0 12.90763 2.561 0.55 -28.9 0.6 31
4008.0 3603.2 24.91311 1.453 0.96 -30.5 4.5 123
2040.5 3601.9 6.85091 1.835 0.14 -62.3 1.1 75
1415.3 3599.9 20.60127 2.299 0.66 -22.8 4.5 149
279.6 3590.3 13.42559 3.408 0.66 -14.9 0.3 25
3483.1 3563.7 717.42190 9.001 0.79 4.6 1 153
1392.8 3574.7 44.13179 3.828 0.62 -59.2 0.6 47
2691.5 3507.2 65.33910 27.318 0.86 -80.6 4.5 553
3441.0 3501.6 24.21996 4.692 0.48 64.2 0.4 43
1312.0 3440.6 33.45942 2.478 0.82 52.1 1.3 53
1629.0 3412.9 38.03045 1.771 0.66 74.3 2.8 97
3640.2 3391.7 44.54086 2.878 0.79 -67.6 0.7 37
3480.5 3391.4 59.57025 2.425 0.85 45.2 1 39
1155.9 3391.1 81.95420 2.661 0.69 9.9 4.2 205
3621.3 3390.6 54.04839 2.288 0.77 7.4 3.9 151
2561.2 3393.8 8.12031 0.463 0.04 88.9 1.9 85
3319.4 3443.3 5.97475 0.436 0.05 -12.3 4.5 215
2518.3 3523.6 15.37873 5.235 0.22 11.3 4.5 401
2312.1 3531.5 42.10783 2.379 0.89 0.8 0.4 21
1839.6 3488.6 392.75470 5.689 0.87 67.2 1 89
3311.2 3359.0 61.68135 28.392 0.99 -1.3 4.5 503
1192.5 3310.6 33.71015 3.611 0.56 78.4 2.7 151
2827.4 3302.0 6.82923 0.328 0.53 -3.5 4.5 81
2684.2 3248.2 158.49840 6.385 0.82 47.5 1 97
434.8 3121.1 36.88041 2.623 0.77 76.1 1.1 47
3126.1 4043.8 6.19187 1.261 0.31 50.5 4.5 177
1840.1 4019.7 388.74310 6.921 0.76 -26.3 1 121
3657.5 4011.6 14.86613 3.120 0.36 78.9 0.3 31
911.9 3704.9 15.52870 1.193 0.94 89.5 4.5 83
4142.4 3906.8 55.17156 4.762 0.65 -21.4 0.8 69
3378.0 3964.0 5.08829 0.538 0.15 54.9 4.5 131
3694.9 3870.2 186.35350 6.451 0.89 -74.7 1 95
534.8 3678.5 240.69830 7.091 0.75 83.8 0.9 107
1469.0 3767.1 14.04485 2.214 0.44 89.1 1 47
3530.9 3723.7 21.73700 1.966 0.78 -63.7 0.6 23
1836.0 3881.7 63.83094 2.414 0.89 38.7 0.8 33
1943.0 3969.5 7.96397 0.772 0.47 -41.5 2.4 45
1856.4 3803.9 1094.52300 7.902 0.60 52.7 1 157
52.6 3902.7 6.67307 1.371 0.54 -12.5 1.1 29
3778.1 3880.9 5.61243 0.304 0.06 -37.5 1.9 45
3025.3 3857.3 40.82602 1.955 0.81 26.0 1.2 41
1627.4 3877.9 28.18224 3.196 0.73 -1.0 0.9 49
3787.8 3757.4 97.44982 4.475 0.70 16.5 1.4 101
2139.7 3948.1 29.16636 2.756 0.70 61.9 0.7 35
619.4 3880.5 7.89451 2.246 0.17 26.1 4.5 277
2717.7 3959.6 33.04968 2.310 0.87 -37.4 1.4 51
1104.8 3886.3 25.58404 1.959 0.73 -11.7 4.5 143
2129.2 3875.3 30.08179 2.606 0.82 56.1 0.6 29
3895.7 3940.6 11.44377 6.757 0.31 -16.4 4.5 345
433.2 3793.9 40.86721 1.750 0.95 56.7 1.3 37
2360.1 3832.5 109.29460 6.183 0.87 43.9 1.1 95
3840.7 3916.2 14.04896 0.982 0.67 88.8 2.8 55
4074.7 3901.7 28.68541 3.364 0.53 36.5 0.5 37
1741.6 3878.5 24.81973 2.644 0.68 -21.1 0.9 41
1472.0 3929.5 5.60392 0.333 0.07 -21.6 0.4 11
1142.9 3829.8 15.19291 1.156 0.21 -6.9 3 119
2506.1 3865.5 10.96046 2.724 0.65 -46.7 4 125
132.1 3805.6 40.75632 5.606 0.71 -18.2 1.6 121
8.7 3825.8 6.26220 2.712 0.22 -58.0 2.8 149
921.2 3873.9 36.97404 3.069 0.80 -20.3 0.6 33
4025.9 3895.5 9.41985 0.395 0.05 63.0 0.6 19
3538.4 3864.9 18.90683 4.976 0.23 -26.6 4.5 405
2487.7 3893.5 21.76942 2.083 0.63 41.2 0.7 27
1893.0 3756.0 19.66942 2.935 0.76 -55.6 0.6 31
690.8 3696.0 27.33155 2.615 0.70 -76.1 1 45
3051.0 3863.5 16.93194 1.253 0.50 22.5 4.5 139
1010.3 3794.4 18.07199 1.035 0.48 41.3 3.1 79
2842.1 3861.8 6.04001 0.427 0.02 26.7 4.5 315
3795.9 3795.2 8.63771 2.110 0.68 48.7 1.3 45
3807.7 3870.1 6.45695 0.493 0.16 -88.8 4.5 143
1809.4 3849.4 7.16999 0.801 0.04 -15.1 0.7 45
2266.5 3852.5 50.00238 37.108 0.60 -14.0 4.5 631
4167.8 3811.4 8.54622 0.796 0.22 -16.5 4.5 195
1450.3 3733.9 15.50388 3.353 0.77 -87.7 2.7 109
2010.2 3741.1 7.23137 1.453 0.55 -15.2 4.5 131
528.8 3807.5 91.73338 5.975 0.59 31.8 1 101
625.6 3808.5 375.91890 7.932 0.89 36.5 1 121
2957.5 3679.3 37.25644 2.915 0.63 17.1 4.5 285
419.2 3855.8 15.86045 2.220 0.99 72.5 1.2 37
1863.1 3732.3 5.44683 0.260 0.02 11.2 2.5 85
3325.3 3814.0 30.17859 2.359 0.66 33.5 1.3 53
2328.7 3768.1 3374.44400 7.160 0.76 -41.3 1 141
2627.9 3734.2 8.37674 0.375 0.03 -11.6 2.9 141
1384.5 3786.5 61.40911 4.637 0.45 -80.6 0.9 91
1711.1 3800.8 5.05654 0.145 0.06 -46.3 4.5 159
3809.0 3716.4 55.21954 5.926 0.46 -31.7 2.5 235
2766.6 3737.8 9.54244 2.597 0.75 -58.2 0.3 19
709.0 3905.1 34.08766 2.702 0.62 78.1 4.5 277
3357.6 3805.1 20.33473 1.905 0.68 54.6 1.2 41
3730.0 3784.7 5.54950 1.482 0.81 -74.8 2.8 55
1036.0 3777.5 7.18889 0.532 0.60 -86.7 4.5 83
3490.4 3756.4 6.23860 0.511 0.39 78.5 4.4 65
3445.5 3793.4 2231.70500 6.594 0.81 -85.7 1 123
609.3 3766.3 99.12588 5.232 0.54 -6.5 2.3 207
1731.6 3788.9 11.05246 1.865 0.52 -2.8 0.7 29
954.2 3677.8 10.16669 3.102 0.71 -68.9 0.7 37
2748.9 3708.3 7.52970 2.817 0.63 -5.0 0.4 23
2925.5 3774.5 10.45373 1.891 0.46 66.9 2 71
2199.8 3748.3 14.03758 1.992 0.49 68.9 1.6 61
160.6 3763.0 29.23347 4.612 0.85 -11.0 0.5 37
1924.5 3632.1 8.05338 0.984 0.09 -30.5 0.4 27
2135.9 3745.8 38.19976 21.577 0.33 -36.1 4.5 687
2196.4 3691.5 16.14755 3.326 0.62 56.5 4.5 223
3702.5 3720.9 5.71843 0.028 0.29 -60.6 1.6 5
330.3 3724.6 15.27807 4.776 0.45 -12.6 0.8 71
1623.0 3799.9 12.45454 1.710 0.47 84.7 2.5 81
1415.6 3713.0 10.66935 2.194 0.79 -65.6 0.8 27
2315.8 3627.7 5.30979 0.814 0.99 73.3 4.5 69
3014.8 3714.1 24.84724 2.723 0.87 -79.6 1.6 63
3240.3 3666.4 67.12038 3.642 0.56 -68.2 1 69
3672.1 3769.0 20.06528 4.742 0.48 86.7 1.3 99
1442.5 3746.1 11.88978 4.016 0.48 87.4 3.1 155
2150.9 3716.3 115.14060 5.582 0.82 69.5 1 85
269.6 3747.4 37.80705 3.438 0.49 -15.4 1 67
577.2 3759.9 301.35090 8.047 0.65 64.7 0.9 129
3315.8 3729.8 74.96593 5.947 0.63 -65.5 0.6 65
284.9 3676.9 1276.59500 7.069 0.86 -52.1 1 129
1617.0 3668.5 59.34322 3.032 0.78 10.3 0.8 41
1341.2 3592.3 6.88226 0.364 0.27 78.5 3 45
737.7 3745.9 7.21232 1.331 0.62 40.0 2.4 53
1211.1 3752.1 4.14243 0.139 0.03 83.9 2.9 59
2366.5 3667.3 11.57383 1.221 0.30 -72.0 2.8 91
934.9 3716.0 5.98404 0.827 0.12 36.2 3.8 131
648.0 3720.1 9.09280 2.733 0.67 -63.1 0.5 27
1770.8 3983.5 28.31207 3.521 0.42 8.4 0.6 47
2897.0 3763.0 25.55196 11.927 0.23 7.1 4.5 607
1651.0 3554.0 390.92250 6.275 0.82 58.4 1 101
1367.8 3713.9 16.37955 0.849 0.49 72.7 3.5 75
3273.0 3729.9 16.28966 2.383 0.90 84.7 0.9 31
3935.8 3636.2 34.04465 2.273 0.71 89.2 0.7 31
1679.6 3549.7 15.25044 3.846 0.96 -81.0 4.5 189
4083.8 3676.1 25.57556 2.790 0.66 -87.8 0.7 37
2204.4 3716.3 20.06259 3.229 0.26 0.0 1.7 131
32.4 3626.9 13.26900 2.196 0.63 -74.0 1.8 63
544.6 3641.6 21.69463 1.981 0.68 -77.9 2.4 81
3331.9 3638.5 195.41990 7.548 0.74 -12.6 1.1 127
3976.3 3680.1 8.94603 0.229 0.11 87.6 4.1 77
4122.6 3666.6 6.25072 2.003 0.51 19.2 0.5 23
1632.7 3735.8 47.55744 2.434 0.80 13.3 1.1 47
761.4 3637.6 34.94175 3.227 0.43 60.0 1.7 107
4016.1 3667.4 48.87405 3.801 0.77 66.3 0.9 55
1691.0 3642.8 7.05530 0.854 0.03 -58.0 0.7 59
1090.4 3676.5 169.97920 6.755 0.75 -11.5 0.9 101
187.8 3693.4 137.52680 6.686 0.60 -49.7 0.8 95
2930.9 3710.7 83.44460 4.048 0.61 -8.5 1.2 89
3867.3 3570.3 13.57537 1.810 0.71 82.4 1.8 51
220.6 3635.9 9.45338 1.724 0.65 84.8 1.5 43
895.2 3671.9 37.84260 2.222 0.77 -25.1 0.9 35
909.9 3523.2 18.31798 8.782 0.45 -8.6 4.5 361
3885.1 3660.0 9.70983 0.409 0.08 -16.9 4.5 211
1207.4 3579.4 11.19803 1.706 0.60 -29.3 4 105
3224.3 3635.9 8.47912 2.044 0.55 8.3 1.1 41
1113.5 3613.4 7.32409 1.056 0.20 -80.2 4.5 219
352.6 3633.4 19.22828 3.739 0.47 -30.0 1.1 73
715.5 3951.6 3.67419 0.005 0.03 -45.9 4.5 29
465.5 3695.6 21.12254 3.958 0.61 89.5 0.3 31
3740.2 3603.5 61.13128 15.414 0.54 -59.8 4.5 539
3636.6 3607.0 49.33907 20.283 0.32 -64.4 4.5 727
2644.2 3927.3 9.91797 2.317 0.73 -7.9 0.8 31
774.7 3427.1 8.35972 1.938 0.12 -58.9 4.5 331
31.0 3669.9 15.41301 8.197 0.69 -72.3 4.5 253
3322.2 3861.5 14.62009 1.019 0.27 16.8 1.3 41
3902.3 3588.7 5.04437 0.212 0.26 -15.3 4.5 93
1717.7 3575.3 55.00449 3.763 0.56 -79.8 1 69
3047.8 3542.7 37.14657 3.033 0.62 -76.3 1 53
3597.4 3656.6 21.95853 3.056 0.47 -50.8 4.5 223
3138.9 3613.8 145.43060 7.072 0.62 -11.5 0.7 93
3121.4 3525.6 148.55950 4.857 0.89 -18.6 0.9 67
1870.5 3461.8 77.56992 4.323 0.69 -16.9 1.2 89
2604.8 3554.6 12.50500 2.082 0.01 -76.5 4.5 1013
1554.1 3625.6 9.10683 1.439 0.14 -81.0 4.5 223
1350.2 3619.0 5.75340 0.264 0.02 78.9 4.5 323
4147.1 3591.2 422.30270 6.792 0.64 71.5 0.9 121
2096.3 3546.2 4.98302 0.136 0.04 6.8 4.5 179
2831.9 3137.3 24.91171 1.582 0.78 -42.6 1.3 35
1488.1 3200.4 24.68374 1.726 0.89 -76.7 0.8 23
3972.6 3611.3 6.64433 0.547 0.23 -61.5 4.5 113
3223.7 3371.2 29.62487 3.945 0.52 31.8 4.3 227
1113.0 3584.9 12.43290 2.537 0.65 24.2 4.5 179
963.2 3615.0 63.60530 1.656 0.86 -1.5 0.8 25
1898.9 3151.6 30.17932 22.664 0.59 -15.3 4.5 473
3442.2 3576.4 22.34836 6.504 0.36 -54.2 4.3 317
738.1 3575.0 114.61780 5.657 0.71 -72.5 1.2 113
3073.2 3452.1 5.43912 0.473 0.04 -42.5 0.9 35
4188.6 3556.1 20.62726 3.504 0.52 28.4 0.9 59
3948.9 3592.1 13.19879 2.142 0.81 -36.4 2.2 67
1348.0 3473.8 477.71890 6.785 0.70 48.1 1 121
110.1 3545.7 506.19380 6.671 0.71 43.3 1.1 129
3522.8 3571.5 68.22908 1.705 0.86 -6.4 4 131
2900.5 3488.8 14.22205 5.128 0.18 64.6 4.5 407
188.7 3158.4 48.23153 2.920 0.79 0.2 1.1 51
2133.4 3506.3 14.62485 2.154 0.67 40.7 1 39
3196.7 3547.0 40.43054 1.018 0.50 -36.6 4.5 141
3968.8 3475.5 25.51272 1.011 0.70 -53.9 4.5 135
1311.2 3699.0 60.93626 4.083 0.79 -27.0 1.1 73
2793.3 3510.6 83.68457 4.845 0.87 82.8 1.4 97
3172.7 3569.1 6.88104 0.697 0.39 -89.1 3.4 63
3807.5 3373.0 14.04026 1.649 0.44 34.5 4.5 175
170.5 3511.6 7.54383 1.776 0.17 87.5 4.5 279
2811.5 3515.3 27.37487 10.930 0.32 -20.9 4.5 527
1285.9 3568.9 14.25200 3.440 0.67 23.5 0.5 33
87.6 3506.5 38.82407 36.231 0.87 83.7 4.5 467
881.9 3315.1 26.45152 2.911 0.69 69.9 0.4 27
2005.8 3498.6 10.37960 0.430 0.01 43.4 4.5 611
1135.2 3480.1 12.13527 2.028 0.48 47.9 3.8 125
550.1 3450.2 6787.50400 10.725 0.83 -50.1 1 199
842.0 3512.2 4.47391 0.675 0.11 -16.8 2.1 67
2971.9 3477.6 12.69451 0.557 0.33 9.5 4.5 111
3659.3 3482.1 10.82538 3.162 0.64 -42.5 3.1 115
2761.1 3453.5 20.17349 2.757 0.68 -79.5 0.7 37
1881.9 3338.1 24.23797 9.675 0.20 -11.6 4.5 611
3312.8 3235.3 26.17547 5.970 0.48 -21.5 4.5 327
2509.1 3411.9 58.93781 3.446 0.98 77.4 0.9 47
2196.1 3482.1 51.56366 5.560 0.74 -41.2 1.3 101
3201.7 3463.6 4.90391 0.126 0.01 -85.5 4 125
907.8 3577.1 40.76857 2.061 0.72 -50.7 1 37
686.6 3325.0 15.63819 9.691 0.41 -20.8 4.5 349
922.3 3456.0 41.09306 2.142 0.89 19.5 1.1 39
2671.6 3470.6 556.10530 6.057 0.76 47.7 1 105
3798.8 3304.4 963.15990 8.465 0.59 24.9 1 165
3739.5 3468.7 29.62646 2.902 0.65 75.1 1.7 81
1730.6 3163.2 8.60231 1.750 0.47 68.9 1.3 45
47.8 3418.7 18.56193 3.344 0.86 -14.5 0.7 39
3226.5 3492.8 5.81890 0.823 0.57 -82.9 3.6 57
2328.4 3485.1 7.34195 2.307 0.65 -15.3 0.4 21
2892.6 3454.4 25.27989 4.226 0.56 82.8 1.4 93
2386.0 3408.0 56.07454 1.684 0.93 50.6 1 31
115.9 3363.0 17.14355 1.959 0.84 -4.9 1.1 33
2020.3 3445.6 121.17770 6.468 0.57 -38.9 1 115
1722.9 3320.5 38.64188 5.006 0.78 58.5 3.1 177
3439.0 3340.7 13.44482 1.247 0.72 31.6 4.5 99
3568.5 3363.1 1804.95600 6.830 0.69 30.7 1 133
2833.0 3413.5 19.02200 3.369 0.66 -4.4 0.8 45
1601.2 3306.7 9.37663 1.276 0.67 74.7 4.5 117
87.7 3487.7 31.59282 5.313 0.38 60.6 4.2 303
3191.9 3376.1 58.75394 3.623 0.45 73.7 1.8 133
270.2 3227.5 13.48433 1.977 0.77 -2.9 0.8 27
739.6 3406.5 7.45356 0.714 0.12 -31.3 1.2 39
1284.3 3419.4 12.45594 2.074 0.53 -8.8 1 39
3706.2 3455.2 10.98290 2.471 0.95 -77.2 4.5 141
740.0 3351.7 5.92755 0.057 0.28 -37.8 4.5 59
95.3 3172.0 36.08821 1.777 0.81 81.4 1 33
478.3 3408.3 46.03444 2.476 0.88 40.8 0.8 33
4059.4 3424.7 7.50617 0.066 0.89 -20.3 4.5 29
2559.9 3205.7 22.02777 3.612 0.58 19.1 0.5 37
3193.5 3165.5 7.61808 1.443 0.83 86.4 0.4 13
3250.9 3436.0 7.74965 0.970 0.15 -42.2 0.8 33
1725.5 3979.2 10.47898 2.238 0.24 78.4 4.5 267
2384.6 3376.6 8.14272 1.160 0.30 -5.6 0.3 15
2671.1 3352.3 41.39392 3.891 0.45 5.2 0.4 39
433.5 3329.3 11.94600 1.040 0.49 68.1 4.5 103
988.5 3250.8 194.99790 6.517 0.61 -45.3 1.1 123
898.5 3376.1 8.00808 1.552 0.40 -51.4 1.7 57
3740.5 4050.3 33.79930 4.035 0.28 -65.1 4.5 389
1346.7 3335.3 10.94504 3.512 0.62 -69.7 4.5 173
2513.8 3440.3 24.85758 3.091 0.70 77.7 1.1 55
2637.9 3361.2 8.90259 0.076 0.03 -4.9 4.5 181
3361.8 3310.5 7.39783 0.328 0.06 -68.9 4.5 199
409.4 3646.9 10.55059 1.936 0.70 -44.8 0.6 23
340.0 3298.8 38.76430 11.044 0.36 -54.8 4.5 557
4011.2 3341.9 108.82530 5.442 0.59 85.0 0.9 91
3856.0 3366.7 16.81018 3.089 0.79 21.5 4.5 169
2835.5 3278.8 5.85359 0.955 0.21 -69.2 4.2 115
1334.1 3368.9 71.31274 3.386 0.84 15.2 0.8 45
3249.6 3357.1 26.07006 3.903 0.63 52.8 0.7 49
840.3 3346.0 23.91269 2.725 0.62 -26.6 1 51
3693.4 3348.5 6.95103 1.239 0.35 12.7 2.7 73
1371.0 3337.1 8.55703 1.670 0.66 27.6 2.1 57
2587.7 3351.2 17.45732 3.057 0.72 60.4 0.7 39
1908.4 4091.7 6.46677 0.833 0.85 -57.9 4.5 59
1779.1 3376.8 4.70895 0.137 0.45 2.2 4.5 35
2452.9 3316.8 20.90558 2.553 0.81 -20.2 0.5 25
1162.3 3333.9 33.90625 3.836 0.81 -70.9 1.2 67
1614.5 3288.7 14.90468 1.514 0.42 60.0 1.7 59
1503.7 3333.9 11.74837 2.230 0.10 70.1 1.9 161
3940.9 3190.1 11.88175 2.865 0.96 31.1 0.3 19
3055.2 4029.8 17.61979 1.620 0.78 -25.9 4.5 113
4145.0 3271.0 13.18453 1.567 0.96 71.1 2.6 57
3415.4 3303.9 39.84476 1.117 0.78 -9.2 4.5 113
3838.7 3322.3 42.98399 11.789 0.90 25.2 4.5 353
3145.6 3294.0 25.67612 3.552 0.82 -3.0 1.4 69
1886.0 3269.5 17.64141 2.396 0.76 22.3 0.9 35
1457.0 3277.2 104.37050 6.906 0.72 -20.9 1.1 115
1722.4 3298.4 45.03467 3.234 0.67 24.2 4.5 263
346.4 3262.3 27.56708 3.215 0.64 47.9 4.5 231
3523.6 3247.4 18.05187 2.176 0.76 -17.6 4.5 171
2997.6 3274.2 12.44237 2.954 0.47 -61.3 4.4 169
1597.1 3217.8 7.54992 2.443 0.57 34.4 0.4 23
2408.4 3282.4 14.53834 2.667 0.30 -39.2 3.7 185
4049.1 3279.8 17.86798 3.166 0.50 42.6 0.6 43
2281.5 3219.0 13.99479 5.861 0.59 -66.0 4.5 247
122.4 3209.1 14.79448 0.866 0.16 -37.3 4.5 213
3976.7 3177.2 16.90254 2.555 0.46 -51.7 1.3 65
2667.9 3287.5 9.12747 2.235 0.80 -19.7 4.5 117
2942.8 3295.0 7.34209 2.590 0.79 -19.2 1 39
470.7 3265.6 52.95549 2.649 0.88 -8.5 1.1 45
3506.7 3268.1 4.00567 0.003 0.04 -43.3 2.5 5
538.3 3237.9 4.27935 0.069 0.05 -14.7 4.1 47
239.4 3242.5 12.66747 2.045 0.18 73.9 4.5 311
704.1 3246.6 15.81228 2.271 0.76 -67.8 0.5 23
2438.6 3195.0 69.26957 2.767 0.84 -65.9 0.8 41
269.1 3257.1 8.80825 0.954 0.14 -39.4 4.5 195
4143.6 3252.0 41.23635 2.839 0.80 70.0 0.7 35
1106.9 3247.4 11.76678 1.865 0.45 -16.6 3.2 107
1457.7 3197.2 8.27960 2.479 0.90 -77.9 0.3 17
2857.4 3272.7 28.57454 33.951 0.89 71.2 4.5 401
436.5 3244.8 6.14199 0.006 0.06 82.5 4.5 15
2104.5 3858.9 10.47379 1.076 0.99 73.5 4.5 91
738.2 3182.6 36.09222 1.892 0.57 9.0 0.9 35
2681.2 3997.0 503.52910 5.627 0.83 -19.3 1 95
2588.8 4055.3 21.17343 2.978 0.54 6.1 0.7 41
1323.5 3241.9 122.12840 4.539 0.99 15.5 1 69
20.4 3194.3 35.45830 4.190 0.66 -51.5 0.7 49
3019.0 3144.2 30.05684 1.276 0.75 -15.0 4.2 105
925.7 3242.3 40.82313 3.022 0.74 -85.6 1 49
2905.9 3224.8 452.24570 7.593 0.68 -22.0 1 137
393.4 3227.0 13.55973 2.889 0.72 0.3 0.7 35
3126.2 3115.3 5.33410 0.926 0.11 -1.7 3.8 139
1785.7 3154.1 51.59434 2.134 0.82 -30.0 1.4 51
785.8 3193.8 23.98298 3.156 0.88 6.3 0.9 43
2119.0 3238.5 14.94809 2.829 0.93 80.2 0.5 23
2679.5 3191.6 27.31389 1.287 0.69 -8.5 4.5 115
3196.9 3726.5 21.18779 2.857 0.70 71.7 0.6 31
658.9 3977.5 6.03263 1.545 0.85 29.7 0.4 13
1588.3 3941.1 18.18046 3.174 0.24 74.4 1.2 97
4073.4 3198.2 30.29994 2.411 0.51 62.3 3.8 163
2547.5 3116.8 13.19403 2.285 0.11 44.6 3.2 245
2786.4 3176.2 38.31867 2.138 0.77 36.9 0.8 31
1866.3 3223.2 9.30925 2.743 0.59 -21.5 0.8 39
2618.7 3160.5 9.27983 1.476 0.41 -37.2 1 33
2212.2 3132.9 33.46515 3.418 0.41 53.8 1.4 99
956.9 3155.9 83.99072 6.124 0.74 -67.0 0.9 89
2900.5 4074.2 273.22150 6.123 0.61 -26.5 1 111
14.1 3111.8 12.75231 2.434 0.23 -5.5 2.3 135
591.0 4063.0 3.83565 0.008 0.07 3.2 1.4 3
4072.5 3214.8 33.39124 2.976 0.80 88.2 1.2 57
1201.7 3152.8 12.02815 2.755 0.85 -9.2 1 39
2757.4 3864.1 215.56180 6.651 0.87 -8.3 0.9 95
4142.4 3119.0 31.04962 2.963 0.89 -75.3 0.5 27
1479.5 3148.5 7.95395 2.212 0.28 -82.0 1.1 59
2094.7 3879.7 7.89658 0.285 0.09 -19.2 4.5 199
3296.8 3124.9 25.42590 2.980 0.61 10.5 0.9 47
885.7 3887.8 13.00621 1.896 0.25 -39.8 1.8 91
1422.8 3942.7 5.67784 0.599 0.57 9.1 3.9 51
1001.8 3850.8 133.99050 6.027 0.72 55.9 0.9 89
1359.9 3161.5 11.25220 1.848 0.41 7.6 4.5 207
2318.9 3111.6 6.49055 0.381 0.13 -89.9 3.3 71
781.5 3100.9 9.29209 2.252 0.16 59.2 4.5 243
2287.6 3149.2 35.41171 3.208 0.70 39.5 1.1 61
884.4 3235.9 22.07276 3.658 0.89 23.1 0.6 33
596.5 4039.4 29.94310 3.074 0.81 46.7 0.8 41
2359.5 4050.5 11.46114 2.526 0.86 -72.6 0.3 17
162.2 3864.6 15.76014 3.617 0.73 -71.0 0.6 39
3556.2 4077.5 16.61636 1.463 0.26 39.1 2.6 107
3729.3 3153.8 6.59147 0.979 0.45 52.2 2.2 47
2505.5 4000.7 70.50330 1.515 0.86 79.1 3.3 101
1428.3 3861.4 13.95279 2.305 0.14 75.7 0.7 65
3983.2 3814.6 48.80268 3.196 0.20 -66.5 4.5 555
3930.9 3932.1 9.83029 2.526 0.39 -19.6 3.1 127
1121.4 4032.7 20.48317 2.763 0.41 -33.2 0.7 47
2718.2 3102.0 14.21026 3.538 0.69 -30.3 0.8 47
1499.4 4096.1 30.32162 1.301 0.81 -44.5 4.5 133
2955.5 3129.5 5.17070 0.838 0.09 -81.1 1.1 47
3255.3 4005.5 59.06778 7.410 0.82 7.8 0.8 87
2654.0 3955.9 42.94293 2.291 0.70 -23.0 1.2 49
3048.9 3994.4 17.15084 3.343 0.42 66.8 4.4 207
284.3 4001.1 5.88515 1.727 0.25 59.1 2.5 97
2145.9 3126.7 7.53029 0.054 0.23 11.7 1.1 5
1400.9 4096.3 37.94740 2.676 0.56 6.2 3 141
1831.8 3902.7 29.14455 2.513 0.60 11.3 1 49
3154.4 4055.6 7.83813 1.328 0.34 8.7 4.2 117
1681.7 3100.9 7.07643 0.578 0.09 9.1 4.5 271
1352.5 3854.5 5.46164 1.086 0.31 81.4 2.2 59
2566.8 4026.6 9.97499 2.600 0.51 10.7 0.7 37
2991.2 3995.7 11.14220 2.143 0.80 42.9 0.6 23
683.5 3996.9 61.16414 2.588 0.77 31.8 1.3 57
459.3 3893.0 17.04986 0.999 0.07 76.5 4.5 347
2698.7 4056.0 25.72370 2.403 0.88 -56.8 0.6 27
1058.9 3979.1 343.01400 5.253 0.97 -7.6 1 83
2716.5 4033.2 16.18231 3.294 0.86 -64.1 0.6 33
4004.1 4010.9 39.31236 2.245 0.73 -13.5 1.7 65
2811.0 3983.2 5.71059 0.447 0.30 -7.8 3.7 57
1998.8 3968.5 9.57001 1.768 0.33 70.9 2.8 103
737.5 4002.1 94.63130 5.216 0.83 62.3 0.8 69
826.5 3698.5 51.10844 2.186 0.90 77.2 1.1 41
3189.9 4029.4 6.86681 0.864 0.74 -39.6 1.1 19
2685.3 3843.5 5.61578 0.666 0.18 -69.5 2.3 57
2212.3 3845.2 14.01323 3.272 0.10 -74.0 2.7 285
1681.4 3916.4 28.02515 1.193 0.72 15.1 4.5 133
251.2 3970.2 38.05326 3.572 0.62 -79.1 0.6 41
2885.4 4006.7 9.85413 2.011 0.68 -58.5 0.7 25
1339.8 3981.7 318.16130 7.056 0.73 19.3 0.8 101
132.4 4018.1 15.81839 2.032 0.66 -42.0 3.5 107
2398.5 3881.8 5.82267 0.377 0.62 -70.1 4.5 67
290.3 3876.0 6.97659 1.332 0.27 21.1 1.5 53
3851.2 3861.6 39.72935 4.170 0.95 13.9 1 55
2855.8 3942.1 22.75507 1.626 0.83 -60.5 1.3 37
1810.2 4007.3 72.70555 3.251 0.76 -59.3 1.1 63
464.9 3978.5 6.49005 0.952 0.25 -56.4 2.3 65
2608.1 3998.9 43.80177 2.792 0.67 53.7 3.7 163
397.1 3781.5 20.96345 2.798 0.82 15.8 3.7 127
4080.8 3928.7 165.67300 4.879 0.71 7.2 1 85
2114.6 3991.7 27.91534 3.518 0.76 -81.0 0.6 35
2878.1 3950.0 38.52288 14.279 0.38 80.2 4.5 593
3980.0 3981.7 6.62190 0.273 0.07 46.2 4.5 209
4045.5 3790.4 671.12900 6.461 0.86 -59.5 1.1 123
