4024.5 336.7 11212.76000 8.864 0.82 79.6 3.6 885
2753.8 65.4 1574.08900 7.055 0.69 63.9 3.8 599
1055.7 71.5 134.52350 6.579 0.61 -84.7 4.5 415
1791.7 50.2 130.42530 4.868 0.60 43.2 3.1 261
3409.1 34.6 449.72800 5.607 0.69 -23.1 3.2 349
3254.9 26.9 54.71868 3.330 0.64 87.3 2.2 123
829.7 29.3 77.11526 3.127 0.68 28.8 4.5 301
351.3 10.7 189.72070 6.650 0.65 -65.5 4.5 517
968.1 23.6 20.58759 2.545 0.58 25.1 3 121
4096.5 17.2 14.37567 1.983 0.73 -45.3 0.9 31
936.5 6.1 15.21592 1.870 0.63 -88.4 1.1 39
3543.4 5.2 24.95345 2.805 0.45 -60.7 4.5 257
4075.1 28.5 10.49034 2.755 0.53 -89.7 1.9 81
158.4 42.7 24.51246 4.540 0.88 -22.7 4.5 225
184.6 87.8 187.02980 7.800 0.57 29.0 4.1 465
336.8 37.6 42.28020 40.889 0.73 -73.2 4.5 549
710.6 72.8 99.64173 3.928 0.93 74.8 4 215
2421.3 64.7 45.26427 2.207 0.87 -34.8 4.5 159
2490.1 49.5 13.15915 3.330 0.55 63.4 4.5 203
3785.6 68.8 9.17268 0.632 0.04 -35.0 2.8 155
3592.6 66.6 4.48478 1.202 0.21 14.5 2.7 87
1899.0 78.9 28.99896 20.237 0.65 -77.2 4.5 433
1804.7 86.9 11.79256 0.506 0.23 -13.3 4.5 161
2262.6 102.1 83.37466 8.175 0.69 -50.2 4.5 513
3138.4 94.0 19.68719 1.970 0.98 85.3 4.5 119
1703.7 112.8 61.32849 4.291 0.97 -1.6 4.5 265
2843.4 89.9 12.72481 2.171 0.56 -26.6 1.7 63
1217.2 96.8 15.63102 1.283 0.41 -14.2 4.5 173
3651.6 94.8 7.07173 1.816 0.59 40.1 0.6 21
1462.3 119.5 23.76402 1.190 0.92 -88.6 4.5 139
2466.1 151.2 145.09570 5.678 0.99 73.9 4.2 287
3427.6 131.7 38.64005 3.168 0.45 -84.4 2.1 131
30.9 100.5 9.19722 2.294 0.10 71.3 4.5 399
3393.5 103.6 4.73359 0.432 0.81 77.8 2.9 25
3541.6 124.8 43.70898 5.111 0.59 12.9 4.5 325
3786.2 150.3 96.01617 5.905 0.83 8.8 4.5 313
1520.8 149.7 59.66752 6.086 0.47 -50.5 4.5 433
3923.8 123.6 9.34537 1.398 0.14 11.7 4.5 257
762.6 234.9 886.10040 7.607 0.78 40.1 4.2 575
2628.4 132.8 7.19671 1.400 0.48 29.4 3.1 77
1657.9 140.4 6.57566 0.284 0.05 17.3 2.6 71
3961.4 153.8 22.07346 2.657 0.77 -25.7 3.2 115
3135.2 135.6 6.63015 2.256 0.21 -32.8 0.7 49
2237.8 149.3 6.26623 0.239 0.49 22.4 4.5 81
994.0 165.5 29.63794 3.483 0.76 72.5 4.2 175
1584.0 150.8 3.28220 0.007 0.40 55.0 4.5 19
944.6 164.2 8.28444 1.778 0.58 -75.0 2.3 65
261.9 255.8 645.42360 7.563 0.85 79.5 4.5 583
2035.9 184.9 11.48454 1.061 0.13 -81.5 4.5 193
2431.8 179.7 17.08312 2.365 0.59 21.7 2.8 103
1366.2 179.7 7.71316 2.526 0.64 45.2 1.1 43
3097.5 185.8 38.92756 30.882 0.62 55.1 4.5 541
638.0 195.3 9.51969 1.402 0.47 56.3 2.1 59
3688.2 197.8 10.03668 1.849 0.71 17.4 1.1 33
745.8 196.0 49.76174 49.591 0.76 67.5 4.5 581
3874.4 229.9 46.70523 3.529 0.74 -83.2 2.9 147
589.8 211.2 9.66070 0.289 0.18 87.4 1.8 27
2912.3 675.3 9313.44000 10.393 0.75 -49.8 3.6 959
3846.5 292.9 557.53870 5.998 0.70 -6.2 3.3 385
2508.2 267.8 13.43869 2.332 0.44 -79.1 2.8 115
2097.2 230.7 8.22965 0.033 0.18 34.7 4.5 57
565.9 271.0 86.47868 4.965 0.74 -54.8 3 213
1591.3 261.8 57.90059 2.568 0.79 -35.8 4.5 245
461.6 247.7 13.73804 3.079 0.34 -32.7 2.6 147
2661.1 265.3 43.90109 4.590 0.76 63.8 4.5 317
1267.5 316.6 204.75450 5.871 0.68 21.6 4.2 383
2857.1 258.6 10.30013 3.393 0.14 -32.3 1.6 155
675.9 275.5 72.73966 24.137 0.40 -48.9 4.3 727
2440.1 266.3 6.59143 0.846 0.10 61.5 3.5 137
1551.8 260.9 5.27992 1.527 0.58 -50.0 1.1 29
1065.4 269.3 78.83042 53.857 0.99 85.5 4.4 629
3577.7 268.6 7.05228 0.978 0.34 -17.5 4.5 145
797.5 277.1 10.80981 0.852 0.26 35.1 4.5 195
1037.5 530.7 1326.37700 7.283 0.94 -3.7 3.8 509
1209.9 273.3 64.88870 20.335 0.25 58.2 0.9 383
655.0 288.5 17.51575 1.486 0.54 -66.4 4.5 177
2527.3 281.3 8.22826 0.675 0.16 -15.4 3.4 97
1101.3 423.8 1024.24600 7.976 0.70 85.7 4 613
1527.8 274.4 4.37803 0.459 0.09 -24.2 0.6 17
709.9 303.9 36.19165 1.197 0.57 45.0 4.5 193
3714.8 308.9 43.35344 2.384 0.63 4.5 4.5 189
274.3 418.0 1172.56200 7.664 0.73 64.8 4.4 667
1585.4 292.5 18.19040 5.906 0.23 70.0 4.5 467
1591.9 302.9 15.03242 1.673 0.34 51.8 4.5 191
1063.7 318.5 24.19112 2.286 0.41 -68.7 2.8 129
3743.4 316.6 37.07970 3.430 1.00 12.0 4.4 163
3500.1 309.8 23.74590 2.559 0.74 27.0 4.5 183
3256.5 320.5 56.15057 6.706 0.80 8.6 3.8 259
3776.2 320.9 13.63614 2.771 0.40 -38.2 4.5 217
2497.6 334.3 44.32856 4.284 0.58 16.3 4.2 241
3656.4 349.3 56.16373 1.871 0.81 -58.1 3.6 121
48.3 325.1 74.91799 59.902 0.33 1.7 4.5 1099
2939.8 375.5 112.02810 5.330 0.88 72.9 3.2 225
2397.1 346.6 13.47381 3.453 0.37 71.9 4.5 261
821.6 358.7 24.59126 0.833 0.26 -6.2 4.5 193
1356.0 341.1 30.86716 31.868 0.45 -80.9 4.5 581
1352.5 364.0 33.93848 2.563 0.62 -73.8 4.5 223
1763.1 354.3 47.97344 22.592 0.44 38.2 4.5 657
898.4 343.6 15.93338 7.936 0.29 88.3 4.5 403
2565.8 359.8 12.56323 2.003 0.22 -70.8 3.1 157
2502.8 372.7 32.25372 4.047 0.59 89.1 4.5 315
2409.5 363.3 6.82140 0.353 0.52 -88.2 4.5 77
3160.6 367.3 6.69094 0.845 0.13 3.5 1.2 45
2154.8 370.3 6.14229 0.285 0.16 37.9 4.5 119
167.7 398.5 21.75795 2.252 0.40 78.8 1.8 87
2317.6 393.3 25.91564 1.609 0.84 63.8 3.7 97
3863.5 392.2 10.50485 0.901 0.24 44.9 3.8 109
1595.7 423.4 21.00494 2.112 0.38 84.6 2.3 107
2422.2 407.8 11.46627 2.277 0.79 -56.7 1.9 61
699.7 456.4 169.70870 6.883 0.70 -7.1 4.5 437
1578.3 406.2 16.63264 8.830 0.53 20.9 4.5 301
1423.4 415.3 9.39061 1.322 0.46 40.3 1.5 43
2519.4 417.2 6.38977 0.181 0.04 -38.0 4.5 213
2842.7 456.0 76.11529 3.959 0.77 80.9 2.8 167
3328.5 429.4 13.75135 3.143 0.77 58.9 1.4 63
2646.5 449.4 34.43776 2.163 0.70 28.6 2.7 101
2986.1 451.1 24.35930 1.962 0.80 -75.3 2 63
2143.8 448.6 15.99261 1.317 0.46 -46.7 4.5 183
3265.1 456.7 16.19104 1.762 0.83 35.1 2.1 55
1904.5 471.1 21.78891 1.440 0.71 -63.2 4.4 111
486.0 473.9 9.27724 1.306 0.44 -82.4 1.7 47
1869.4 466.6 7.85075 0.604 0.15 -5.2 4.5 147
1300.5 480.9 14.76023 1.914 0.73 62.1 1.5 47
753.0 512.5 67.99561 4.781 0.78 -74.7 4.5 323
869.2 482.7 12.73866 2.919 0.04 63.7 4.5 779
162.4 481.1 6.12205 0.003 0.02 82.0 3.2 7
757.3 486.6 21.21573 7.260 0.32 -75.4 4.5 421
372.6 488.5 12.21668 2.225 0.32 -3.3 2 97
455.9 500.6 19.07198 1.885 0.69 -47.6 1.5 49
3896.8 498.2 34.64610 10.670 0.28 88.1 4.5 609
2692.3 498.2 22.57135 6.705 0.46 -5.3 4.5 349
3034.8 511.7 37.22432 5.472 0.70 64.6 4.5 277
3583.2 591.9 89.19131 4.287 0.74 -2.7 2.6 169
3873.1 498.7 9.68917 1.344 0.43 -63.5 4.5 159
1389.2 581.4 337.22700 5.968 0.96 -30.0 3.8 331
525.4 537.5 122.27250 6.943 0.72 -18.3 4.3 365
2185.7 514.6 24.11522 3.266 0.72 73.6 1.3 63
3994.0 516.5 25.91705 2.813 0.55 21.4 2.8 129
2767.8 517.9 20.67662 2.450 0.46 49.3 1.8 85
3364.2 526.2 14.05003 2.239 0.75 8.1 0.9 33
1952.4 538.7 20.41179 2.168 0.54 -69.4 2.2 87
3229.5 548.9 25.16445 1.228 0.66 -74.5 2.2 57
1547.8 555.2 29.90855 19.611 0.90 57.0 4.5 369
3159.7 557.4 27.06939 7.914 0.23 39.9 4.5 535
360.6 569.2 21.66791 2.195 0.81 59.4 1.5 53
4161.3 571.7 34.95934 18.111 0.74 83.8 4.5 421
2497.6 583.9 102.94990 32.940 0.95 56.6 4.5 657
3272.9 580.1 16.06027 0.907 0.11 31.8 1.9 85
760.0 598.0 44.82567 5.021 0.69 -9.1 4.5 291
1222.9 618.7 57.54702 3.178 0.67 74.7 4.2 207
2590.5 589.7 9.33719 2.099 0.64 -77.7 4.5 133
2646.5 598.3 9.64456 0.734 0.30 -51.5 3.6 83
1500.8 598.5 6.51027 0.023 0.18 8.2 1.3 3
322.5 601.1 7.34605 2.285 0.85 77.5 0.4 17
183.1 601.1 6.96271 0.979 0.21 -37.6 0.6 21
400.9 624.4 36.89116 3.088 0.44 24.4 3.9 215
3118.1 614.6 16.19853 1.610 0.66 10.6 2.2 61
144.9 673.8 540.60910 7.402 0.69 10.0 4.4 561
709.6 598.4 6.04660 0.309 0.02 -83.6 4.5 377
1002.0 622.6 27.46269 5.857 0.20 47.4 4.5 507
904.7 615.2 7.43905 1.349 0.09 -88.4 4.5 341
1037.5 632.5 24.30144 1.979 0.38 17.3 2.9 127
1608.4 623.8 4.89865 0.134 0.03 -39.9 4.5 133
1882.7 645.7 20.97309 3.034 0.92 15.7 2.3 87
1016.1 635.5 21.55264 4.138 0.05 -30.0 4.5 919
1186.2 649.0 22.84133 2.191 0.75 0.1 4.5 165
474.5 650.2 19.51130 1.886 0.75 80.2 1.5 47
3536.8 647.9 8.68796 0.266 0.03 -61.7 2.9 107
406.5 654.5 8.87513 0.917 0.33 81.0 4.5 159
3203.4 658.4 42.42379 12.118 0.25 -5.4 4.5 707
4130.3 671.9 27.67970 4.146 0.67 -10.0 3.9 189
3052.0 662.5 7.86039 1.030 0.84 35.3 4.5 103
2499.8 662.0 5.93876 0.229 0.04 28.8 3.8 109
744.7 711.4 178.73740 8.718 0.99 86.5 4.5 525
2615.1 755.9 413.79680 7.379 0.85 -50.8 3.4 381
1107.2 699.3 25.71459 1.865 0.43 -40.9 3.2 129
1044.9 784.9 651.37730 10.294 0.80 -57.5 4.4 645
2420.6 689.5 10.52073 1.545 0.59 -37.1 1 31
3568.9 709.6 48.37446 1.971 0.93 82.3 3.2 103
2776.7 701.0 13.88064 0.034 0.51 18.4 1.4 3
3265.3 714.9 53.92646 2.357 0.71 2.9 2.3 99
1220.3 729.7 71.06274 6.384 0.51 39.2 4.5 439
2649.4 716.3 34.14476 3.012 0.72 -44.8 4.5 233
1297.4 696.8 4.84864 0.624 0.19 88.7 2.9 67
3132.5 919.9 1530.72000 6.736 0.63 -82.5 3.5 557
1029.7 707.7 9.08648 0.526 0.50 48.5 4.4 63
728.8 744.3 84.02805 26.931 0.55 -89.4 4.5 763
2280.2 744.8 101.41440 4.534 0.83 -22.3 3.4 215
3802.5 718.0 6.86328 1.496 0.34 -24.9 3.3 99
1148.5 719.0 4.30593 0.486 0.71 12.3 2.7 27
1526.3 745.5 64.53115 5.416 0.43 8.6 4.3 353
339.8 739.3 7.89071 1.458 0.36 79.9 0.5 21
1719.3 744.3 24.96498 3.173 0.42 -32.6 4.5 283
2505.6 741.2 7.44204 0.057 0.43 81.0 1.2 5
2444.9 744.0 7.08968 0.222 0.99 -15.5 4.5 51
2358.4 745.9 10.50363 1.412 0.55 11.8 4.1 99
3326.7 748.8 8.42034 2.716 0.89 -25.4 0.7 29
1535.9 770.9 27.97495 3.345 0.59 -43.0 1.8 97
3204.6 758.9 17.47309 3.246 0.47 -10.6 3.5 165
1690.0 784.6 93.84775 4.663 0.74 16.4 3.5 235
2698.0 769.9 37.74785 2.440 0.56 -21.7 4.5 255
308.8 761.1 23.17661 11.361 0.49 83.8 4.5 403
368.4 772.1 22.74568 2.680 0.12 65.7 3.7 331
2491.4 775.9 35.01340 10.177 0.68 -22.2 4.5 363
2313.5 765.6 16.60751 12.852 0.70 7.8 4.5 305
4027.7 808.7 106.99150 4.767 0.69 -69.9 3.8 269
217.4 780.6 46.52214 24.956 0.49 23.0 4.5 629
2801.3 809.6 44.12761 10.874 0.28 56.4 4.1 533
3316.3 780.1 18.56670 9.241 0.18 4.8 4.5 555
959.8 776.7 5.27877 0.878 0.58 43.8 4.5 95
2085.7 785.9 9.84382 1.808 0.34 24.8 0.9 39
2652.6 808.8 56.97182 4.357 0.19 -14.6 4 443
2685.3 810.8 49.28546 8.082 0.42 21.7 3.8 375
2741.8 793.3 4.70366 0.175 0.05 -26.4 4.5 191
3302.4 798.8 9.19191 1.638 0.23 -21.7 1.8 81
3149.2 822.8 53.18656 25.588 0.66 -87.9 4.5 575
2871.9 811.7 8.75194 1.385 0.63 30.4 3.9 85
1962.1 815.3 78.02434 35.376 0.59 -45.1 1.8 533
3873.7 838.1 13.76526 3.636 0.53 -47.4 1.1 67
4179.7 826.7 6.81557 1.915 0.49 16.7 4.4 115
1987.1 845.8 98.96817 43.881 0.61 85.4 4.5 831
2412.7 855.3 71.90993 39.640 0.47 -79.0 4.5 829
2996.2 866.2 14.32047 4.084 0.51 18.8 2.1 123
2976.4 886.2 20.70610 4.315 0.41 -69.7 2.2 155
3209.2 873.1 9.06313 0.482 0.03 86.6 1.4 63
1256.0 863.2 5.21352 0.437 0.03 75.1 3.6 159
1438.9 877.4 29.49483 8.007 0.69 22.8 4.5 337
1618.3 872.4 9.24146 0.544 0.06 28.4 4.4 187
3538.2 901.0 77.08844 14.150 0.58 -20.5 4.5 607
2455.8 882.5 14.84639 0.725 0.55 -40.0 4.5 129
1223.8 900.7 27.89949 5.663 0.28 -83.0 4.5 403
2868.5 882.5 6.34635 1.357 0.11 66.8 0.6 39
2444.9 904.5 24.20667 2.482 0.37 -60.6 4.5 261
950.4 891.3 16.16179 2.208 0.02 65.4 3.9 693
1568.5 895.9 33.90694 30.243 0.14 0.5 4.5 1087
384.1 909.7 45.12942 34.254 0.95 -21.7 4.5 473
2833.9 919.3 22.01178 2.081 0.86 -89.3 3.9 111
180.1 934.0 56.81444 2.142 0.84 -38.2 3 109
145.9 911.1 5.04690 1.237 0.70 -52.1 2 39
3844.3 941.9 42.89980 6.232 0.43 -37.2 1.7 179
391.4 931.7 31.42548 1.946 0.61 36.3 4.5 185
1616.1 927.2 8.53382 0.677 0.19 7.3 3.9 105
3214.2 930.3 14.65376 8.931 0.57 45.1 4.5 297
105.8 931.4 7.53114 0.769 0.03 -46.6 3.8 285
3236.0 932.5 8.49766 2.304 0.93 -35.5 4.5 135
1233.6 956.2 22.17365 2.004 0.58 68.7 2.8 99
1704.4 937.5 7.12756 0.761 0.48 -14.4 4.5 87
4024.1 946.2 5.20191 0.146 0.04 -11.7 3.3 61
2840.5 945.6 6.80739 0.153 0.10 -21.4 4.5 117
3399.4 972.2 48.09271 2.277 0.74 -77.4 3.3 127
1536.0 958.7 19.72260 2.382 0.13 79.8 4.5 335
2825.9 953.9 7.57615 0.889 0.46 -69.7 1.2 25
2881.3 958.4 9.95820 0.874 0.39 -47.9 3.4 77
299.0 967.3 15.86051 1.662 0.83 84.3 4.5 121
1406.7 980.3 76.50634 5.032 0.70 21.5 4.5 389
3452.5 999.9 148.16720 8.781 0.93 68.1 4.5 409
785.8 967.5 13.40633 0.698 0.09 82.0 3.9 167
2925.4 969.9 28.28107 7.311 0.60 -35.9 0.7 87
3246.9 973.0 10.14642 1.740 0.26 73.1 2.6 111
1439.0 973.8 28.36917 8.784 0.19 -31.5 4.5 633
284.3 1032.8 217.38170 6.795 0.62 -14.2 3.8 409
1710.9 998.8 25.44269 1.969 0.84 85.9 2.1 67
2746.3 1000.3 49.00373 18.702 0.23 -33.3 4.5 839
280.3 999.1 130.71200 62.190 0.83 84.2 4.5 875
68.4 1063.5 269.35830 6.931 0.70 -40.3 3.9 417
3945.4 987.8 16.86273 7.790 0.33 -17.2 0.3 73
2633.4 996.9 5.39431 0.967 0.12 89.0 0.3 19
1000.7 1007.5 19.46003 2.986 0.42 35.6 4.5 259
1531.9 995.2 14.28198 6.254 0.15 -66.3 4.5 513
1177.7 1003.9 15.06912 1.856 0.73 -56.2 4.5 163
500.4 1004.0 13.33761 2.753 0.28 -61.4 4.5 261
335.5 1021.7 30.39068 3.109 0.86 -75.3 4.5 175
3551.3 1025.2 62.08273 5.260 0.41 12.6 3.9 327
138.4 1002.8 19.71841 10.677 0.18 -26.5 4.5 617
1935.1 1018.9 8.02129 1.368 0.28 -65.5 0.5 21
3540.4 1141.5 1471.86200 6.333 0.88 -23.0 3.7 483
1074.3 1028.8 28.29189 6.883 0.98 -73.5 4.5 271
1187.9 1024.7 12.79696 2.132 0.56 -55.0 1.2 47
3746.0 1030.5 27.87140 5.953 0.97 -11.2 4.5 225
3568.6 1051.6 127.57640 16.447 0.58 36.3 4.5 757
680.0 1082.5 7.85347 0.775 0.34 -61.0 3.8 79
3479.0 1038.7 4.63552 0.466 0.14 -70.6 2.3 49
1685.8 1217.4 1468.38100 8.094 0.54 65.7 3.8 737
2358.2 1082.3 29.38521 2.888 0.30 -48.3 1.4 101
1115.0 1064.0 10.40947 1.152 0.94 5.4 3.9 65
1659.3 1114.3 157.14550 6.354 0.75 46.9 3.8 331
3585.8 1071.2 22.78469 8.412 0.48 38.6 4.5 323
2138.6 1084.8 10.82223 1.585 0.29 -52.6 1.7 69
1031.8 1064.4 8.15457 1.231 0.07 11.8 4.5 381
1984.6 1129.6 124.77590 8.622 0.96 28.0 4.5 399
882.0 1089.1 24.74415 8.029 0.45 -73.2 4.5 397
3668.3 1085.4 6.88460 0.328 0.02 24.3 4.5 457
3455.7 1104.8 82.74106 18.142 0.71 59.9 4.5 615
1443.0 1098.5 24.43729 4.729 0.71 6.2 4.5 261
1544.3 1096.9 18.72449 4.131 0.55 34.7 4.5 219
3965.2 1278.0 765.52700 6.628 0.70 -10.6 3.5 453
845.6 1126.5 66.34308 5.193 0.38 -78.3 4.5 409
3782.6 1113.3 18.48463 0.999 0.64 67.9 4.5 103
862.8 1191.5 529.79020 6.180 0.89 61.5 4.1 417
2705.6 1099.8 9.85699 2.623 0.31 60.4 4.5 247
4117.7 1117.8 11.19079 2.965 0.58 25.7 1.5 67
3643.4 1383.8 3703.17600 8.215 0.74 -46.5 3.7 731
3909.8 1129.6 10.36327 1.634 0.64 -64.2 4.5 137
3327.9 1139.5 15.07594 4.845 0.36 34.9 4.5 285
1444.4 1166.2 65.11083 1.759 0.79 8.8 3.7 125
336.9 1140.4 7.49132 0.318 0.01 33.7 4.5 663
2658.8 1133.4 7.05563 3.016 0.43 -67.5 0.6 39
3955.2 1157.4 8.29382 1.602 0.51 82.7 1.6 49
233.2 1161.1 26.24502 16.298 0.29 17.8 4.5 575
3341.6 1169.4 18.37188 2.608 0.74 -34.0 3.5 117
3310.1 1179.2 17.97118 2.261 0.51 13.8 3.1 121
1593.7 1166.8 5.33025 0.073 0.06 -3.3 4.5 117
586.8 1213.1 137.39390 6.068 0.99 61.9 4.5 317
444.6 1171.5 6.84712 0.573 0.08 76.4 4.5 207
1858.7 1228.5 174.02180 6.445 0.74 -75.2 3.6 325
2904.5 1195.4 28.12972 2.569 0.90 84.1 2 73
1126.5 1207.5 36.47188 1.983 0.67 36.0 4 139
2288.0 1193.3 34.99208 23.603 0.42 84.3 4.5 575
3750.6 1194.5 44.91828 27.142 0.51 77.3 4.5 591
2149.2 1217.9 41.74588 2.577 0.77 58.7 3.2 129
4175.2 1219.8 63.10844 3.861 0.24 8.5 3.4 331
412.2 1215.4 15.78426 2.310 0.65 40.9 2.4 83
3704.8 1207.0 8.74788 1.980 0.46 34.1 3.7 115
1106.3 1217.1 15.55665 1.605 0.10 -30.6 4.5 351
2133.7 1218.3 31.75333 22.593 0.33 -20.6 4.5 643
3329.8 1218.2 4.67254 0.152 0.08 75.1 4.5 119
4136.8 1216.8 7.55352 1.913 0.22 14.9 4.5 233
1120.1 1252.5 35.36148 6.589 0.89 79.6 4.5 301
659.6 1329.3 483.35980 5.791 0.98 -45.0 4.3 391
1291.8 1259.6 21.87052 2.719 0.76 -78.2 1 43
1313.0 1250.9 12.32523 1.758 0.33 -11.8 4.5 229
2544.5 1266.7 36.87865 3.653 0.65 29.7 4.5 217
3557.0 1294.2 170.97040 6.118 0.68 -14.1 3.3 305
246.8 1253.2 4.64070 0.113 0.21 -42.4 4.5 45
1619.0 1307.9 165.91220 6.407 0.85 -29.1 3.5 291
2246.3 1270.9 10.96382 2.986 0.42 46.7 0.5 39
2522.8 1257.8 10.62388 1.069 0.04 7.7 4.5 365
2041.6 1267.2 18.73262 2.358 0.14 44.0 4.5 393
2137.0 1308.0 123.06270 5.686 0.81 -28.6 3.3 257
160.9 1329.0 217.58220 6.347 0.57 -57.7 4.2 437
2623.7 1273.7 10.30050 2.329 0.25 79.5 4.5 233
4054.9 1298.3 54.43631 2.772 0.75 -77.4 4 173
2879.9 1276.8 7.23465 1.939 0.44 27.3 2.2 75
1576.2 1311.9 30.28882 3.622 0.79 -74.3 4.5 187
3154.8 1315.8 20.82943 1.874 0.67 -21.0 0.8 29
1394.9 1317.4 14.18031 1.157 0.34 53.5 2.5 77
1526.7 1317.4 10.10460 0.427 0.02 -42.0 2.9 183
215.8 1419.5 603.06820 6.002 0.77 86.7 4.3 481
916.6 1327.6 21.08172 6.175 0.24 -32.5 4.5 381
1930.7 1339.9 47.99895 1.441 0.79 -84.0 2.3 65
1603.0 1331.6 23.65120 4.813 0.94 66.0 4.5 197
2518.6 1335.0 25.40153 2.585 0.55 -12.1 2.3 103
3981.9 1358.7 72.35796 2.848 0.68 -51.3 3.7 185
342.4 1326.5 5.10925 0.187 0.46 13.2 4.5 51
1392.0 1339.6 11.90748 0.855 0.28 14.2 4.5 149
1017.6 1338.3 20.48152 11.348 0.43 -62.9 4.5 409
2621.0 1381.3 158.08270 5.870 0.63 -7.0 3.9 355
2765.8 1360.4 25.43727 2.302 0.84 50.4 1.2 45
1877.2 1358.4 18.57578 2.678 0.66 51.7 1.8 75
3266.9 1575.5 6835.20400 8.560 0.62 34.5 3.7 919
3890.0 1346.3 5.20442 0.210 0.04 -30.5 3.8 91
322.2 1351.3 4.51321 0.052 0.34 53.5 1.4 5
1161.0 1366.1 7.78804 0.042 0.07 -21.8 4.5 79
2649.7 1360.8 97.41558 47.354 0.33 -46.7 3.9 1101
1685.3 1520.8 1620.71700 7.642 0.96 74.2 3.9 547
63.5 1372.1 8.75775 0.044 0.69 -68.7 1.5 5
3317.5 1372.2 4.94188 0.310 0.27 -26.4 4.5 85
3410.3 1386.4 15.19347 1.834 0.66 24.4 1.9 59
876.6 1404.2 77.40865 1.481 0.95 21.7 4.5 197
2011.9 1396.0 37.81508 8.336 0.67 -15.4 4.5 387
647.1 1664.9 5049.64900 8.210 0.82 -78.8 4.2 843
3740.2 1404.7 25.52888 2.658 0.43 8.7 4.5 279
3768.0 1472.7 298.84940 8.227 0.71 82.6 4.1 481
1227.2 1432.8 95.71306 7.463 0.72 88.5 4.5 369
401.4 1417.9 18.23816 2.778 0.71 53.5 2.1 83
3485.1 1397.5 3.70116 0.036 0.18 -11.8 3.5 13
2832.5 1417.7 8.06251 1.279 0.57 73.8 3.2 73
21.0 1416.4 11.72045 0.899 0.18 60.8 1.4 47
472.5 1422.1 7.62641 0.678 0.20 52.8 3.6 93
3943.2 1428.0 9.51146 1.647 0.55 -77.4 1 31
3062.6 1435.1 21.59151 1.797 0.54 -30.9 1.8 63
2990.6 1419.5 6.98071 2.903 0.61 12.0 1.1 51
4011.4 1435.2 13.18419 1.490 0.58 -49.4 1.3 37
3426.9 1470.6 79.90141 5.490 0.81 25.2 2.7 193
2583.1 1444.5 22.34986 3.155 0.51 46.5 4.5 203
1685.3 1469.5 160.39840 33.605 0.73 35.7 4.5 897
3754.8 1433.6 19.49704 15.191 0.37 63.4 4.5 465
3867.3 1473.4 52.84769 3.446 0.57 -88.0 1.4 89
2593.3 1447.3 19.77986 3.468 0.76 49.9 3.7 143
3448.1 1536.2 247.47480 4.523 0.67 -71.5 3.4 285
2217.4 1455.1 18.46536 4.661 0.77 22.9 4.5 193
3429.6 1454.7 19.33925 4.914 0.18 61.5 4.5 507
2857.3 1488.2 126.61160 20.710 0.60 -13.4 4.5 807
3893.5 1486.5 26.92814 1.726 0.67 37.1 4.5 183
1008.5 1471.9 8.69852 1.059 0.33 -89.9 3.6 95
1176.6 1486.8 10.17251 1.290 0.44 28.6 1.8 51
3492.5 1503.6 30.72769 1.576 0.70 -54.4 2.7 81
3522.7 1495.6 7.38407 0.988 0.13 47.7 4.5 163
3372.5 1505.7 12.98004 3.481 0.81 76.6 0.3 23
2562.9 1492.2 5.24457 0.529 0.07 19.9 3.3 117
1466.8 1494.5 6.67975 0.971 0.24 6.7 3.4 95
4086.2 1543.4 105.37450 6.346 0.51 84.4 3.6 353
809.0 1504.2 5.68496 0.608 0.17 -15.3 4.5 167
3692.9 1520.8 14.56860 0.890 0.70 -33.1 4 73
1449.7 1514.8 67.64989 37.421 0.23 33.6 4.5 1131
4186.4 1511.8 4.95636 0.368 0.08 -35.3 4.5 123
1099.1 1521.8 12.39812 2.369 0.53 22.4 1.9 75
2933.9 1524.1 10.05345 1.975 0.66 55.0 1 33
1513.3 1693.7 2580.22900 8.162 0.85 46.5 3.8 661
3590.3 1528.9 8.43738 2.545 0.49 -82.3 0.9 43
2660.4 1529.8 7.90493 0.551 0.11 36.1 4.5 155
129.4 1534.1 11.38080 0.406 0.03 36.2 2 87
128.3 1589.6 177.65050 6.302 0.76 20.7 3.9 343
822.4 1567.5 40.22832 3.087 0.68 16.8 2.8 135
585.7 1554.9 14.82441 0.578 0.07 25.6 4 171
1086.4 1560.9 17.53482 1.510 0.53 81.7 4.5 197
1129.9 1561.6 18.92647 0.912 0.50 -3.1 4.5 127
4142.3 1563.5 13.25166 1.788 0.30 -42.2 4.5 219
2605.3 1563.6 15.88439 2.476 0.80 19.5 3.1 99
1478.3 1559.9 8.74347 0.637 0.17 18.9 2 53
1816.1 1560.3 9.61136 1.004 0.20 -29.9 2.3 77
1293.9 1574.4 41.60158 9.214 0.41 -2.5 4.5 519
440.1 1584.3 9.25406 0.411 0.13 62.5 4.5 201
2984.6 1633.0 68.40089 4.578 0.37 -85.2 4.5 405
2654.4 1601.6 6.61081 1.302 0.31 -42.0 0.5 21
3496.7 1628.9 60.83118 3.619 0.45 -23.0 4.5 327
1769.5 1623.5 29.71016 5.452 0.41 -41.7 2.9 233
1272.4 1735.4 526.55960 6.300 0.93 -89.1 3.9 397
1646.3 1634.4 27.32091 2.526 0.90 -0.2 2.1 75
3606.7 1631.3 31.07730 3.088 0.89 25.6 4.5 229
3874.1 1617.0 11.45695 4.869 0.81 41.2 4.5 177
3844.0 1620.0 5.22315 0.104 0.59 -39.4 4.5 27
3429.4 1626.9 7.03955 0.012 0.14 -87.7 2.2 5
2983.4 1660.8 81.32366 5.832 0.65 76.6 4.5 335
2543.4 1644.7 37.27807 1.484 0.83 83.3 2.8 77
2346.8 1636.6 13.55764 3.165 0.41 33.4 0.6 43
175.6 1629.8 7.17930 1.835 0.71 55.5 1 29
65.7 1634.8 13.49269 4.081 0.16 36.1 4.5 371
1174.9 1775.4 2204.68000 6.278 0.73 18.8 3.9 601
1406.2 1671.1 76.10414 3.043 0.86 -0.8 2.9 139
2643.9 1649.8 15.24148 1.249 0.54 -27.4 4.5 131
2120.8 1670.4 92.20796 6.046 0.62 -11.3 4.5 357
2865.9 1684.8 165.03390 18.705 0.61 73.2 4.5 857
3885.8 1670.9 44.21168 8.128 0.65 0.9 4.5 401
754.7 1664.4 8.71787 1.437 0.40 -53.7 1.8 57
2773.1 1651.8 6.89010 0.411 0.06 27.8 4.5 287
504.4 1668.4 15.45894 1.224 0.59 53.9 4.3 101
3417.9 1665.3 9.33832 0.151 0.02 -70.6 4.5 351
1334.4 1673.6 15.79105 1.047 0.64 8.0 4.5 115
1356.1 1692.6 55.64939 2.300 0.94 -71.3 4.4 155
2405.1 1670.2 8.82050 0.055 0.01 49.3 4.5 105
40.8 1683.0 60.67416 22.788 0.64 46.8 4.5 599
4043.4 1680.7 23.15021 8.192 0.48 8.7 4.2 303
2443.4 1774.0 171.71990 7.511 0.62 -81.6 4.3 441
2395.4 1876.2 379.07490 4.711 0.80 85.8 3.2 277
3040.6 1727.2 67.55319 4.269 0.45 34.5 4.4 317
3284.1 1714.6 9.19323 2.008 0.67 -19.3 1.4 45
885.3 1796.8 438.86270 4.989 0.83 26.8 3.7 335
1825.2 1763.6 93.41125 3.789 0.90 48.1 3.4 183
3798.6 1742.4 10.06022 0.906 0.55 3.4 4.5 111
68.3 1754.1 37.24936 9.925 0.54 40.2 4.5 447
93.9 1772.8 64.47262 4.487 0.62 64.1 4.5 369
552.7 1774.8 44.77702 1.467 0.55 34.3 4.5 241
1272.6 1796.5 60.67906 2.231 0.90 27.2 2.5 91
2517.8 1765.4 3.86648 0.032 0.71 73.4 2.4 5
3756.4 1775.4 11.74011 2.119 0.13 64.9 4.5 311
3339.1 1780.6 5.10123 0.049 0.16 58.3 4.5 53
4017.9 1792.6 26.78144 8.138 0.72 -34.9 4.5 329
113.4 1810.8 59.21881 2.423 0.83 4.0 4.5 269
3759.0 1798.8 16.21958 2.839 0.99 -37.5 4.5 149
3771.7 1820.5 44.68075 2.017 0.83 58.8 3 101
2538.3 1803.0 5.31172 0.814 0.24 46.0 1.1 27
3025.9 1819.2 16.57464 5.736 0.21 5.5 4.5 437
781.4 1816.7 4.90963 0.002 0.03 -56.0 4.2 9
272.5 1831.7 19.62784 3.025 0.73 69.7 4.5 185
39.6 1827.2 8.03039 1.247 0.23 49.8 0.9 37
1183.9 1887.9 450.58900 7.151 0.60 6.6 4.5 593
3030.5 1839.3 18.96852 4.094 0.25 -49.7 4.5 357
1164.3 1833.9 6.03177 0.495 0.33 7.1 3.8 59
3458.8 1845.9 15.87204 0.956 0.56 -59.4 4.5 147
1729.7 1868.1 51.48506 1.322 0.87 74.9 2.4 61
3296.4 1864.5 22.38143 2.301 0.71 -8.0 4.5 195
2008.0 1857.4 49.84624 18.232 0.10 59.4 4.5 1219
4042.1 1853.0 5.63269 0.629 0.06 -74.6 0.5 23
2691.6 1855.5 5.80969 1.014 0.41 15.7 1.6 37
1325.1 1934.0 133.77140 6.278 0.71 49.1 3.5 303
3728.6 1889.6 35.74739 1.589 0.62 11.8 4.5 183
1698.1 1909.1 59.57431 2.563 0.56 -49.5 3.5 175
3973.1 1914.3 62.26058 3.536 0.60 70.0 4.5 269
3508.9 1944.0 234.64020 6.250 0.75 26.9 3.2 311
3686.5 1888.7 8.97344 1.738 0.47 -10.1 0.7 27
124.3 1894.3 14.60376 0.215 0.02 -62.4 4.5 421
2943.3 1891.1 8.08524 0.867 0.11 37.0 4.5 291
651.4 1893.8 9.00681 0.247 0.04 61.7 3.4 99
2659.5 1908.2 31.49914 8.668 0.78 85.0 4.5 301
186.1 1909.7 24.99048 4.984 0.35 -37.4 4.5 327
2244.9 1903.4 8.17121 0.470 0.03 37.6 4.5 333
111.6 2197.3 4824.91500 9.892 0.71 -81.6 4 969
784.4 1919.7 14.57271 0.684 0.39 63.8 3.7 77
39.7 1942.8 73.45490 1.480 0.68 -13.0 4.5 205
1940.2 1927.1 41.83370 23.004 0.75 43.3 4.5 481
3517.9 2045.8 357.90840 4.815 0.89 3.6 3.3 273
584.4 1919.6 15.03666 7.565 0.26 79.6 4.1 349
2496.4 1935.2 23.97271 4.225 0.23 58.1 4.1 321
1747.3 1926.4 4.44434 0.020 0.02 -84.9 3.6 27
452.1 1966.3 50.27982 1.404 0.76 54.7 2.9 85
1027.8 1953.8 17.52708 1.799 0.47 45.0 2.8 99
2556.6 1949.2 9.77551 0.423 0.05 -9.7 4.5 227
1867.5 1953.8 10.97333 0.936 0.48 42.8 4.5 93
2685.9 1953.9 6.93642 1.005 0.47 -13.4 4.5 107
634.5 2003.1 121.66460 6.447 0.48 29.2 3 327
376.5 2001.9 107.29680 6.474 0.51 42.2 3.9 375
761.3 1987.3 23.30170 2.151 0.41 45.5 3.5 149
2017.0 1982.6 8.70157 2.646 0.86 39.7 0.3 17
2324.0 1987.4 22.41750 1.589 0.93 -2.9 3.6 85
2534.8 1993.4 13.64269 1.311 0.72 76.3 4.5 113
2428.3 2020.7 46.86697 3.040 0.39 73.1 2.2 143
3358.3 1987.0 9.09385 1.258 0.07 -43.9 4.1 241
2873.3 2005.5 16.40175 1.861 0.81 -32.6 1.4 41
1913.7 1988.6 12.60449 3.339 0.05 29.7 4.5 725
76.4 2003.4 6.83477 0.805 0.17 73.2 2.9 87
902.1 2033.9 111.37610 5.554 0.65 -2.7 4.5 371
1046.8 2061.6 180.83900 6.923 0.72 28.7 2.9 293
1027.8 2018.0 25.44712 3.355 0.54 12.8 2.6 137
2107.6 2061.6 151.06580 6.569 0.87 81.9 3.8 309
563.9 2082.3 227.94860 7.191 0.70 85.6 4.3 435
2074.9 2024.7 17.38814 1.881 0.12 46.9 4.3 287
240.1 2021.5 7.10245 0.429 0.07 -38.3 4.5 171
1640.1 2019.4 5.23238 0.170 0.45 -43.3 4.5 61
2290.2 2052.3 67.93630 2.031 0.99 59.3 2.8 95
2615.8 2022.8 5.74060 0.387 0.06 10.2 0.6 19
2840.0 2048.3 45.65848 1.398 0.80 -6.2 2.5 67
734.7 2100.3 140.40620 6.763 0.57 -13.9 4.5 437
481.5 2047.9 31.33469 6.411 0.52 55.6 4.5 385
2861.1 2048.2 22.26202 5.388 0.38 -6.5 4.5 379
200.8 2078.4 68.11103 2.357 0.73 48.7 4.5 275
2031.4 2066.1 17.17617 1.983 0.88 38.9 2 57
2763.6 2084.4 45.45882 6.003 0.71 -75.0 4.5 281
1156.1 2090.6 21.10364 3.738 0.51 -42.3 3.5 179
239.5 2080.0 13.65930 1.029 0.83 66.1 4.5 91
3810.8 2177.0 576.18220 7.438 0.48 49.0 3.4 539
683.7 2119.4 129.94210 5.672 0.87 12.2 4 289
3410.9 2080.6 9.28725 1.589 0.12 -86.1 3.4 191
2572.7 2093.7 24.22854 1.513 0.49 -0.1 3.2 105
3079.4 2117.3 62.95767 1.520 0.80 16.7 2.9 87
1895.5 2128.6 115.62070 6.556 0.81 -8.5 4.5 383
2312.9 2182.5 130.54930 5.363 0.74 64.4 3.4 265
1901.4 2097.5 6.54219 1.013 0.44 76.4 4.5 141
522.8 2119.1 45.25451 1.955 0.66 -24.9 4.5 205
4170.7 2142.5 69.12170 1.550 0.83 76.9 3 93
3766.9 2135.3 63.81382 8.951 0.84 26.2 4.5 429
749.7 2168.8 83.22020 2.961 0.78 -85.3 4.5 299
3418.6 2134.0 7.99917 0.668 0.05 -77.4 4.5 271
4049.8 2158.1 14.28348 1.951 0.50 36.6 1.6 61
1301.3 2152.1 10.67922 1.068 0.07 -60.4 4.5 341
2578.6 2155.8 7.26005 0.057 0.40 -89.9 0.8 3
3897.8 2180.7 39.36800 5.722 0.66 72.0 4.5 305
3056.2 2183.1 34.84412 4.344 0.61 -67.4 4.5 289
1590.1 2190.2 26.22152 2.499 0.62 73.0 1.9 81
601.8 2457.8 16822.31000 8.154 0.94 -72.1 4 947
744.9 2185.9 24.11427 2.679 0.54 -72.5 4.5 223
2613.5 2176.0 6.04255 2.334 0.46 -31.7 0.5 29
4142.9 2207.6 41.91444 2.685 0.37 34.0 4.5 305
2417.4 2235.5 77.42838 4.725 0.69 -76.1 4 261
2927.2 2210.4 8.13158 4.033 0.99 -66.8 2.6 89
252.2 2223.7 12.24545 4.024 0.23 11.5 4.5 341
1501.8 2236.5 17.74271 2.092 0.34 68.6 4.5 285
3135.4 2243.1 6.87341 0.918 0.51 -49.7 3.2 61
2080.0 2260.7 12.03622 1.747 0.75 81.7 2 55
3445.9 2260.6 49.52648 24.068 0.62 -86.7 2.7 451
2863.5 2270.4 14.65817 0.670 0.45 -60.9 4.5 107
829.7 2298.1 32.51910 6.041 0.86 -78.5 4.3 221
2365.5 2294.8 18.41452 2.306 0.56 -17.6 3.3 123
2665.3 2299.6 8.56650 1.300 0.39 32.0 1.8 53
1699.7 2373.0 87.03734 22.240 0.54 37.3 4.5 733
1130.7 2347.0 129.48170 4.871 0.87 30.4 3.8 253
1483.7 2292.3 4.61268 0.145 0.20 -9.9 4.5 53
3713.4 2332.3 89.12953 3.923 0.95 59.0 3.5 183
318.7 2323.3 59.87020 5.004 0.55 40.9 4.5 377
1944.2 2316.7 27.51426 2.617 0.40 27.9 4.5 273
13.1 2314.4 7.67005 0.538 0.20 -88.0 4.2 93
1106.5 2316.6 18.17628 1.373 0.59 46.7 4.5 169
3295.1 2320.0 22.76742 3.289 0.31 3.9 4.5 337
2861.2 2341.9 56.47873 2.744 0.50 -74.6 1.1 61
1963.4 2318.5 30.47543 16.818 0.48 -6.7 4.5 483
3537.2 2329.7 15.19199 2.470 0.67 79.7 0.8 37
3610.5 2338.1 31.60389 4.050 0.63 4.0 2.6 147
1656.3 2347.7 64.69884 6.236 0.96 19.2 4.5 339
337.0 2335.3 41.13329 23.160 0.38 30.7 4.5 665
2593.0 2343.0 10.49209 1.656 0.79 10.7 2.2 53
987.9 2341.5 9.56683 0.421 0.25 32.8 4.5 147
3989.6 2370.6 48.66922 1.638 0.82 -33.6 1.8 53
2142.7 2352.3 15.58111 1.513 0.49 -19.3 3.8 113
39.9 2400.4 152.19630 9.022 0.57 76.6 4.5 553
3003.0 2354.5 10.85951 2.256 0.30 24.5 4.5 189
2882.4 2390.9 107.01020 40.417 0.57 -66.5 3.8 811
2054.2 2369.7 34.10085 4.262 0.78 29.8 1.8 101
3348.8 2356.5 10.77271 1.902 0.75 -76.5 1.7 49
1993.8 2357.6 14.32577 4.346 0.95 -62.7 4.5 159
146.9 2373.7 38.67303 10.334 0.61 -5.8 4.5 399
3937.2 2379.4 51.87352 3.321 0.46 2.6 3.8 231
2776.6 2360.4 31.28869 9.420 0.04 24.3 4.5 1213
1937.1 2394.9 64.41039 1.984 0.69 -10.5 2.6 103
4043.1 2444.1 222.98700 5.209 0.87 -78.9 2.9 235
3149.5 2386.2 22.63624 3.063 0.45 -62.9 4.5 263
2570.2 2394.6 35.57153 2.468 0.49 23.0 4.5 211
3098.8 2397.0 29.25254 2.461 0.88 -17.8 1.5 57
1803.5 2384.2 11.75373 1.627 0.04 -20.2 4.5 601
2638.2 2410.1 38.43845 2.752 0.85 49.6 2.4 97
2933.2 2407.2 26.24557 2.004 0.86 -51.7 1.9 59
1316.9 2465.0 160.73190 7.826 0.77 -63.6 4.5 427
2398.9 2404.2 6.88909 1.134 0.16 -73.4 4.5 189
754.7 2457.3 160.67300 4.106 0.65 -40.5 3.5 265
1356.0 2429.7 20.23617 2.363 0.76 -70.1 1.1 41
71.5 2427.9 45.96960 24.455 0.87 -35.5 4.5 469
3632.2 2428.5 23.38104 1.155 0.43 -26.5 4.5 149
3679.0 2449.3 36.97990 2.672 0.54 76.7 1.7 89
1200.9 2472.4 140.76690 4.911 0.90 -35.1 2.8 197
4180.2 2459.8 79.92456 2.851 0.71 -37.6 4.5 229
133.4 2483.8 114.97780 5.248 0.81 50.3 3 221
1338.2 2507.8 100.74110 5.437 0.63 68.3 3.5 281
4154.6 2461.7 25.12051 28.118 0.39 18.5 4.5 557
1173.7 2477.3 27.96194 8.929 0.41 20.3 4.5 435
3844.0 2475.2 10.71008 2.063 0.52 80.3 4.3 127
3160.9 2474.6 13.98080 0.404 0.17 -52.4 4.5 173
1824.6 2524.3 150.09810 4.930 0.69 -51.7 3.9 303
3256.3 2565.5 458.21740 6.287 0.68 -59.7 2.5 289
792.0 2487.1 26.21952 1.380 0.52 9.9 4.5 145
3605.9 2513.3 66.90562 3.885 0.76 52.6 2.7 155
3646.3 2483.4 10.87422 2.315 0.74 -30.1 2.9 85
1384.8 2482.5 7.02616 1.280 0.06 -53.5 2.9 191
2289.7 2500.1 63.69982 3.208 0.83 56.5 4.5 289
2364.6 2503.7 45.97034 3.097 0.73 78.8 4.5 247
3151.8 2489.6 33.96858 17.626 0.31 -74.0 4.5 647
943.6 2487.8 37.78395 19.316 0.18 15.1 4.5 863
4147.1 2497.8 11.44695 1.756 0.47 9.9 4 121
2786.6 2498.7 8.07232 0.412 0.04 40.3 2 75
258.1 2500.5 10.06831 0.851 0.41 11.0 4.5 119
3668.3 2495.4 9.50341 0.606 0.02 17.2 4.5 587
2843.2 2497.4 4.80486 0.969 0.46 12.6 4.5 121
269.1 2558.6 86.29814 3.846 0.83 83.7 2.6 153
900.8 2588.2 192.50430 6.393 0.73 59.3 2.6 255
2985.9 2581.4 185.23780 4.358 0.91 47.5 3 205
2087.5 2688.3 1647.91800 9.427 0.87 -77.6 3.7 623
2733.3 2533.9 12.06518 0.853 0.15 -9.2 4.5 225
2119.0 2553.2 32.31356 2.641 0.72 77.3 4.1 155
1099.1 2616.3 347.69480 6.623 0.78 85.6 3.7 383
1568.0 2601.4 237.41840 5.567 0.86 73.2 3.7 311
3166.1 2557.5 37.65459 5.185 0.74 21.4 3.6 205
46.6 2571.2 46.99029 2.441 0.72 -54.9 1.9 79
1885.2 2565.5 27.17782 3.727 0.36 53.7 4.5 317
2215.1 2567.9 16.85495 1.828 0.61 -33.1 1.3 43
3501.9 2561.2 6.87364 1.270 0.48 68.5 1.9 47
3610.9 2569.0 21.54024 3.402 0.58 52.0 2.8 135
1293.8 2578.6 14.40061 0.023 0.30 -63.2 2.4 5
1748.0 2627.7 234.43170 4.706 0.87 -44.9 3.5 263
387.3 2568.3 5.27997 0.087 0.17 84.5 4.4 35
3580.8 2653.4 286.20910 4.985 0.90 -80.5 3.4 275
820.0 2584.7 9.96891 1.218 0.32 -60.0 0.4 17
23.1 2589.6 11.63246 3.028 0.60 54.8 1.4 65
3153.8 2597.8 6.39729 0.155 0.08 -66.9 3.3 49
360.4 2647.6 225.87800 4.951 0.62 -12.8 3.6 325
3789.6 2601.2 6.06929 1.303 0.24 75.9 4.5 163
284.2 2607.0 5.73451 0.033 0.16 -26.4 2.8 11
3553.5 2616.7 22.38223 9.981 0.54 75.1 4.5 371
3694.9 2632.7 27.74791 2.011 0.74 -29.0 2.6 87
839.8 2613.5 6.82543 1.723 0.45 30.2 2.3 71
1004.5 2648.5 77.38907 3.793 0.68 -13.2 4.5 265
1522.4 2643.0 45.87712 3.330 0.62 79.1 4.5 295
3532.9 2640.8 15.58298 2.368 0.54 51.7 4.5 209
271.3 2659.1 35.66023 2.598 0.76 -89.0 2.3 95
3912.1 2662.4 63.26833 2.596 0.95 -76.5 4.5 233
1021.8 2642.3 90.31699 83.680 0.27 -86.5 4.5 1371
325.8 2756.1 1010.14700 6.803 0.73 27.6 3.9 539
1272.0 2652.2 19.52886 3.473 0.42 -81.0 3.6 189
2009.8 2668.4 41.98237 2.903 0.81 12.2 1.9 83
3148.0 2654.6 26.41390 3.551 1.00 17.6 4.2 149
2253.7 2699.9 161.35230 4.481 0.74 -26.3 3.2 237
2888.3 2691.0 118.43280 4.633 0.92 11.8 3.5 219
3822.8 2653.7 10.95461 5.271 0.66 35.4 4.5 199
2666.1 2663.9 9.12870 1.851 0.22 59.4 4.5 241
1023.1 2657.6 18.38021 7.320 0.13 67.0 2.8 419
50.2 2726.8 136.20480 5.264 0.55 59.7 3.4 311
2844.4 2731.5 63.31016 2.665 0.73 -37.9 2.6 119
1881.4 2674.8 17.33832 8.242 0.20 81.4 4.5 479
1675.2 2670.1 6.85895 0.725 0.09 34.2 3.6 139
2639.5 2680.4 7.92831 0.591 0.10 -45.7 4.5 237
3607.6 2701.9 85.34377 2.680 0.69 -52.0 4.5 303
3397.6 2676.8 6.58515 1.783 0.15 -2.3 0.5 35
723.0 2728.6 151.44080 6.110 0.80 13.4 3.4 281
694.6 2770.9 384.03450 6.189 0.67 -75.4 3.8 419
3871.3 2828.6 1447.97800 6.606 0.79 57.7 3.8 535
1039.4 2702.3 20.48139 1.767 0.30 5.8 2.3 107
4068.2 2699.9 24.43810 5.338 0.37 -75.9 4.5 353
3288.5 2708.1 18.59026 1.434 0.85 -79.4 4.5 123
2195.0 2714.4 23.61633 2.011 0.82 -58.3 1.4 47
928.0 2743.5 93.66338 5.619 0.96 70.3 3.8 243
1353.6 2733.0 37.01183 2.147 0.90 42.6 2.8 93
1825.4 2717.9 14.64398 1.979 0.49 -29.7 2.9 101
3054.4 2719.7 15.90083 1.964 0.54 -50.6 4.5 165
1151.5 2732.5 18.93601 1.707 0.47 -88.7 4.5 157
2746.2 2736.7 34.47383 4.112 0.54 -2.2 4.4 239
2131.6 2727.7 63.58773 54.545 1.00 -89.5 4.5 577
241.4 2722.2 8.60674 2.099 0.13 -52.3 2.6 167
1103.6 2740.6 22.37752 3.218 0.56 -1.6 0.9 51
220.0 2734.9 6.83460 0.277 0.04 -83.4 4.5 199
2913.5 2737.0 5.53736 0.040 0.05 -34.0 3.9 35
3020.3 2744.5 8.10244 0.804 0.13 -63.2 3.6 125
64.0 2765.1 52.82251 7.887 0.78 -33.5 4 287
1641.3 2751.4 13.46464 2.544 0.32 72.1 4.5 209
455.5 2756.7 12.99926 1.749 0.46 -51.3 4.5 143
1323.6 2754.2 12.58736 3.304 0.02 -49.1 4.5 1079
3457.9 2776.3 30.08267 5.166 0.69 -45.1 4.5 303
302.9 2784.7 68.73127 17.021 0.68 -2.4 4.5 575
3103.9 2803.3 55.66909 4.736 0.77 11.4 4.5 347
898.7 2794.9 16.52787 2.770 0.50 -39.8 1.3 67
3124.9 2791.0 9.34333 2.497 0.20 67.9 1.4 95
786.2 2791.8 9.84779 1.694 0.57 -4.5 0.9 31
4125.4 2788.9 6.84770 0.641 0.92 50.1 4.5 81
949.8 2801.2 12.07441 1.586 0.58 30.3 4.5 155
1454.1 2929.4 208.48370 4.773 0.88 54.2 3.8 277
3.1 2800.3 8.71081 0.278 0.32 81.8 4.3 55
2839.7 2828.9 81.20142 4.895 0.47 11.8 3.9 315
1813.0 2801.6 11.02668 2.656 0.24 -76.3 4.5 257
985.4 2817.4 26.53419 4.765 0.36 70.7 4.5 371
874.4 2847.7 87.59845 4.407 0.83 -43.9 2.6 163
2095.1 2826.8 35.44868 5.229 0.82 -74.4 4.5 251
2973.8 2814.8 12.60527 1.930 0.06 83.8 4.5 485
2522.0 2820.2 10.93998 2.385 0.88 73.7 1 35
2968.0 2824.0 29.19227 5.879 0.42 -15.6 4.5 309
1290.3 2845.2 48.81145 1.760 0.66 84.1 4.5 201
3986.8 2888.7 186.42900 5.988 0.48 37.0 4 435
2016.6 2849.6 12.12144 2.192 0.56 80.9 4.5 183
1329.3 2870.1 35.78518 1.427 0.88 -56.8 2.7 69
2062.7 2854.3 30.84118 6.470 0.54 -1.5 2.4 201
928.3 3019.6 204.17020 6.226 0.67 78.0 3.7 355
436.4 2866.6 27.89597 1.742 0.80 27.8 4.5 147
4146.8 2857.5 11.63691 1.343 0.52 -52.7 4.5 131
1988.2 2849.8 10.54391 9.653 0.89 2.8 4.5 215
2302.1 2872.9 17.52458 7.040 0.06 -86.6 4.5 899
1186.2 2905.1 37.72823 2.795 0.82 17.4 4.5 173
1694.6 2899.2 14.23257 2.322 0.84 -17.3 1.9 59
1520.7 2923.5 60.84465 1.902 0.94 1.6 4.5 209
3298.7 2973.4 514.40650 8.925 0.60 -21.3 3.8 577
2153.7 2913.0 83.53393 34.955 0.29 53.3 4.5 1085
1144.5 2902.2 19.83148 10.738 0.22 -0.3 4.5 563
4013.1 2919.7 25.89886 4.055 0.78 88.2 4.5 217
2791.3 2908.8 6.01878 0.280 0.14 46.5 4.5 147
1802.7 2940.0 53.15389 4.779 0.68 -21.5 3.3 211
1241.9 2910.4 4.28200 0.018 0.14 50.3 4.4 15
2563.5 2941.3 61.10136 3.841 0.81 53.3 4.5 263
921.3 2931.1 28.94604 3.937 0.40 28.9 4.5 371
1369.3 2932.9 35.40496 3.287 0.54 5.8 4.5 223
2282.1 2923.6 11.13923 1.277 0.98 76.8 4 69
3081.1 2954.7 125.01310 22.768 0.97 -29.4 4.5 647
687.4 2929.1 7.33789 0.447 0.05 8.1 4.5 191
3338.1 3007.0 265.06580 5.856 0.82 -62.9 4.1 363
709.1 2992.3 155.09230 5.070 0.82 -11.3 4 291
1191.1 2990.5 123.01160 6.477 0.83 -82.3 4.1 315
1477.1 2954.7 71.16012 14.795 0.34 44.5 0.3 137
2602.3 2960.7 11.08111 0.937 0.66 22.5 3 55
1271.8 3028.0 209.78920 6.904 0.72 -4.6 4.5 441
3460.4 2967.9 9.55946 0.220 0.10 -84.4 4.5 199
2618.6 3016.6 151.11600 5.734 0.70 -32.0 3.3 289
2906.3 3224.5 449.40810 7.579 0.65 -24.6 3.9 501
1589.2 2963.5 17.18927 8.188 0.14 62.1 4.5 609
2798.0 2976.9 25.53155 6.880 0.71 -85.8 4.5 309
32.2 2998.6 40.78346 7.229 0.65 -63.0 4.5 385
2154.1 2982.9 10.11511 0.441 0.11 -2.8 4.5 199
485.3 2994.6 13.26679 1.211 0.40 30.9 4.5 165
494.2 3003.8 13.62323 2.399 0.30 54.3 2.9 143
1832.4 3030.7 36.24674 1.783 0.87 89.1 1.7 53
3368.4 3027.4 50.47226 5.534 0.54 5.9 4.5 379
1668.9 3047.2 116.87240 5.238 0.85 -55.6 3.9 269
3499.6 3024.2 8.33018 0.227 0.11 85.6 4.5 159
2845.6 3023.7 21.23556 16.395 0.31 27.4 4.5 531
699.4 3038.8 27.40915 2.001 0.60 3.8 2 75
2517.1 3041.7 14.63854 1.772 0.98 7.5 0.7 21
1461.1 3035.2 8.70891 2.133 0.48 80.4 1 41
3842.9 3050.7 23.90287 2.671 0.59 -44.2 4.5 235
657.7 3054.1 22.83748 4.127 0.24 -46.4 4.5 443
631.3 3082.7 153.27580 13.786 0.82 21.5 4.5 645
1547.6 3062.7 15.16385 0.762 0.14 -58.3 4.5 183
2987.8 3059.3 44.60241 15.494 0.37 -9.7 3.2 495
1718.5 3073.8 35.69894 1.610 0.92 -61.5 1.1 31
1961.8 3087.2 15.36328 2.885 0.28 60.3 1.6 107
418.6 3081.1 28.67707 24.208 0.46 -88.3 4.5 521
2247.8 3094.9 19.92750 2.554 0.51 75.4 4.5 185
280.7 3089.4 6.94585 0.528 0.07 29.9 4.5 259
4197.4 4095.5 37.29668 1.335 0.65 88.9 1.7 49
2226.2 4069.4 380.59410 7.513 0.63 -10.8 4 505
1353.3 3854.8 8.60575 1.974 0.83 -72.5 4.5 107
1085.6 3729.2 14.17225 1.042 0.62 -60.2 2.2 47
1769.5 3713.5 24.14513 14.994 0.21 -73.9 4.4 595
187.4 3693.8 126.44870 5.395 0.56 -50.5 2.8 263
1282.9 3637.9 120.41790 4.882 0.64 -47.4 1.2 103
544.4 3641.5 29.84420 3.995 0.33 -75.8 4.5 395
4147.1 3591.1 382.51820 5.616 0.64 71.2 3.5 375
4008.1 3603.5 19.43971 0.811 0.43 10.4 4.5 157
3477.7 3603.9 60.67373 26.261 0.87 42.4 4.5 531
3417.7 3454.4 26.61447 9.144 0.87 56.2 4.5 295
2964.9 3451.1 12.23653 3.071 0.18 -75.5 4.5 381
248.8 3447.1 31.24780 3.927 0.42 9.9 4.5 339
970.7 3409.2 129.77650 10.054 0.78 -33.8 4.5 539
1085.0 3402.4 44.88646 5.400 0.68 -36.1 1.5 117
3568.4 3363.1 1762.19500 6.478 0.69 29.6 3.8 583
1373.8 3181.5 5.47521 0.126 0.02 -11.0 3.5 99
903.1 3167.6 62.93782 3.250 1.00 -28.0 4.5 185
771.1 3176.1 66.94238 10.392 0.61 3.9 4.5 533
2113.4 3175.3 74.64511 31.160 0.46 65.7 2.4 629
758.2 3175.1 79.87382 81.484 0.30 2.9 4.5 1203
2886.1 4006.5 8.97102 0.380 0.06 -37.3 4.4 155
2419.8 4018.0 66.13470 2.342 0.75 -25.8 3.9 163
1478.1 3584.1 20.47876 4.197 0.64 -34.8 0.4 37
74.2 3557.4 124.27540 56.991 0.94 64.3 4.5 789
346.2 3262.4 25.32980 3.695 0.44 85.5 4.5 297
3081.9 3134.9 9.30912 2.126 0.87 49.8 1 31
191.9 3120.0 6.07051 0.018 0.30 -26.2 4.5 27
3332.2 3129.9 5.33168 0.935 0.39 2.6 3 61
2855.3 3941.9 20.17789 1.396 0.57 76.7 2.9 81
4074.4 3901.7 48.18636 11.151 0.58 19.3 4.5 493
886.3 3887.6 8.86854 1.465 0.64 47.6 1.8 45
3976.3 3176.8 18.10773 2.533 0.68 73.4 2.2 83
4142.9 3906.6 57.42839 4.773 0.60 -16.1 3.9 255
807.7 3919.4 109.48070 26.785 0.51 7.7 4.5 881
4045.0 3961.5 3.82889 0.154 0.35 50.7 4.5 35
3025.5 3856.9 49.76714 3.043 0.85 -4.2 4.5 247
2720.5 3922.0 39.91387 2.443 0.29 71.6 4.5 375
3780.0 3881.0 4.64186 0.530 0.18 36.1 3.7 79
1001.7 3850.9 110.62400 4.301 0.71 60.4 2.7 189
3591.0 3918.1 10.40605 1.862 0.54 42.2 1 35
3051.0 3863.8 26.82881 6.058 0.56 -49.6 4.5 333
1066.3 3925.4 7.37724 0.883 0.04 69.8 0.5 37
3983.1 3814.3 31.81321 0.920 0.10 -52.5 4.5 275
1831.6 3902.8 52.92756 10.089 0.84 63.2 4.5 395
52.9 3902.7 4.94511 0.320 0.11 -75.1 3.2 63
682.1 3897.8 40.12955 3.563 0.78 -30.6 3.6 167
2672.4 3875.3 36.33522 8.631 0.60 -38.8 4.5 387
2899.7 3852.8 9.46955 5.981 0.13 -84.1 4.5 485
1836.0 3881.8 58.06061 2.103 0.91 6.3 2.5 87
921.4 3873.9 37.75586 2.744 0.72 21.8 4.3 171
3446.0 3793.8 2184.62300 6.280 0.81 -86.4 3.8 553
3952.0 3888.4 149.45650 6.524 0.62 63.5 3.9 367
3976.6 3681.0 6.25055 0.039 0.73 2.4 1.7 5
619.4 3879.5 4.95990 0.696 0.07 -11.6 0.8 33
2328.6 3768.0 3287.89100 6.874 0.76 -41.5 3.8 657
3694.8 3870.2 183.55130 6.152 0.90 -80.1 4 319
528.5 3807.4 89.91929 5.777 0.56 27.0 3.3 287
701.8 3853.2 16.18542 2.851 0.76 -66.8 4.2 137
122.2 3878.7 10.58248 2.295 0.67 18.2 0.7 29
3718.1 3848.4 22.65117 11.823 0.29 -26.9 4.5 527
1061.4 3867.9 31.45527 4.356 0.44 -74.7 3 207
3956.1 3855.1 26.61218 7.052 0.45 -53.4 4.5 377
1330.5 3750.0 31.59328 3.945 0.44 37.1 4.3 247
840.0 3831.4 15.03238 1.344 0.43 -70.4 4.5 149
1862.8 3731.9 7.22618 2.540 0.84 -77.2 4.5 133
3757.0 3837.2 31.41243 2.613 0.52 -24.7 2.4 117
4168.2 3812.0 4.98426 0.112 0.01 88.7 1.3 33
2466.4 3838.8 16.19336 2.440 0.53 -52.6 1.8 77
1856.7 3804.1 1031.24000 7.095 0.61 53.1 3.5 541
2657.7 3862.7 47.39621 26.050 0.74 80.0 4.5 521
1143.0 3830.0 13.88586 1.998 0.83 -83.7 0.8 25
2828.7 3687.5 17.66524 2.754 0.56 -90.0 2.8 117
4045.6 3790.6 711.28910 7.718 0.82 -64.3 4.5 615
625.9 3808.5 351.37060 7.051 0.86 31.4 3.4 357
845.3 3813.5 20.09160 2.921 0.51 76.3 4.5 199
1616.9 3668.3 50.66447 2.224 0.83 -1.2 2.7 101
3256.7 3781.9 8.91948 1.905 0.72 32.1 0.9 31
4013.6 3812.7 78.51503 13.962 0.82 -50.5 4.5 515
1731.5 3788.4 9.26209 1.262 0.40 -38.4 2.9 79
3112.4 3711.4 306.57810 8.267 0.62 -39.3 4 505
3196.7 3726.5 17.20156 2.067 0.60 -8.1 2.4 83
2628.2 3734.1 47.72491 44.790 0.75 45.2 4.5 573
104.2 3803.6 180.62590 9.176 0.81 24.9 4.5 463
3670.2 3561.9 101.13540 8.507 0.69 -84.1 4.4 395
4059.9 3666.2 21.56144 1.638 0.91 22.7 1.2 31
1469.9 3766.7 42.92618 18.918 0.60 72.9 4.5 523
2551.6 3737.7 4.47369 0.358 0.16 63.2 4.5 99
3798.8 3304.4 951.74310 8.100 0.61 24.2 3.8 631
82.3 3782.7 33.07227 11.948 0.59 41.7 4.5 417
3272.7 3729.8 10.36737 0.202 0.04 -37.0 2.4 63
2254.1 3761.5 38.27253 22.354 0.96 -85.3 4.5 395
690.7 3695.9 23.54594 2.140 0.63 -81.5 2.7 97
826.4 3698.7 47.73384 1.832 0.98 25.9 3.3 97
1015.0 3750.3 4.91309 0.425 0.09 57.6 4.5 151
911.1 3704.9 11.48521 0.855 0.28 -62.8 4 105
3940.3 3189.6 11.22751 2.041 0.65 7.4 2.3 71
2660.7 3724.9 122.57020 49.454 0.80 -4.3 4.5 825
4045.9 3721.4 39.27238 1.951 0.65 25.6 2.2 83
886.8 3724.3 10.42806 0.902 0.25 -31.5 1.4 39
362.0 3282.8 61.01228 5.854 0.64 -15.9 1.3 115
2761.6 3213.2 43.41529 1.685 0.86 67.1 1.9 55
285.0 3676.9 1291.40300 7.532 0.86 -50.4 4.1 579
3240.2 3666.5 53.51831 2.589 0.58 -71.3 2.2 109
3884.3 3660.4 7.47154 0.358 0.44 51.9 4.5 103
2366.7 3666.7 8.33178 1.016 0.26 -85.3 1.4 43
844.1 3565.9 14.07252 1.402 0.52 22.9 4.3 111
750.4 3701.4 19.14851 4.046 0.34 60.9 4.5 307
3007.2 3642.8 4.73436 0.015 0.96 -14.9 3.5 5
3836.6 3611.5 10.69887 2.780 0.24 70.5 2.4 143
1113.4 3585.3 8.74861 1.163 0.81 24.9 4.5 89
1479.0 3658.4 71.58681 3.451 0.87 61.1 4.5 227
1114.0 3611.8 7.84102 2.139 0.40 -74.7 4.5 149
3330.9 3639.0 163.30740 5.326 0.75 -15.3 2.8 229
3682.1 3613.4 5.42411 0.828 0.13 63.8 1.3 47
3196.6 3546.9 41.26863 1.915 0.92 12.7 3.4 105
3759.3 3586.5 74.40450 51.671 0.51 -64.0 4.5 865
1305.7 3336.9 109.47730 46.623 0.88 45.3 4.5 741
988.8 3250.6 206.36450 7.379 0.55 -44.7 4.5 515
3969.0 3475.5 22.43665 1.090 0.68 -42.6 4.5 137
907.9 3576.9 53.19666 3.574 0.89 47.7 4.5 267
1613.7 3518.4 49.06771 19.889 0.35 37.7 4.1 635
3057.0 3599.6 174.32960 5.396 0.62 47.2 3.2 291
2133.6 3506.7 8.84081 0.494 0.71 -89.6 4.5 53
1207.6 3579.2 7.34285 0.298 0.05 -71.5 1.5 37
4019.6 3552.4 6.97167 1.458 0.06 37.0 2.4 175
3972.3 3610.1 14.49414 2.969 0.16 -35.0 3.7 263
1135.7 3479.9 7.43889 0.112 0.07 -1.3 4.5 103
110.0 3545.9 551.88080 8.399 0.72 39.8 4.5 649
2452.3 3317.1 17.32792 2.017 0.64 24.4 1.4 49
2269.7 3531.9 10.71645 0.046 0.19 -3.1 2.4 11
963.2 3614.9 65.86134 1.636 0.85 56.2 3.3 103
1885.4 3269.4 8.63832 0.075 0.71 65.3 1.1 5
2361.8 3531.0 13.62954 1.269 0.21 -37.8 3.5 139
3172.7 3569.4 4.84174 0.183 0.01 44.9 1 31
2877.7 3495.2 6.68223 0.821 0.08 51.1 2.9 127
1822.4 3562.3 45.60704 4.986 0.83 3.4 4.5 327
550.2 3450.2 6439.99600 9.895 0.84 -48.4 3.7 853
2827.4 3302.5 14.87093 2.092 0.04 32.6 3.2 405
2942.9 3295.4 4.83641 0.142 0.01 -74.8 1.6 45
1065.9 3264.8 7.95965 3.219 0.56 74.3 1.9 85
56.2 3551.5 72.80387 68.060 0.34 47.2 4.5 1103
3121.4 3525.5 130.64870 3.696 0.93 -17.7 2.6 151
1162.1 3334.1 43.12108 6.506 0.51 21.9 4.3 317
3438.4 3341.0 18.86296 4.801 0.38 51.0 4.5 289
709.4 3511.4 16.94329 2.020 0.84 -47.8 1.7 51
2892.6 3454.6 21.40477 2.476 0.33 -83.6 4.5 285
1839.4 3488.5 384.78500 5.418 0.86 73.7 3.7 335
2238.8 3499.9 20.26624 1.629 0.95 -42.8 1.7 43
1311.5 3440.3 62.80113 10.515 0.61 41.0 4.5 523
1870.6 3462.0 84.46411 5.409 0.72 -29.3 4.5 317
3012.2 3503.8 9.84089 2.588 0.11 -6.7 4.5 419
32.8 3458.3 42.54116 3.310 0.55 -65.1 2.1 123
2972.7 3477.4 28.65154 9.973 0.32 8.5 4.5 513
3499.5 3352.1 238.23480 37.337 0.71 -24.1 4.5 1079
2901.8 3488.2 6.08061 0.486 0.04 60.3 0.5 23
2461.7 3466.1 53.23416 3.753 0.39 -8.6 4.5 305
2383.7 3375.1 12.79604 2.169 0.41 57.4 1.4 61
4049.5 3279.4 12.37841 1.186 0.46 59.6 4.5 137
2513.8 3440.8 32.33504 4.790 0.44 -82.9 4.5 335
2805.6 3433.5 6.47961 1.387 0.10 51.8 3.9 195
1668.8 3470.5 34.86938 16.864 0.32 88.0 4.5 577
471.9 3502.4 191.50220 42.012 0.91 84.0 4.5 899
3555.8 4078.1 12.52560 0.666 0.15 41.8 2.6 81
3009.6 3331.1 7.93909 0.010 0.25 -82.2 2.1 3
1284.4 3418.7 8.41687 0.037 0.02 47.3 4.5 181
840.4 3345.9 23.98265 2.305 0.33 -10.4 3.1 159
2380.4 3256.1 7.28602 1.668 0.49 84.3 4.5 117
3480.5 3391.3 50.38581 1.914 0.91 56.4 2.2 73
3658.9 3483.3 4.40572 0.027 0.01 -0.1 4.5 171
2328.8 3484.3 4.87460 0.251 0.52 25.8 4.5 67
2833.2 3413.1 14.64581 1.832 0.54 5.7 1.6 53
2509.0 3412.1 65.95513 4.102 0.73 34.7 4.5 293
250.0 3318.1 9.04437 1.213 0.68 52.2 3.8 75
2451.2 3391.9 21.41134 2.111 0.42 31.1 4.3 171
2905.8 3356.2 4.27432 0.058 0.03 66.9 4.5 169
122.1 3209.2 21.41383 5.088 0.55 -29.8 4.5 285
2909.9 3397.2 6.13997 1.730 0.79 -77.9 1.8 43
1197.4 3339.9 65.64548 7.547 0.46 78.5 4.5 455
3222.9 3370.7 67.78352 34.985 0.63 -15.6 4.5 687
340.1 3299.2 62.30580 31.247 0.32 -44.3 4.5 917
3692.5 3347.9 4.32440 0.098 0.03 -10.9 1.4 19
433.2 3329.8 10.16006 1.039 0.20 8.6 0.6 23
1286.2 3345.3 63.15462 4.618 0.80 -31.9 4.5 365
393.6 3227.2 8.30157 0.658 0.94 -77.0 4.5 55
1722.4 3298.1 51.12081 6.667 0.83 -18.4 4.5 363
1601.7 3306.9 10.31316 2.017 0.69 39.7 4.5 151
2455.7 3216.9 27.72932 10.618 0.23 1.5 2.4 399
116.0 3362.6 13.92853 1.713 0.80 3.4 1 27
166.0 3336.1 14.98112 4.823 0.26 -51.2 4.5 375
4145.1 3270.9 56.86065 44.905 0.83 -39.4 4.5 583
2734.9 3277.1 12.53344 4.438 0.55 -61.6 0.3 35
2787.6 3263.2 9.94327 1.438 0.87 61.7 2.6 55
1833.6 3318.1 26.47367 2.291 0.79 -70.5 2.3 81
67.0 3277.9 84.58296 36.399 0.33 -53.1 2.3 815
1192.3 3310.8 50.37172 9.437 0.46 85.8 4.5 519
1884.7 3289.8 14.14519 2.115 0.57 37.0 0.5 25
495.2 3279.9 15.31734 16.610 0.35 -16.8 4.5 437
1479.2 3148.6 19.62675 15.465 0.23 -62.9 4.5 595
1614.6 3288.5 14.10604 2.210 0.92 -76.5 1.3 41
505.4 3221.6 8.20571 1.869 0.21 -32.3 4.5 255
269.6 3257.3 13.10535 7.700 0.49 -82.9 4.5 301
1072.8 3852.7 75.55074 30.400 0.47 -31.8 4.5 809
884.4 3235.9 23.96477 4.416 0.79 61.6 4.5 213
3782.6 3138.5 149.16130 6.439 0.83 -20.1 4.3 345
703.2 3246.8 89.74868 46.952 0.97 51.3 4.5 657
4073.5 3197.8 27.82369 2.386 0.59 56.4 4.5 241
3523.0 3247.8 10.43070 0.380 0.04 -79.1 0.8 27
3198.5 3215.3 50.40588 2.062 0.75 64.9 2.1 79
732.5 3197.9 188.01110 78.843 0.39 -82.4 4.5 1539
3397.4 3215.1 5.26165 0.609 0.86 -51.4 4.5 59
1240.3 3164.7 35.72806 2.223 0.78 20.5 2.9 103
3294.3 3222.8 24.26097 2.302 0.60 24.4 3.8 139
1986.6 3203.2 62.58757 4.165 0.75 -1.9 4.5 329
956.8 3156.3 78.74763 5.110 0.76 -74.6 2.9 205
3627.8 3225.4 5.45352 0.487 0.10 69.6 3.3 89
2287.9 3149.1 50.84768 7.332 0.73 40.6 4.5 401
3840.4 3916.2 12.89424 0.897 0.88 71.2 2.7 43
2556.3 3165.5 4.91440 0.019 0.02 33.4 4.5 73
4163.1 3153.2 115.76390 4.325 0.74 25.7 2.4 169
3055.1 4029.4 13.40328 1.735 0.95 -4.3 1.2 33
2139.1 3165.7 4.73231 0.182 0.06 63.8 4.5 135
2744.6 3204.4 13.67516 5.104 0.40 12.5 4.5 257
1105.1 3885.9 30.74487 2.893 0.64 -64.8 3.6 155
270.5 3227.7 9.41488 0.401 0.12 86.7 4.5 209
2505.6 4000.7 63.01557 1.694 0.81 1.8 3 97
3728.9 3154.3 5.97685 0.229 0.02 -6.5 2.9 97
1866.5 3223.5 4.99683 0.043 0.09 51.5 4.5 43
13.1 3111.9 7.24895 0.421 0.15 -23.6 4.5 137
3048.3 3994.6 10.59229 1.173 0.19 70.7 1.2 49
2395.0 4047.7 7.46587 1.974 0.34 72.5 3.5 125
2288.3 4004.0 8.30746 0.878 0.02 16.5 4.5 503
3297.0 3124.8 21.27874 0.894 0.18 15.8 4.5 231
3936.5 3102.8 10.61085 1.850 0.37 -71.9 1.8 69
2899.7 4074.4 309.38800 7.525 0.61 -25.0 4.5 573
2104.5 4068.3 17.22879 1.179 0.36 -4.3 4.5 183
3757.4 4041.6 41.42722 3.043 0.56 -48.0 4.5 311
407.0 4082.6 10.31089 2.064 0.50 82.8 4.5 145
962.6 4026.9 99.01784 6.798 0.80 69.6 3.8 299
2848.8 3984.2 14.35821 1.275 0.73 28.9 2.2 51
275.5 4037.0 42.66552 3.868 0.68 28.6 4.5 283
1806.7 3975.7 14.48513 4.111 0.16 47.8 4.5 413
1614.6 3864.2 13.98738 4.582 0.05 34.9 4.5 787
2453.7 4001.8 30.99743 5.358 0.65 71.3 4.5 305
436.1 4031.3 23.40513 2.711 0.81 46.4 4.5 209
596.3 4038.9 25.01104 1.962 0.75 46.3 2.2 71
2968.9 4033.7 14.16173 0.711 0.35 30.9 4.4 99
1181.1 3728.5 61.47361 22.143 0.60 -42.6 4.5 613
161.1 3864.5 13.44130 2.627 0.53 47.3 2.6 105
2589.2 4055.6 17.79727 1.878 0.52 45.9 4.5 175
177.6 4027.1 11.82513 2.044 0.41 83.3 4.5 201
3979.0 3982.0 5.76684 0.036 0.45 -65.0 2.3 7
2487.7 3893.5 19.12906 1.924 0.87 -71.3 2.7 75
987.0 4052.0 16.62259 26.607 0.48 44.9 4.5 419
179.0 4003.8 7.13705 0.598 0.18 -55.7 4.5 171
2292.8 4039.5 24.20048 2.908 0.27 46.0 3.3 213
2580.7 3948.5 6.03088 0.452 0.52 68.0 4.5 97
2811.0 3983.5 5.23949 0.589 0.37 -82.2 3.7 59
3929.9 3932.0 8.42924 1.140 0.19 0.9 2.7 101
2694.8 3870.4 9.34130 2.065 0.06 -0.4 4.5 549
4004.4 4010.7 32.62816 1.940 0.88 -6.3 2.2 69
2507.2 3864.2 9.68984 2.144 0.28 -61.7 2.8 125
