#   1 NUMBER                 Running object number                                     
#   2 X_IMAGE                Object position along x                                    [pixel]
#   3 Y_IMAGE                Object position along y                                    [pixel]
#   4 FLUX_SPHEROID          Spheroid total flux from fitting                           [count]
#   5 MAG_SPHEROID           Spheroid total magnitude from fitting                      [mag]
#   6 SPHEROID_REFF_IMAGE    Spheroid effective radius from fitting                     [pixel]
#   7 SPHEROID_ASPECT_IMAGE  Spheroid aspect ratio from fitting                        
#   8 SPHEROID_THETA_IMAGE   Spheroid position angle (CCW/x) from fitting               [deg]
#   9 SPHEROID_SERSICN       Spheroid Sersic index from fitting                        
#  10 CHI2_MODEL             Reduced Chi2 of the fit                                   
#  11 FLAGS_MODEL            Model-fitting flags                                       
#  12 VECTOR_ASSOC           ASSOCiated parameter vector                               
         1   4024.5107    336.7618     11230.19  16.8740     9.8547 0.8176 +77.807  3.634     1.134612   0     4024.921
         2   2753.8518     65.3123     1542.472  19.0295     8.1613 0.6949 +64.758  3.625    0.9594548   0     2753.484
         3   2281.6096     64.4523       337.26  20.6801     9.1989 0.7907 -56.951  3.776    0.8811777   0     2281.439
         4   1791.5035     50.2758      127.012  21.7404     5.9794 0.6496 +43.580  3.140    0.8429464   0     1790.658
         5   1055.4709     71.6713     135.9965  21.6662     8.4361 0.6120 -82.424  4.097    0.8879813   0     1055.614
         6   1632.2069    205.0972     947.3182  19.5588     8.7611 0.8634 -23.538  3.994    0.8805157   0     1632.018
         7    710.6790     72.7336     112.3001  21.8741     5.2608 0.9463 +63.059  5.420    0.8672283   0      711.083
         8    184.2596     87.6977       196.39  21.2672    11.3514 0.5410 +28.212  4.511    0.8777243   0       184.32
         9    829.3400    198.7506     234.1019  21.0765    10.0161 0.8446 -51.744  4.549    0.8806486   0       829.36
        10   3347.1416    204.4856     716.4723  19.8620    10.7819 0.5966 +87.432  3.853    0.8752594   0     3348.368
        11   2466.3491    151.3157     152.6496  21.5408     6.5563 0.9088 -41.363  4.084    0.8420438   0     2466.776
        12   3786.4592    150.6955     117.4814  21.8251     9.5349 0.7290 +13.642  5.805    0.8972176   0     3786.115
        13   1493.1830    184.3292     162.5927  21.4722     9.5485 0.8337 -80.005  6.483    0.8771207   0      1492.51
        14   2694.4849    162.8153     102.4033  21.9742     4.7479 0.9434 -27.987  3.242    0.8703692   0     2692.869
        15    762.6379    234.9232     916.7363  19.5944     9.1905 0.7754 +38.932  4.427    0.9443131   0      762.781
        16   2609.6782    216.8778     245.3394  21.0256     7.5578 0.6358 -57.572  3.902      0.86924   0     2610.593
        17    261.7154    255.5867     609.1147  20.0383     7.2262 0.8498 +81.147  4.321    0.9380515   0      262.727
        18   3846.3254    292.9423     563.8817  20.1220     7.3880 0.7043  -5.428  3.477    0.8905705   0     3847.195
        19   2084.7527    298.0284      205.998  21.2153     9.2293 0.5482 +59.294  4.080    0.8698546   0     2084.527
        20   2939.8213    375.8300     112.5772  21.8714     5.3689 0.8970 +75.639  2.987    0.8643654   0     2939.464
        21   1267.5688    316.7027     206.3665  21.2134     7.5294 0.6402 +21.979  4.460    0.8841929   0     1267.173
        22   1101.2852    423.7536     1028.485  19.4695     9.4041 0.7087 +86.491  3.827    0.9316718   0     1100.878
        23    274.2255    417.8816     1153.469  19.3450     8.7936 0.7269 +67.497  4.315    0.9807273   0      274.759
        24   1509.3389    385.8779     506.6972  20.2381     6.4197 0.9938 +89.393  4.187    0.8887462   0     1509.463
        25   1689.9800    432.4124     153.4815  21.5349     6.9182 0.7689 +64.578  3.480    0.8592793   0     1688.812
        26    892.9042    441.5088     165.5998  21.4524    10.5077 0.6680 -29.505  5.146    0.8842261   0      892.694
        27   2912.6326    675.0778     9358.268  17.0720    12.0895 0.7502 -50.255  3.603     1.159719   0     2912.527
        28   1037.4937    530.8234     1360.177  19.1660     7.8173 0.9414  -2.460  3.993    0.9753734   0     1037.959
        29   3747.7986    526.8721     820.4177  19.7149     9.1661 0.8296 -34.932  3.453    0.8902771   0     3747.809
        30   3153.2937    515.8115     239.4034  21.0522     6.6592 0.8127 +49.272  3.366    0.8851179   0     3153.474
        31    525.2944    537.3967     107.1803  21.9247     6.5845 0.7370 -21.028  3.833    0.8692415   0      525.747
        32   1389.0209    581.3358     357.6065  20.6165     6.7183 0.9602 -25.595  4.333     0.884092   0     1389.611
        33   2691.9844    558.2481     142.5952  21.6147    13.5566 0.5622 +82.014  5.471    0.8855166   0     2692.034
        34   2234.2036    616.1070     199.9795  21.2475    10.6714 0.8393 +36.927  4.841      0.87437   0     2234.703
        35   1710.4821    624.8446     152.2021  21.5439     5.5744 0.8225 -31.656  3.610    0.8851143   0      1710.42
        36    744.5464    711.2025     166.9601  21.4435     6.8636 0.9552 -46.998  5.756     0.887193   0      744.913
        37    179.1931    767.6597     852.5469  19.6732     7.9123 0.9115  +2.382  4.327     0.931588   0      179.043
        38   2614.9412    755.8597     409.2115  20.4701     8.0185 0.8425 -46.332  3.396    0.8935238   0     2615.031
        39   1044.8025    784.9348     656.8593  19.9563    11.6989 0.7966 -57.358  4.408    0.8919244   0     1046.581
        40   1980.0354    789.0906     362.1664  20.6027     8.3607 0.7561 +86.176  4.256    0.8703666   0     1981.234
        41    294.4924    785.1216     169.7328  21.4256     8.0575 0.8721 -72.368  4.753    0.8592529   0       294.95
        42   1689.9292    784.8232     104.5843  21.9513     6.8660 0.6257 +22.096  4.273    0.8684072   0     1690.169
        43   4028.0730    808.9429     102.3904  21.9744     5.1849 0.7376 -74.222  3.357    0.8374068   0     4028.891
        44   2288.4370    982.3942     840.6028  19.6885     8.3035 0.6236 +30.727  3.514    0.8841134   0     2288.615
        45   3452.5588    999.3145     125.6837  21.7518     6.9564 0.8749 +50.335  3.735    0.8995898   0     3453.089
        46    284.2178   1032.8678     223.8729  21.1250     8.8492 0.6487 -12.970  4.094     0.871856   0      284.615
        47     68.7151   1063.3527     265.1146  20.9414     8.1358 0.6991 -37.586  4.111    0.8892989   0       68.429
        48   3540.2854   1141.4023     1426.812  19.1141     6.3426 0.8923 -25.504  3.455    0.9087476   0     3539.272
        49   1685.8575   1217.3701     1500.771  19.0592    11.3554 0.5434 +65.824  3.947    0.9250398   0     1686.959
        50   1984.2738   1129.7673     112.3541  21.8735     6.9306 0.9636 -33.603  4.240    0.8824214   0     1986.017
        51    862.8108   1191.5878     548.8186  20.1514     7.0951 0.8945 +70.546  4.410    0.8800788   0      861.907
        52   3643.2930   1383.7537     3712.344  18.0759     9.5985 0.7439 -47.178  3.707     0.990365   0      3644.17
        53   3231.2385   1239.0173     508.6981  20.2339     5.9019 0.8125 -51.389  3.598    0.8769001   0     3230.397
        54    586.6934   1213.2399     127.8876  21.7329     5.5983 0.8730 +88.393  4.128    0.8874217   0       586.71
        55   1858.7750   1228.2355     173.9109  21.3992     6.9502 0.7667 -69.861  3.065    0.8767008   0     1858.292
        56   3965.2698   1277.9973     766.1934  19.7892     7.9844 0.7162 -11.475  3.576     0.868416   0     3963.935
        57    620.2313   1436.2126     3965.182  18.0043    12.3748 0.7101 -26.123  3.887    0.9883272   0      619.325
        58   3557.1155   1294.1517     159.9633  21.4899     6.6809 0.6994  -9.483  3.160    0.8430492   0     3557.398
        59    659.4980   1329.3593     472.2135  20.3147     5.5431 0.9696 -55.957  4.114    0.8970225   0      659.648
        60   2136.9114   1307.8138     129.6786  21.7178     6.3552 0.8480 -33.203  3.045    0.8518918   0     2136.052
        61    215.6875   1419.5099     581.9239  20.0878     6.3300 0.7583 +89.182  4.163    0.9059442   0      216.345
        62    997.4598   1376.5057     254.5152  20.9857     7.3918 0.8059  -9.865  4.051    0.8833125   0      997.985
        63   3266.9556   1575.4603     6835.446  17.4131    10.9253 0.6154 +34.361  3.692     0.985715   0     3267.003
        64   2046.5933   1399.9686     176.0648  21.3858    11.9146 0.7334 +80.517  4.185    0.9498995   0     2046.736
        65   1685.2587   1520.5232      1620.57  18.9758     7.6978 0.9674 +57.505  3.851     0.897063   0     1684.005
        66    647.1336   1664.8191     5016.028  17.7491     8.9189 0.8197 -79.758  4.110     1.004974   0      647.258
        67   3448.2913   1536.5854     244.6894  21.0285     5.1256 0.7261 -76.648  3.346      0.90453   0     3446.866
        68   1513.1385   1693.6351     2544.742  18.4859     8.6357 0.8461 +46.610  3.739    0.9226476   0     1513.927
        69    128.2409   1589.2500     192.2425  21.2904     8.7538 0.7185 +18.711  5.032    0.8865145   0      128.655
        70   1272.5551   1735.0188     560.3445  20.1289     7.4206 0.9007 +83.900  4.211    0.9242381   0     1271.842
        71   2802.3599   1727.7983     889.6846  19.6269     7.1085 0.9513 -49.014  3.661    0.8971064   0      2802.08
        72   1174.9004   1775.5066     2159.777  18.6640     7.1613 0.7201 +18.579  3.723    0.9403135   0     1175.156
        73     42.0506   1714.8562     444.3194  20.3808     5.8378 0.8297 -44.071  4.183    0.9389933   0       43.633
        74   1012.0495   1814.9081     861.0015  19.6625    18.0427 0.7491 -14.523  4.958     1.211533   0      1011.16
        75   4078.7285   1773.8455     382.1603  20.5444     6.4581 0.8697 +26.632  3.399    0.8834462   0     4079.468
        76   2018.9044   1819.3145     960.2614  19.5440     8.9524 0.6460 -22.291  3.811    0.9000812   0     2018.073
        77    885.2971   1796.7643     442.9468  20.3841     5.4674 0.8362 +24.661  3.758    0.8837054   0      884.805
        78   1182.9575   1888.0818     442.2101  20.3859     8.7881 0.6116  +3.799  4.207    0.9209837   0      1183.26
        79   4134.2212   1950.2545     185.2249  21.3308     5.1813 0.9092 +14.774  3.580    0.8824423   0     4133.008
        80    376.4831   2002.0151      99.4852  22.0056     7.7366 0.5144 +44.528  3.385    0.8798411   0       377.97
        81    112.0116   2197.1309     4783.205  17.8007    11.4552 0.7225 -81.342  3.917      1.11275   0      112.223
        82    856.6381   2020.8658     205.9134  21.2158    10.0158 0.7186 +32.842  5.751    0.8974413   0      857.629
        83    563.7824   2082.2039     210.7689  21.1905     7.6331 0.6536 +79.008  3.775    0.8832812   0      564.432
        84   1046.4792   2061.5007     174.3619  21.3964     7.5911 0.7016 +20.625  2.704    0.9038197   0     1046.438
        85   3486.3169   2124.6609     271.9634  20.9137     5.9439 0.8379 +69.710  3.198     0.872766   0     3486.343
        86    585.5790   2119.2812     149.5347  21.5631     7.7846 0.8518 -12.689  4.546    0.8970072   0      584.808
        87    601.7617   2457.8416     16768.54  16.4388     8.3370 0.9422 -72.005  3.944     1.408556   0      601.845
        88   1470.0167   2176.6960     254.8941  20.9841     8.6816 0.7638  -1.138  4.355    0.8761914   0     1469.131
        89   2313.0723   2182.4509     132.5184  21.6943     6.7591 0.7456 +64.603  4.652    0.8807442   0     2313.503
        90   2677.5029   2197.2029     236.6772  21.0646     5.4616 0.8338 +48.736  3.913    0.8535497   0     2676.264
        91   3146.2878   2193.3435     148.9196  21.5676     4.0061 0.9501 +43.745  2.953    0.8679413   0      3145.42
        92    681.2921   2289.9211     918.2391  19.5926     8.4227 0.8706 +53.367  3.868    0.9842147   0      682.066
        93    766.8765   2329.8108     703.8176  19.8813     9.4725 0.6019 -31.912  3.616    0.9009641   0      766.579
        94   2270.4160   2352.8643     376.3271  20.5611    10.8205 0.5060 -18.655  3.810    0.8535438   0     2269.818
        95   3945.2749   2329.3738     110.9253  21.8874     4.5928 0.8804 -43.385  3.694    0.9017205   0     3944.757
        96   1130.5524   2347.0557     146.7026  21.5839     6.8142 0.8603 +32.542  4.234     0.874783   0     1129.474
        97   4043.4792   2444.0417     219.4652  21.1466     5.3267 0.8759 -72.250  2.925    0.8788085   0     4043.449
        98   1316.6388   2464.9744      173.711  21.4004    11.3337 0.7870 -50.111  5.810    0.8889478   0     1318.426
        99   1200.9705   2472.3848     165.4496  21.4533     6.7383 0.9098 -43.693  3.873     0.844376   0     1200.868
       100   3733.8269   2503.9553     175.5768  21.3888     7.1263 0.7739 -31.106  3.216    0.8475302   0     3733.451
       101   3333.5640   2521.8135     243.3293  21.0345     6.6395 0.7050 +55.499  3.084    0.8681888   0     3333.955
       102   1825.1671   2523.8821     138.3555  21.6475     5.0589 0.7377 -49.525  3.017    0.8757322   0     1825.996
       103   1098.2561   2617.0928     359.2433  20.6115     7.7257 0.8556 -84.249  3.743    0.8897323   0     1098.722
       104    269.1233   2558.8826      102.418  21.9741     5.5640 0.9536 -76.978  4.481    0.8758739   0      267.231
       105   1567.9150   2601.5840     238.5951  21.0558     6.1390 0.9245 +67.500  3.609    0.8621037   0     1567.193
       106   1907.2842   2595.1794     133.5678  21.6857     5.1418 0.9263 -44.677  4.223    0.8596788   0     1907.686
       107   1748.1238   2627.5261     225.5262  21.1170     4.8534 0.8787 -59.184  3.203     0.849506   0     1747.509
       108   2335.5254   2652.6626     229.1327  21.0998     7.0095 0.6191 -81.805  1.844    0.9239404   0      2335.28
       109   3580.9131   2653.0234     292.3811  20.8351     5.5761 0.9000 -85.027  3.442     0.871665   0     3579.808
       110    360.3671   2647.5149     235.9118  21.0681     6.7614 0.6218 -16.548  4.004    0.8745059   0      358.941
       111   2888.1958   2690.9697     127.8413  21.7333     5.3614 0.9207  +9.069  3.805    0.8775785   0     2886.867
       112    325.5045   2755.7593      1038.11  19.4594     8.3232 0.7419 +26.714  4.136     0.917033   0      325.172
       113   2253.8887   2699.7566     156.3708  21.5146     4.9756 0.7330 -28.997  2.839    0.8566315   0     2252.281
       114   3607.8926   2754.0085     425.3294  20.4282    10.2598 0.6231 +37.696  3.803    0.8731788   0     3607.604
       115     50.2324   2727.1694      136.771  21.6600     7.6676 0.5407 +60.577  4.139    0.9048318   0       50.314
       116    723.1705   2728.6477     140.0582  21.6342     6.4053 0.7726 +10.494  3.917    0.8852945   0      724.667
       117   3871.3564   2828.6892     1423.514  19.1166     7.1902 0.7937 +58.128  3.775    0.9279324   0     3869.601
       118   4184.6821   2801.0620     248.2909  21.0126     6.4129 0.6162 -69.463  3.456    0.8610192   0     4182.707
       119    582.2476   2799.5952     134.1873  21.6807     5.2505 0.7835 +79.797  3.419    0.8734911   0      582.018
       120   2928.2761   2854.4539     186.3955  21.3239     9.2225 0.8410 -63.889  4.400    0.8755335   0     2927.854
       121    842.6753   2935.4712     1490.427  19.0667    10.8127 0.5583 -29.597  3.692    0.9127492   0      841.217
       122   1453.9436   2929.2615     205.2584  21.2192     4.9488 0.8866 +51.000  4.058    0.8749184   0     1453.692
       123   2451.1248   2935.4880     116.9686  21.8298     4.5905 0.8760  -6.965  3.332    0.8491381   0     2451.592
       124   3963.9014   3000.3657     467.0884  20.3265     6.8548 0.7119 -71.874  3.699    0.8626814   0     3963.432
       125   3338.3279   3006.9575     258.8676  20.9673     6.4999 0.7862 -53.536  4.147    0.9330606   0     3337.518
       126   1190.7806   2990.3657     130.8422  21.7081     7.8383 0.8722 -70.131  3.920    0.8571773   0     1191.698
       127   1272.3751   3027.7222     223.3951  21.1273     9.4968 0.7204  -3.588  5.176    0.8586357   0     1271.975
       128   2905.8657   3224.8220     431.2701  20.4131     8.5462 0.6658 -22.212  3.608    0.8787057   0     2906.972
       129   4041.4019   3076.9836     125.0559  21.7572     3.8978 0.9006 +45.330  3.105    0.8619524   0     4041.416
       130    509.9799   3118.8860      199.931  21.2478     4.5237 0.9375  -7.644  3.248     0.880575   0      508.049
       131   1282.8480   3637.8430     124.4685  21.7624     6.1509 0.6746 -50.772  1.248    0.8879242   0     1282.759
       132   3483.1392   3563.6636      706.863  19.8767    10.1358 0.7776  +2.207  3.935     0.885219   0     3482.197
       133   2900.2866   4074.2266     260.2781  20.9614     7.1256 0.5844 -26.122  3.593    0.9068563   0     2900.582
       134   3952.0171   3888.3555     175.9906  21.3863    11.2333 0.6015 +63.537  4.799    0.8643112   0     3951.435
       135   3446.0249   3793.5601     2209.802  18.6391     7.1746 0.8103 -85.121  3.914     1.038904   0     3445.902
       136   4045.5078   3790.5347     658.5184  19.9536     7.1070 0.8717 -57.356  4.461     0.945062   0     4046.205
       137   2360.1348   3832.3794     172.1966  21.4099    19.6169 0.7730 +47.492  7.621    0.8719082   0     2358.254
       138    104.0493   3803.8748     176.5672  21.3827    10.1251 0.7629 +24.430  5.109    0.8606976   0      103.567
       139   2328.5967   3768.0537     3301.538  18.2032     7.9536 0.7601 -41.406  3.810    0.9904022   0     2328.114
       140    625.5222   3808.5969     361.1596  20.6058     8.0335 0.8621 +42.249  3.734    0.8953412   0      625.903
       141   3789.5989   3758.3284     144.3921  21.6011    14.0221 0.9245 +19.503  8.476    0.8895991   0      3788.47
       142   4147.1890   3591.2271     385.0088  20.5363     6.8674 0.6527 +72.845  3.357    0.8965436   0       4147.2
       143    284.7950   3676.8628     1292.214  19.2217     8.1595 0.8470 -51.321  4.172    0.9272372   0      285.161
       144   3121.1294   3525.7825     124.7015  21.7603     3.5740 0.9003 -22.243  2.484    0.8536205   0     3120.811
       145    187.8432   3693.4346     119.7297  21.8045     6.9295 0.5919 -51.287  2.398    0.8517244   0      188.347
       146    534.9802   3678.4978     209.6915  21.1960     6.2893 0.7896 -88.145  3.046    0.8809997   0      533.386
       147    738.0259   3575.1165     102.5514  21.9726     6.1347 0.6009 -74.335  4.022    0.8918578   0      737.501
       148   1323.3684   3241.8789     123.0249  21.7750     5.0466 0.8299 -25.420  4.233    0.8686401   0     1321.601
       149   1651.2352   3554.1658     388.6959  20.5260     6.8763 0.8245 +55.882  3.882    0.8771139   0     1650.469
       150   3568.4185   3363.1147     1761.839  18.8851     7.8414 0.6840 +30.199  3.787    0.9314213   0     3567.969
       151   2172.0234   3551.7078     202.3602  21.2347     8.8194 0.8022 -33.921  5.751    0.8767973   0     2173.895
       152    550.2419   3450.1968     6366.558  17.4902    10.5774 0.8354 -48.649  3.569    0.9705706   0      550.762
       153   1839.6414   3488.6479     393.9365  20.5114     6.0534 0.8829 +69.626  3.874    0.8772788   0      1839.37
       154   3798.8540   3304.3213     959.3112  19.5451    10.7250 0.5963 +24.438  3.951    0.8761706   0     3800.578
       155   3499.1694   3352.1387     173.3847  21.4025    22.2521 0.8287 -31.721  7.910    0.9186624   0     3499.281
       156    988.4556   3250.7188     198.2261  21.2571     8.5808 0.6207 -45.240  4.511    0.8576914   0      987.474
       157   1339.6266   3981.8149     323.7826  20.7244     8.8112 0.6882 +19.372  3.187    0.8984657   0     1341.191
       158    110.1220   3545.7729      551.368  20.1464     9.7451 0.7234 +43.407  4.844    0.9032278   0      110.357
       159   2681.2097   3996.9050     451.6035  20.3631     5.0391 0.8418 -20.696  3.184    0.9135107   0     2682.318
       160   2052.1770   3923.9851     279.5598  20.8838     9.3614 0.8066 -21.582  4.005    0.8748642   0     2051.911
       161   1948.7020   4062.5161     143.6033  21.6071     6.8216 0.8039 -80.160  3.331     0.879504   0     1948.613
       162   2743.4128   3949.5283     127.5798  21.7355    10.0999 0.7234 -80.289  5.293    0.9096918   0     2742.792
       163   1520.8146   3925.0674     194.5619  21.2774     6.8427 0.8472 -32.266  4.207    0.8698748   0      1521.24
