4024.5 336.8 11230.19000 8.911 0.82 77.8 3.6 885
2753.9 65.3 1542.47200 6.803 0.69 64.8 3.6 555
2281.6 64.5 337.26000 8.180 0.79 -57.0 3.8 437
1791.5 50.3 127.01200 4.819 0.65 43.6 3.1 247
1055.5 71.7 135.99650 6.600 0.61 -82.4 4.1 381
1632.2 205.1 947.31820 8.141 0.86 -23.5 4 551
710.7 72.7 112.30010 5.118 0.95 63.1 4.5 313
184.3 87.7 196.39000 8.349 0.54 28.2 4.5 533
829.3 198.8 234.10190 9.205 0.84 -51.7 4.5 471
3347.1 204.5 716.47230 8.328 0.60 87.4 3.9 609
2466.3 151.3 152.64960 6.250 0.91 -41.4 4.1 313
3786.5 150.7 117.48140 8.141 0.73 13.6 4.5 457
1493.2 184.3 162.59270 8.718 0.83 -80.0 4.5 513
2694.5 162.8 102.40330 4.612 0.94 -28.0 3.2 197
762.6 234.9 916.73630 8.093 0.78 38.9 4.4 631
2609.7 216.9 245.33940 6.026 0.64 -57.6 3.9 393
261.7 255.6 609.11470 6.661 0.85 81.1 4.3 483
3846.3 292.9 563.88170 6.200 0.70 -5.4 3.5 409
2084.8 298.0 205.99800 6.833 0.55 59.3 4.1 451
2939.8 375.8 112.57720 5.085 0.90 75.6 3 203
1267.6 316.7 206.36650 6.024 0.64 22.0 4.5 419
1101.3 423.8 1028.48500 7.917 0.71 86.5 3.8 585
274.2 417.9 1153.46900 7.497 0.73 67.5 4.3 643
1509.3 385.9 506.69720 6.400 0.99 89.4 4.2 407
1690.0 432.4 153.48150 6.066 0.77 64.6 3.5 295
892.9 441.5 165.59980 8.588 0.67 -29.5 4.5 505
2912.6 675.1 9358.26800 10.471 0.75 -50.3 3.6 977
1037.5 530.8 1360.17700 7.585 0.94 -2.5 4 547
3747.8 526.9 820.41770 8.349 0.83 -34.9 3.5 481
3153.3 515.8 239.40340 6.003 0.81 49.3 3.4 305
525.3 537.4 107.18030 5.653 0.74 -21.0 3.8 289
1389.0 581.3 357.60650 6.583 0.96 -25.6 4.3 401
2692.0 558.2 142.59520 10.165 0.56 82.0 4.5 585
2234.2 616.1 199.97950 9.776 0.84 36.9 4.5 485
1710.5 624.8 152.20210 5.056 0.82 -31.7 3.6 265
744.5 711.2 166.96010 6.708 0.96 -47.0 4.5 407
179.2 767.7 852.54690 7.554 0.91 2.4 4.3 541
2614.9 755.9 409.21150 7.360 0.84 -46.3 3.4 379
1044.8 784.9 656.85930 10.442 0.80 -57.4 4.4 653
1980.0 789.1 362.16640 7.270 0.76 86.2 4.3 469
294.5 785.1 169.73280 7.525 0.87 -72.4 4.5 399
1689.9 784.8 104.58430 5.431 0.63 22.1 4.3 331
4028.1 808.9 102.39040 4.453 0.74 -74.2 3.4 225
2288.4 982.4 840.60280 6.557 0.62 30.7 3.5 493
3452.6 999.3 125.68370 6.507 0.87 50.3 3.7 291
284.2 1032.9 223.87290 7.127 0.65 -13.0 4.1 433
68.7 1063.4 265.11460 6.803 0.70 -37.6 4.1 425
3540.3 1141.4 1426.81200 5.991 0.89 -25.5 3.5 425
1685.9 1217.4 1500.77100 8.371 0.54 65.8 3.9 769
1984.3 1129.8 112.35410 6.803 0.96 -33.6 4.2 301
862.8 1191.6 548.81860 6.710 0.89 70.5 4.4 471
3643.3 1383.8 3712.34400 8.279 0.74 -47.2 3.7 735
3231.2 1239.0 508.69810 5.320 0.81 -51.4 3.6 353
586.7 1213.2 127.88760 5.231 0.87 88.4 4.1 281
1858.8 1228.2 173.91090 6.086 0.77 -69.9 3.1 273
3965.3 1278.0 766.19340 6.757 0.72 -11.5 3.6 467
620.2 1436.2 3965.18200 10.428 0.71 -26.1 3.9 923
3557.1 1294.2 159.96330 5.587 0.70 -9.5 3.2 275
659.5 1329.4 472.21350 5.458 0.97 -56.0 4.1 367
2136.9 1307.8 129.67860 5.852 0.85 -33.2 3 239
215.7 1419.5 581.92390 5.512 0.76 89.2 4.2 441
997.5 1376.5 254.51520 6.636 0.81 -9.9 4.1 383
3267.0 1575.5 6835.44600 8.571 0.62 34.4 3.7 925
2046.6 1400.0 176.06480 10.204 0.73 80.5 4.2 467
1685.3 1520.5 1620.57000 7.571 0.97 57.5 3.9 539
647.1 1664.8 5016.02800 8.075 0.82 -79.8 4.1 823
3448.3 1536.6 244.68940 4.368 0.73 -76.6 3.3 267
1513.1 1693.6 2544.74200 7.943 0.85 46.6 3.7 631
128.2 1589.2 192.24250 7.420 0.72 18.7 4.5 469
1272.6 1735.0 560.34450 7.043 0.90 83.9 4.2 463
2802.4 1727.8 889.68460 6.933 0.95 -49.0 3.7 435
1174.9 1775.5 2159.77700 6.077 0.72 18.6 3.7 561
42.1 1714.9 444.31940 5.318 0.83 -44.1 4.2 391
1012.0 1814.9 861.00150 15.616 0.75 -14.5 4.5 957
4078.7 1773.8 382.16030 6.023 0.87 26.6 3.4 327
2018.9 1819.3 960.26140 7.195 0.65 -22.3 3.8 569
885.3 1796.8 442.94680 5.000 0.84 24.7 3.8 341
1183.0 1888.1 442.21010 6.873 0.61 3.8 4.2 525
4134.2 1950.3 185.22490 4.940 0.91 14.8 3.6 257
376.5 2002.0 99.48520 5.549 0.51 44.5 3.4 305
112.0 2197.1 4783.20500 9.737 0.72 -81.3 3.9 919
856.6 2020.9 205.91340 8.490 0.72 32.8 4.5 551
563.8 2082.2 210.76890 6.171 0.65 79.0 3.8 369
1046.5 2061.5 174.36190 6.358 0.70 20.6 2.7 263
3486.3 2124.7 271.96340 5.441 0.84 69.7 3.2 277
585.6 2119.3 149.53470 7.185 0.85 -12.7 4.5 371
601.8 2457.8 16768.54000 8.092 0.94 -72.0 3.9 927
1470.0 2176.7 254.89410 7.587 0.76 -1.1 4.4 447
2313.1 2182.5 132.51840 5.836 0.75 64.6 4.5 353
2677.5 2197.2 236.67720 4.987 0.83 48.7 3.9 309
3146.3 2193.3 148.91960 3.905 0.95 43.7 3 177
681.3 2289.9 918.23910 7.859 0.87 53.4 3.9 517
766.9 2329.8 703.81760 7.349 0.60 -31.9 3.6 531
2270.4 2352.9 376.32710 7.697 0.51 -18.7 3.8 545
3945.3 2329.4 110.92530 4.309 0.88 -43.4 3.7 223
1130.6 2347.1 146.70260 6.320 0.86 32.5 4.2 329
4043.5 2444.0 219.46520 4.985 0.88 -72.2 2.9 227
1316.6 2465.0 173.71100 10.054 0.79 -50.1 4.5 539
1201.0 2472.4 165.44960 6.427 0.91 -43.7 3.9 309
3733.8 2504.0 175.57680 6.269 0.77 -31.1 3.2 289
3333.6 2521.8 243.32930 5.575 0.70 55.5 3.1 291
1825.2 2523.9 138.35550 4.345 0.74 -49.5 3 215
1098.3 2617.1 359.24330 7.146 0.86 -84.2 3.7 393
269.1 2558.9 102.41800 5.433 0.95 -77.0 4.5 275
1567.9 2601.6 238.59510 5.903 0.92 67.5 3.6 301
1907.3 2595.2 133.56780 4.949 0.93 -44.7 4.2 273
1748.1 2627.5 225.52620 4.550 0.88 -59.2 3.2 235
2335.5 2652.7 229.13270 5.515 0.62 -81.8 1.8 185
3580.9 2653.0 292.38110 5.290 0.90 -85.0 3.4 287
360.4 2647.5 235.91180 5.332 0.62 -16.5 4 377
2888.2 2691.0 127.84130 5.144 0.92 9.1 3.8 255
325.5 2755.8 1038.11000 7.169 0.74 26.7 4.1 583
2253.9 2699.8 156.37080 4.260 0.73 -29.0 2.8 205
3607.9 2754.0 425.32940 8.099 0.62 37.7 3.8 517
50.2 2727.2 136.77100 5.638 0.54 60.6 4.1 377
723.2 2728.6 140.05820 5.630 0.77 10.5 3.9 305
3871.4 2828.7 1423.51400 6.406 0.79 58.1 3.8 515
4184.7 2801.1 248.29090 5.034 0.62 -69.5 3.5 325
582.2 2799.6 134.18730 4.648 0.78 79.8 3.4 241
2928.3 2854.5 186.39550 8.458 0.84 -63.9 4.4 419
842.7 2935.5 1490.42700 8.079 0.56 -29.6 3.7 695
1453.9 2929.3 205.25840 4.660 0.89 51.0 4.1 289
2451.1 2935.5 116.96860 4.296 0.88 -7.0 3.3 207
3963.9 3000.4 467.08840 5.784 0.71 -71.9 3.7 399
3338.3 3007.0 258.86760 5.763 0.79 -53.5 4.1 369
1190.8 2990.4 130.84220 7.320 0.87 -70.1 3.9 323
1272.4 3027.7 223.39510 8.061 0.72 -3.6 4.5 515
2905.9 3224.8 431.27010 6.973 0.67 -22.2 3.6 441
4041.4 3077.0 125.05590 3.699 0.90 45.3 3.1 177
510.0 3118.9 199.93100 4.380 0.94 -7.6 3.2 221
1282.8 3637.8 124.46850 5.052 0.67 -50.8 1.2 107
3483.1 3563.7 706.86300 8.938 0.78 2.2 3.9 565
2900.3 4074.2 260.27810 5.447 0.58 -26.1 3.6 367
3952.0 3888.4 175.99060 8.712 0.60 63.5 4.5 523
3446.0 3793.6 2209.80200 6.458 0.81 -85.1 3.9 583
4045.5 3790.5 658.51840 6.635 0.87 -57.4 4.5 499
2360.1 3832.4 172.19660 17.247 0.77 47.5 4.5 727
104.0 3803.9 176.56720 8.844 0.76 24.4 4.5 485
2328.6 3768.1 3301.53800 6.934 0.76 -41.4 3.8 659
625.5 3808.6 361.15960 7.459 0.86 42.2 3.7 399
3789.6 3758.3 144.39210 13.482 0.92 19.5 4.5 599
4147.2 3591.2 385.00880 5.548 0.65 72.8 3.4 357
284.8 3676.9 1292.21400 7.509 0.85 -51.3 4.2 593
3121.1 3525.8 124.70150 3.391 0.90 -22.2 2.5 135
187.8 3693.4 119.72970 5.331 0.59 -51.3 2.4 215
535.0 3678.5 209.69150 5.589 0.79 -88.1 3 263
738.0 3575.1 102.55140 4.755 0.60 -74.3 4 299
1323.4 3241.9 123.02490 4.597 0.83 -25.4 4.2 273
1651.2 3554.2 388.69590 6.244 0.82 55.9 3.9 389
3568.4 3363.1 1761.83900 6.485 0.68 30.2 3.8 585
2172.0 3551.7 202.36020 7.899 0.80 -33.9 4.5 503
550.2 3450.2 6366.55800 9.668 0.84 -48.6 3.6 811
1839.6 3488.6 393.93650 5.688 0.88 69.6 3.9 357
3798.9 3304.3 959.31120 8.282 0.60 24.4 4 663
3499.2 3352.1 173.38470 20.257 0.83 -31.7 4.5 745
988.5 3250.7 198.22610 6.760 0.62 -45.2 4.5 451
1339.6 3981.8 323.78260 7.310 0.69 19.4 3.2 377
110.1 3545.8 551.36800 8.288 0.72 43.4 4.5 629
2681.2 3996.9 451.60350 4.623 0.84 -20.7 3.2 275
2052.2 3924.0 279.55980 8.408 0.81 -21.6 4 439
1948.7 4062.5 143.60330 6.116 0.80 -80.2 3.3 275
2743.4 3949.5 127.57980 8.590 0.72 -80.3 4.5 459
1520.8 3925.1 194.56190 6.298 0.85 -32.3 4.2 351
