#   1 NUMBER                 Running object number                                     
#   2 X_IMAGE                Object position along x                                    [pixel]
#   3 Y_IMAGE                Object position along y                                    [pixel]
#   4 FLUX_SPHEROID          Spheroid total flux from fitting                           [count]
#   5 MAG_SPHEROID           Spheroid total magnitude from fitting                      [mag]
#   6 SPHEROID_REFF_IMAGE    Spheroid effective radius from fitting                     [pixel]
#   7 SPHEROID_ASPECT_IMAGE  Spheroid aspect ratio from fitting                        
#   8 SPHEROID_THETA_IMAGE   Spheroid position angle (CCW/x) from fitting               [deg]
#   9 SPHEROID_SERSICN       Spheroid Sersic index from fitting                        
#  10 CHI2_MODEL             Reduced Chi2 of the fit                                   
#  11 FLAGS_MODEL            Model-fitting flags                                       
#  12 VECTOR_ASSOC           ASSOCiated parameter vector                               
         1   4024.4844    336.7220     11155.27  16.8813     9.7038 0.8185 +79.229  3.639     1.136195   0      4024.79
         2   2753.7917     65.3523      1566.38  19.0128     8.3812 0.6957 +63.837  3.793    0.9476457   0     2753.683
         3   1055.7145     71.5058     133.0975  21.6896     8.3419 0.5935 -84.712  4.572    0.8731866   0     1056.392
         4   1791.7385     50.2059     129.0745  21.7229     6.1765 0.5982 +42.411  3.093    0.8532777   0     1791.052
         5   3409.0735     34.5540     442.4348  20.3854     6.5417 0.6938 -23.574  3.111    0.9279816   0     3407.337
         6    351.2970     10.6668     190.1102  21.3025     8.3450 0.6395 -65.433  5.966    0.8813118   0      350.917
         7    184.5540     87.7597     184.4046  21.3356     9.9127 0.5867 +29.664  3.989    0.8741115   0      185.897
         8    710.5577     72.8409      102.372  21.9745     4.3101 0.9238 +64.458  4.346    0.8692993   0      711.119
         9   2466.1223    151.2207     145.5314  21.5926     5.7321 0.9929 +73.758  4.207    0.8531129   0     2465.928
        10   3786.2280    150.2872     96.17641  22.0423     6.5955 0.8121  +7.496  4.883    0.8640707   0     3787.204
        11    762.5640    234.8967     886.6946  19.6306     8.6253 0.7804 +39.991  4.207    0.9340914   0      762.031
        12    261.9329    255.8015     637.5562  19.9887     8.0142 0.8469 +80.250  4.928    0.9310794   0       262.33
        13   2912.2720    675.3050      9306.93  17.0780    11.9727 0.7517 -49.722  3.555     1.061002   0     2912.979
        14   3846.5312    292.9495     557.3577  20.1347     7.1572 0.7011  -6.348  3.336    0.8800854   0     3847.494
        15   1267.4713    316.6133     201.6283  21.2386     6.8304 0.6958 +21.940  4.094    0.8967391   0     1267.429
        16   1037.5223    530.7083     1326.535  19.1932     7.5381 0.9342  -4.270  3.829    0.9171883   0     1037.079
        17   1101.2700    423.8315     1035.179  19.4625     9.7542 0.6992 +84.797  4.096    0.9034886   0     1102.231
        18    274.3103    417.9969     1173.928  19.3259     8.9617 0.7350 +64.876  4.409    0.9640744   0       274.23
        19   2939.7883    375.4748     111.7842  21.8790     5.6551 0.8832 +73.792  3.215     0.856639   0     2941.327
        20    699.7343    456.4360     168.2108  21.4354     8.0964 0.6934  -6.159  4.856    0.8505702   0      699.231
        21   3583.2188    591.8996     89.05646  22.1258     4.9834 0.7358  -2.820  2.561    0.8799865   0     3584.432
        22   1389.1783    581.3671       336.43  20.6828     5.9919 0.9837 -63.375  3.758    0.9220202   0     1387.756
        23    525.3803    537.4835     122.4183  21.7804     8.1958 0.7141 -18.283  4.351    0.8379635   0      525.028
        24    144.8926    673.8190     530.9006  20.1875     8.5436 0.6971 +10.592  4.289     0.903061   0      144.834
        25    744.6586    711.3808     171.1967  21.4163     7.8405 0.9878 +44.795  7.098    0.8784801   0      744.781
        26   2615.0869    755.8524     413.8455  20.4579     7.9913 0.8513 -50.885  3.415    0.8596298   0     2615.642
        27   1044.9144    784.9379     649.7662  19.9681    11.4417 0.8021 -57.672  4.386     0.876662   0     1044.421
        28   3132.4756    919.9357     1536.001  19.0340     8.5774 0.6248 -82.438  3.529    0.9022242   0     3133.607
        29   2280.1633    744.7720     101.0051  21.9891     4.9384 0.8287 -21.775  3.314    0.8561358   0     2281.087
        30   1689.9740    784.5909     94.45088  22.0620     5.5281 0.7265 +16.916  3.501    0.8847741   0     1689.203
        31   4027.6694    808.7059     107.4458  21.9220     5.8238 0.6794 -71.632  3.775    0.8492634   0     4028.232
        32   3452.4680    999.9120     149.0029  21.5670     9.3129 0.9200 +65.366  5.075     0.894529   0     3452.715
        33    284.3136   1032.7980     217.5971  21.1559     8.6804 0.6132 -14.641  3.817    0.8779545   0      283.281
        34     68.3642   1063.5500     265.7209  20.9389     8.1016 0.6968 -40.951  3.916    0.8601203   0       67.933
        35   3540.4243   1141.4554     1471.698  19.0805     6.7448 0.8815 -23.832  3.724    0.8954185   0     3540.654
        36   1685.7798   1217.3737     1468.614  19.0827    11.0405 0.5378 +65.741  3.852    0.9049197   0     1686.327
        37   1659.3213   1114.3170     156.6616  21.5126     7.3207 0.7436 +46.619  3.784    0.8552424   0      1661.01
        38   1984.6254   1129.5519     124.7792  21.7596     8.7939 0.9613 +28.055  5.343    0.8797039   0     1985.583
        39   3965.2375   1277.9585     764.3348  19.7918     7.8709 0.7055 -10.890  3.505    0.8929149   0     3963.776
        40    862.7698   1191.4775      528.749  20.1919     6.5357 0.8857 +61.336  4.073    0.8626059   0      863.155
        41   3643.3694   1383.7686     3704.191  18.0783     9.5415 0.7421 -46.478  3.702    0.9966009   0     3643.982
        42    586.7571   1213.1276        141.9  21.6200     6.5706 0.9775 +71.034  5.012    0.8892169   0      585.242
        43   1858.6888   1228.5037     177.3737  21.3778     7.7627 0.7513 -73.677  3.882    0.8613238   0     1860.382
        44    659.5791   1329.3210     485.6578  20.2842     5.8947 0.9842 -47.731  4.304    0.8955483   0      657.967
        45   3556.9609   1294.2260     170.8449  21.4185     7.4157 0.6792 -14.130  3.281    0.8409497   0     3557.057
        46   1619.0275   1307.9049     165.3525  21.4540     6.8946 0.8537 -28.070  3.417    0.8925595   0     1618.405
        47   2137.0181   1307.9882     119.8989  21.8030     5.9765 0.8238 -32.804  3.060    0.8421577   0     2136.292
        48    160.8982   1329.0470     217.3951  21.1569     8.3845 0.5773 -58.625  4.156    0.8753467   0       161.35
        49    215.8281   1419.5455     601.5013  20.0519     6.8132 0.7665 +86.847  4.257     0.872885   0      215.254
        50   2621.0334   1381.2648     155.3086  21.5220     7.1368 0.6296  -7.072  3.795    0.8658881   0     2620.788
        51   3266.8872   1575.4574     6835.471  17.4131    10.8941 0.6174 +34.511  3.683    0.9514547   0     3268.264
        52   1685.3035   1520.8448     1617.767  18.9777     7.7767 0.9581 +73.444  3.837    0.8979002   0     1686.127
        53    647.0826   1664.8635     5037.987  17.7444     9.0546 0.8147 -79.093  4.152     0.973483   0        648.1
        54   3768.0488   1472.6877     298.5835  20.8123     9.7378 0.7109 +82.750  4.124    0.9095239   0     3766.373
        55   1227.1575   1432.8091     101.9633  21.9789    10.1346 0.7128 +89.047  5.299     0.883249   0     1228.428
        56   3448.1384   1536.1775     244.6535  21.0286     5.3785 0.6793 -70.951  3.288    0.8732645   0     3447.164
        57   4086.1848   1543.4247     105.9437  21.9373     8.8777 0.5212 +83.434  3.649    0.8797219   0     4086.574
        58   1513.3219   1693.6715     2579.834  18.4710     8.8744 0.8452 +46.188  3.836    0.9355176   0     1513.742
        59    128.3349   1589.6056     177.9232  21.3744     7.2437 0.7610 +20.664  3.930    0.8538911   0      129.876
        60   1272.3842   1735.4370     527.5181  20.1944     6.5769 0.9248 -89.020  3.929    0.8898318   0     1272.464
        61   1174.8696   1775.4384     2204.686  18.6416     7.3452 0.7305 +18.829  3.901    0.9500408   0     1174.704
        62   2120.7554   1670.4452       92.157  22.0887     7.6850 0.6170 -11.482  4.591    0.8640442   0     2122.083
        63   2443.4194   1774.0458      170.174  21.4228     9.2773 0.6313 -81.322  4.221    0.8573523   0     2442.935
        64   2395.3672   1876.2384     377.4613  20.5578     5.2328 0.7980 +85.932  3.154    0.9013984   0     2395.968
        65    885.3455   1796.8057     437.5881  20.3973     5.4367 0.8325 +28.345  3.669    0.8625011   0       886.19
        66   1183.8685   1887.9170      450.589  20.3655     9.2416 0.5987  +6.616  4.666    0.8976262   0     1184.123
        67   1325.0824   1933.9542     134.6239  21.6772     7.5039 0.7142 +49.528  3.457    0.8691621   0     1326.201
        68   3508.9368   1944.0093     234.8308  21.0731     7.2271 0.7489 +27.709  3.207    0.8736711   0     3508.011
        69    111.6350   2197.3228     4816.503  17.7932    11.6803 0.7127 -81.523  4.036     1.154037   0      111.821
        70   3517.8938   2045.7531      352.857  20.6310     4.9724 0.8918  +2.896  3.212    0.8789119   0     3516.847
        71    634.4514   2003.1115     119.5607  21.8060     8.9493 0.4892 +29.064  2.887    0.8585097   0      635.284
        72    902.0817   2033.9152     112.5872  21.8713     7.1209 0.6367  -2.679  5.115    0.8641626   0      901.557
        73   1046.7660   2061.5815     179.8572  21.3627     8.0218 0.7294 +27.767  2.865    0.9112805   0     1045.258
        74   2107.6445   2061.5977     151.2939  21.5504     7.0533 0.8731 +81.793  3.828    0.8558082   0     2107.978
        75    563.8531   2082.2588     230.1084  21.0952     8.7848 0.6991 +85.072  4.358     0.884073   0      564.393
        76    734.7446   2100.2524     141.2189  21.6253     9.0412 0.5723 -15.209  4.620    0.8905851   0      732.906
        77   3810.8018   2176.9573      576.823  20.0974    10.7399 0.4828 +48.967  3.421    0.8652089   0     3810.894
        78    683.7036   2119.4026     129.4062  21.7201     6.0598 0.8581 +13.585  3.962    0.8534668   0      684.261
        79   1895.4918   2128.6487      116.602  21.8332     7.3828 0.8287  -4.497  5.725    0.8902305   0     1894.628
        80   2312.9231   2182.5164     130.8956  21.7077     6.3216 0.7257 +65.266  3.430    0.8738528   0     2311.402
        81    601.7588   2457.7847     16745.32  16.4403     8.3089 0.9460 -72.053  3.954     1.502837   0      601.234
        82   1130.7462   2346.9692     130.8345  21.7082     5.3533 0.8628 +26.001  3.782    0.8746142   0     1130.126
        83     39.9452   2400.3601     150.1288  21.5588    11.4224 0.5831 +77.389  5.180    0.8698021   0        40.83
        84   4043.1177   2444.0938     224.3913  21.1225     5.6433 0.8719 -80.261  2.992    0.8566126   0     4044.714
        85   1316.8822   2465.0195     152.6825  21.5405     8.0228 0.7779 -65.452  4.323    0.8672686   0     1316.516
        86    754.6664   2457.2678      158.407  21.5006     4.9427 0.6522 -40.385  3.488    0.8671589   0      755.921
        87   1200.8761   2472.3738     140.1209  21.6337     5.1391 0.8975 -37.099  2.763    0.8782861   0     1201.064
        88    133.3522   2483.8049     114.8612  21.8496     5.8177 0.8080 +49.961  3.037    0.8604017   0      132.049
        89   1338.2284   2507.7576     100.2496  21.9973     6.7758 0.6305 +69.401  3.494    0.8523477   0     1339.753
        90   1824.6393   2524.3257     149.4855  21.5635     5.8479 0.6997 -51.728  3.870    0.8579927   0     1825.586
        91   3256.3091   2565.5442     469.2398  20.3215     7.9550 0.6744 -59.050  2.619    0.9165611   0     3255.101
        92    900.7529   2588.1602     191.8954  21.2923     7.4564 0.7288 +59.256  2.651    0.8978502   0      901.803
        93   2985.9260   2581.4221     186.2846  21.3246     4.6155 0.9099 +52.170  3.059    0.8883027   0     2987.167
        94   2087.4756   2688.3030     1647.935  18.9576    10.1085 0.8697 -77.626  3.697    0.8769619   0     2086.823
        95   1099.1320   2616.2935     344.9129  20.6557     7.4189 0.7719 +85.662  3.595    0.8667482   0     1097.739
        96   1568.0245   2601.4302     237.4929  21.0609     6.0230 0.8555 +72.454  3.743    0.8660387   0     1568.096
        97   1748.0282   2627.7153     234.1728  21.0762     5.0233 0.8742 -44.120  3.483    0.8836986   0     1746.899
        98   3580.8459   2653.3616     285.3774  20.8615     5.2317 0.8983 -84.687  3.428    0.8923253   0      3582.01
        99    360.4029   2647.5691     221.4783  21.1367     6.0195 0.6287 -12.768  3.463    0.8633231   0      360.759
       100    325.8152   2756.0596     1005.732  19.4938     7.8735 0.7368 +26.584  3.902    0.9481388   0      325.562
       101   2253.6868   2699.8726     161.1928  21.4816     5.2099 0.7376 -27.928  3.161    0.8706564   0     2254.295
       102   2888.3276   2690.9949     119.1037  21.8102     4.9088 0.9109  +7.583  3.515    0.8308817   0     2889.223
       103     50.1723   2726.8328     138.5221  21.6462     7.3462 0.5468 +59.939  3.548    0.9365418   0       48.989
       104    722.9605   2728.6326     152.1941  21.5440     6.8812 0.8030 +13.931  3.413    0.8901239   0       723.03
       105    694.5952   2770.9250     383.3978  20.5409     7.5698 0.6637 -75.132  3.746    0.8755435   0      693.595
       106   3871.3337   2828.6121     1450.539  19.0962     7.4654 0.7875 +57.917  3.838    0.9154105   0     3870.297
       107   1454.1094   2929.4404      210.789  21.1904     5.1952 0.8810 +55.590  3.913     0.878118   0     1453.494
       108    874.4473   2847.7441     88.39997  22.1339     4.9235 0.8207 -40.492  2.659    0.8880262   0      875.125
       109   3986.7859   2888.7075     181.6105  21.3521     8.0892 0.4928 +36.749  3.706    0.8642322   0     3987.929
       110    928.3178   3019.5908     204.1622  21.2251     7.5995 0.6733 +78.018  3.656    0.8851762   0      928.985
       111   3298.6689   2973.3892     514.3969  20.2218    11.5199 0.6002 -21.252  3.772    0.9132271   0     3298.341
       112   3338.1086   3007.0461     266.3385  20.9364     6.5499 0.8151 -61.506  4.171    0.8809397   0     3337.721
       113    709.0685   2992.3389     152.1834  21.5441     5.4124 0.8120  -9.784  3.822    0.8829953   0      710.654
       114   1191.1317   2990.5378     123.7913  21.7683     7.1766 0.8318 -82.179  4.054    0.9032208   0     1190.841
       115   1271.8470   3028.0022     208.4952  21.2023     8.0383 0.7185  -4.286  4.626    0.8632321   0     1272.655
       116   2618.6309   3016.5847     149.2887  21.5649     6.6712 0.7076 -32.349  3.264    0.8551932   0     2618.704
       117   2906.2727   3224.5122     448.7212  20.3701     9.3772 0.6492 -24.491  3.831    0.8791834   0     2906.568
       118   1668.8594   3047.2178     118.0508  21.8198     5.8224 0.8422 -55.735  4.041    0.8456039   0     1668.416
       119    631.3392   3082.6951     149.5762  21.5628    14.8694 0.7814 +16.206  8.046    0.9056894   0      631.916
       120   2226.2427   4069.3667     381.5353  20.5462     9.5062 0.6299 -11.227  4.032    0.8952023   0     2226.191
       121    187.3643   3693.7986     126.2986  21.7465     7.2204 0.5576 -50.349  2.811    0.8657721   0      187.524
       122   1282.9207   3637.9285     120.9064  21.7939     6.1392 0.6367 -47.631  1.231    0.9073955   0     1282.404
       123   4147.0718   3591.1370     381.6836  20.5457     6.9651 0.6450 +71.827  3.491    0.8915882   0     4147.305
       124    970.7277   3409.2104     131.7318  21.7008    11.7466 0.7930 -34.922  7.252    0.8861795   0      970.017
       125   3568.4392   3363.0867      1762.16  18.8849     7.8273 0.6850 +29.633  3.780    0.9263529   0     3568.368
       126   1001.6671   3850.8608     109.9821  21.8967     5.0528 0.7127 +60.374  2.629    0.8547094   0     1002.306
       127   3445.9712   3793.7544     2187.145  18.6503     6.9978 0.8094 -86.117  3.823    0.9941122   0     3446.762
       128   3952.0444   3888.4048     151.7252  21.5474     8.5225 0.6203 +64.548  3.962    0.8692544   0     3951.998
       129   2328.5659   3768.0352     3289.752  18.2071     7.9123 0.7563 -41.176  3.815     1.079834   0     2327.609
       130   3694.8223   3870.1865     183.9077  21.3385     6.5432 0.8910 -74.209  4.053    0.8456677   0      3694.85
       131    528.5470   3807.3784     88.52363  22.1324     7.5130 0.5568 +26.541  3.186    0.8511779   0      529.676
       132   1856.6514   3804.1057     1031.207  19.4666     9.0570 0.6138 +53.084  3.518    0.8946511   0     1856.556
       133   4045.6152   3790.6450     712.0771  19.8687     8.5191 0.8251 -64.188  4.925    0.9505739   0     4045.903
       134    625.8863   3808.4678      351.049  20.6366     7.6009 0.8579 +31.405  3.407    0.9051491   0      625.454
       135   3112.4065   3711.3855      306.836  20.7827    10.5322 0.6179 -39.601  3.999    0.8911002   0       3113.6
       136    104.2335   3803.6445     177.5759  21.3765     9.7358 0.8393 +21.203  4.733    0.8936898   0       103.74
       137   3798.8450   3304.4050     945.6926  19.5606    10.2498 0.6111 +24.146  3.801    0.8948459   0     3797.375
       138    285.0281   3676.8987     1293.253  19.2208     8.1466 0.8603 -51.238  4.122     0.940348   0      284.959
       139   1479.0067   3658.4150     71.41302  22.3656     3.6603 0.8806 +60.763  4.916    0.8728711   0     1479.811
       140   3330.8921   3639.0220     162.9712  21.4697     6.1191 0.7494 -15.228  2.760    0.8706691   0     3330.479
       141    988.7769   3250.6433     201.4922  21.2394     9.4440 0.5518 -44.359  4.449    0.8645583   0      988.957
       142   3056.9624   3599.5618     173.4774  21.4019     6.7857 0.6215 +47.868  3.167    0.8765764   0      3056.06
       143    110.0108   3545.9214     549.6384  20.1498     9.8005 0.7213 +40.058  4.932    0.9340684   0      109.476
       144    550.1576   3450.1614     6439.838  17.4778    10.8141 0.8357 -48.664  3.668    0.9433144   0      550.334
       145   3121.4419   3525.5483     131.5003  21.7027     3.8927 0.9216 -18.002  2.670    0.8833187   0     3120.806
       146   1839.3982   3488.4814     384.8343  20.5368     5.8541 0.8577 +73.166  3.693    0.8887825   0     1838.864
       147   3499.5327   3352.1133     236.7991  21.0641    45.3888 0.6891 -21.842  9.172    0.9087143   0     3499.515
       148   3782.6179   3138.5208      149.333  21.5646     7.0911 0.8284 -20.228  4.349    0.8855552   0     3781.621
       149   4163.0630   3153.1860      115.739  21.8413     5.0290 0.7385 +25.841  2.458    0.8644363   0     4163.096
       150   2899.7134   4074.3652     311.1821  20.7675     9.7499 0.6067 -26.334  4.975    0.8960422   0     2901.338
       151    962.5870   4026.8533     100.0124  21.9999     7.7341 0.8085 +72.066  3.980    0.8573503   0      964.313
