4024.6 337.1 11578.37000 9.178 0.81 78.2 1 185
3786.3 150.4 105.76610 5.550 0.84 11.6 1.7 131
2528.0 109.1 284.62160 7.148 0.73 88.9 1.2 143
2753.8 65.3 1616.20700 7.138 0.68 64.0 1 143
2281.7 64.3 343.89250 8.325 0.80 -56.2 1 137
1055.5 71.7 120.77850 4.894 0.69 -83.9 1.1 89
3409.1 34.5 504.39530 6.653 0.71 -22.0 1 119
1592.9 38.8 41.14992 11.247 0.18 -74.8 2.5 505
1214.0 28.7 54.02909 6.607 0.59 -42.9 1.1 119
3254.9 26.8 71.56766 5.181 0.68 85.9 0.8 69
829.7 29.4 65.15989 1.697 0.86 27.9 2.7 87
968.2 23.2 19.32027 3.312 0.64 4.3 0.5 35
351.1 10.8 171.07530 5.196 0.68 -58.5 1.3 117
2621.5 28.3 17.87892 3.699 0.52 -45.0 2 115
4096.1 17.5 17.38147 2.174 0.62 -43.0 0.4 21
3751.2 8.3 107.58510 4.603 0.90 -15.9 0.8 57
179.8 10.8 50.09482 2.374 0.73 74.7 0.7 33
3027.5 12.8 8.02101 0.860 0.14 44.6 3.3 113
1700.5 5.5 121.71680 4.861 0.89 -54.7 0.9 71
936.2 6.1 24.72823 3.008 0.58 -11.1 4.5 253
3543.2 5.2 24.56133 2.959 0.74 -61.8 0.7 37
1351.9 31.2 12.37171 0.611 0.16 65.5 2.6 73
710.5 72.7 106.28240 4.458 0.89 71.5 1.1 73
2896.5 37.5 8.36556 1.728 0.74 12.3 2.1 53
2176.4 46.5 14.68199 1.908 0.92 -0.9 0.7 23
2307.5 44.8 31.36666 20.701 0.57 -42.9 4.5 479
1907.0 68.2 43.15654 1.887 0.78 -35.4 3.5 115
2371.9 66.9 28.06949 2.821 0.75 40.6 1.3 57
1632.2 205.1 966.42750 8.195 0.87 -23.4 1 141
3227.0 51.6 10.16967 3.690 0.61 11.7 0.3 27
922.7 56.7 4.39628 0.253 0.76 -41.7 4.5 33
3347.2 204.2 742.51260 8.563 0.60 86.1 1 173
409.2 78.1 7.97697 0.517 0.10 36.7 3.1 95
3558.3 81.2 9.79904 0.777 0.51 -29.7 4.4 77
3138.3 94.0 23.32439 3.173 0.89 -50.0 0.9 43
522.1 74.7 17.77250 12.152 0.28 -21.6 4.5 471
2844.1 89.7 13.61553 2.797 0.88 67.6 0.4 21
1217.7 97.2 18.37807 2.121 0.40 63.2 4.5 209
1703.9 112.9 57.50048 3.569 0.85 57.0 1.9 97
2115.9 82.5 9.35537 3.330 0.36 5.3 0.6 49
3652.5 96.0 9.66378 2.226 0.93 -78.0 4.5 123
3610.4 100.3 8.53040 1.414 0.22 -74.8 4 145
3685.1 112.9 36.42150 3.097 0.51 37.3 1.5 87
3427.8 131.6 45.68029 4.504 0.57 -89.3 0.7 63
2466.2 151.3 141.77030 5.677 0.96 -49.1 0.9 73
3393.9 103.4 7.25805 1.275 0.36 -77.0 2.7 75
829.3 198.6 222.65610 8.279 0.85 -61.9 1.1 133
2477.8 99.1 5.40082 0.685 0.05 69.9 0.5 25
1679.2 122.0 32.66869 1.786 0.89 -0.1 0.8 25
1762.7 100.3 4.45938 0.026 0.04 -72.4 2.8 17
2693.4 162.5 127.27060 5.777 0.88 13.6 1.3 105
1520.8 149.4 50.03752 3.171 0.50 -57.2 3.6 203
3877.1 130.0 21.96505 3.243 0.53 -2.1 1.2 71
1492.4 184.0 139.94940 6.011 0.95 -66.8 1.1 95
3923.5 123.4 7.37675 1.977 0.32 4.2 2.8 107
712.1 182.0 78.86040 5.161 0.69 -7.5 1 85
3227.0 127.2 5.58430 0.946 0.22 46.2 4.5 187
762.5 234.9 913.89550 7.765 0.77 37.4 1 143
3252.3 140.8 6.17973 0.841 0.46 49.1 2.6 49
1659.1 140.6 7.90131 1.148 0.45 -34.0 2.5 59
1442.0 166.2 20.82610 0.992 0.83 -86.4 4.5 101
1210.7 193.9 59.99433 3.177 0.79 -78.7 0.8 45
2431.7 179.7 17.21540 3.261 0.71 41.3 0.7 41
261.9 255.7 625.22360 6.717 0.86 79.4 1.1 125
531.7 167.7 13.77905 6.383 0.42 68.5 4.5 293
2035.7 185.1 13.38031 2.848 0.61 -85.2 1.1 53
2113.2 200.0 22.88439 3.001 0.61 -15.9 0.9 49
745.9 195.5 12.16138 1.041 0.37 -62.8 4.5 155
3688.0 197.7 12.94129 2.854 0.53 61.8 1.1 57
3873.9 229.7 51.73354 4.193 0.67 -65.0 1.1 75
3137.7 196.4 11.17194 0.835 0.04 0.1 4.5 427
274.3 417.9 1165.55300 7.374 0.74 67.0 1.1 143
103.7 212.8 6.80195 0.027 0.18 -54.4 4.5 35
1855.4 209.0 7.41747 1.553 0.87 0.7 1.8 41
3846.5 293.0 601.50820 6.783 0.71 -3.8 1 123
2097.0 230.8 14.12288 0.588 0.22 -63.0 4.5 195
327.1 276.7 108.33500 4.666 0.84 82.6 1 71
862.8 220.2 5.48885 0.830 0.51 -83.5 4.5 91
471.0 241.1 21.63114 3.187 0.46 -23.9 4.1 195
3099.9 237.7 9.35360 3.433 0.48 88.3 0.3 29
2986.3 262.1 17.39118 8.399 0.38 -53.6 4.5 367
1495.2 244.3 4.64699 0.199 0.26 5.1 4.5 85
1267.8 316.6 199.67360 5.591 0.69 24.6 1.1 107
3190.0 253.0 14.05297 8.902 0.43 -6.3 4.5 337
797.2 276.9 9.42933 0.033 0.81 50.2 2.1 5
1243.6 272.4 11.39688 0.450 0.09 66.1 4.5 209
4009.8 269.9 16.25352 2.762 0.34 -67.2 4.5 273
4101.0 268.2 6.94582 1.444 0.29 81.1 4.5 195
1528.0 274.1 7.74543 1.380 0.20 -45.8 4.5 233
655.4 289.1 15.10821 1.316 0.28 63.3 0.9 35
709.8 303.9 37.69377 0.852 0.75 71.3 4.5 129
3714.6 309.1 43.07944 2.453 0.83 3.6 0.9 37
1101.2 423.8 1073.12800 8.382 0.71 86.4 1 161
1365.1 295.9 28.32861 13.555 0.27 -58.2 4.2 525
724.5 319.4 35.95405 3.185 0.63 -6.5 1 59
753.2 303.0 8.15806 0.481 0.11 -21.6 4.5 177
1509.4 385.8 496.75880 6.051 0.97 82.6 1 99
2497.7 334.2 40.45506 3.467 0.50 0.1 0.8 59
3776.2 320.4 10.58454 0.388 0.09 -27.0 4.5 227
1536.9 327.5 13.86603 1.689 0.30 4.3 4.5 203
2939.7 375.6 125.59360 6.509 0.89 61.0 0.9 85
2345.6 344.8 29.93855 5.135 0.48 76.9 4.5 311
2397.1 346.5 14.65085 3.969 0.71 -78.2 1 59
2511.8 359.2 40.89265 2.921 0.80 69.6 1.8 81
2361.6 340.1 21.79224 11.592 0.17 2.0 4.5 653
1187.2 351.4 12.31872 3.655 0.69 31.5 0.5 33
2346.7 373.5 33.57185 8.326 0.27 -78.0 4.5 515
2409.3 363.7 9.63725 1.077 0.29 -46.0 3.5 101
3373.1 351.3 8.83636 3.524 0.60 -33.6 4.5 189
2628.7 360.0 8.55714 0.573 0.18 55.2 4.5 185
3160.0 367.4 7.37658 0.132 0.03 36.0 4.5 241
127.5 403.1 76.39120 3.860 0.57 36.3 1.5 103
1858.8 364.3 5.63207 0.923 0.21 15.9 4.5 129
2640.9 387.4 19.98571 3.878 0.36 31.0 1.1 87
2317.4 393.0 28.64824 1.185 0.78 -21.4 4.5 103
616.8 400.2 53.89580 1.662 0.89 -16.6 1.2 35
3747.8 526.8 890.15800 9.411 0.85 -37.3 1 157
1803.0 406.1 11.80753 1.434 0.42 42.0 1.8 55
1595.5 423.2 24.57496 2.531 0.53 62.8 1.5 69
2842.6 455.8 82.34350 4.728 0.85 -83.2 0.8 61
2305.3 467.0 127.33390 5.969 0.76 -82.8 0.9 91
2185.8 416.1 9.65263 1.752 0.38 -60.5 2.9 101
1037.5 530.7 1405.77700 7.817 0.94 -4.4 1 133
3327.9 429.2 19.47956 5.683 0.71 86.7 0.7 63
2646.7 449.1 38.44361 2.641 0.89 24.4 1.1 43
2145.8 421.3 11.93961 3.756 0.39 -0.9 4.5 261
345.7 436.2 14.36753 2.689 0.59 74.5 4.5 167
2143.7 448.5 15.35018 0.500 0.26 28.0 4.5 163
2101.8 480.5 65.39970 4.337 0.69 -81.0 0.8 61
730.4 440.1 8.39761 0.887 0.09 33.4 4.5 283
1801.2 442.6 13.67811 4.713 0.16 -49.6 4.5 437
3153.2 515.9 261.25230 6.908 0.78 46.0 1 107
2774.3 443.3 25.12296 16.135 0.53 -88.7 4.5 427
2912.6 675.1 9988.85000 11.593 0.75 -49.9 1 229
310.2 451.2 6.09446 0.442 0.24 -54.8 3.7 63
2341.1 468.0 12.95075 1.343 0.22 -82.6 2.2 93
1300.8 480.7 16.28418 2.217 0.64 61.3 0.5 25
410.4 467.2 4.08933 0.215 0.09 -27.2 3.2 53
162.0 480.5 7.84457 1.679 0.41 -38.2 0.4 19
2487.4 494.4 19.17149 2.654 0.81 61.3 1.9 71
455.7 500.6 20.59140 1.919 0.75 -25.3 1.1 35
3034.1 511.0 32.71987 4.275 0.75 87.0 1.9 109
373.7 488.0 12.37898 2.882 0.32 5.9 0.8 59
2474.0 564.2 226.52630 5.417 0.63 -13.5 1.3 131
753.1 513.1 55.10242 3.386 0.97 52.8 0.9 45
525.2 537.6 120.08960 6.669 0.70 -23.5 1.1 115
2185.8 514.5 29.58359 4.415 0.77 -76.2 0.8 53
1389.2 581.4 356.75490 6.528 0.97 -39.4 1 103
4024.5 505.4 10.91244 5.462 0.32 74.1 4.5 309
2656.2 547.8 169.49560 25.921 0.52 13.8 4.5 989
1952.8 538.7 26.55129 3.481 0.60 -63.9 1 61
3364.0 525.9 17.76742 2.804 0.72 -13.8 0.9 41
687.5 525.0 5.62465 0.326 0.06 19.9 2 53
4174.5 556.5 24.42164 2.200 0.82 0.5 0.6 25
835.6 555.0 8.92269 0.740 0.07 -25.1 3.2 141
360.5 569.4 24.08591 1.561 0.41 38.7 2 75
2728.0 577.8 17.93611 1.814 0.50 59.6 0.5 23
3514.3 571.3 13.00208 1.445 0.35 38.1 1.1 39
3272.5 580.4 18.70407 2.132 0.33 29.8 1.7 83
2497.2 584.0 31.93241 2.356 0.51 -5.6 2.2 99
1710.6 624.5 157.18390 5.420 0.79 -29.2 1 85
760.1 597.9 43.42632 4.012 0.73 13.1 3.1 167
1668.3 590.3 29.32117 1.677 0.64 11.2 1 31
2156.5 606.9 62.35276 2.203 0.81 66.4 1.2 47
3709.2 581.6 4.92748 0.321 0.09 59.4 3.2 69
1222.7 619.4 59.68581 3.645 0.75 -85.0 0.9 55
149.4 586.6 6.33185 0.202 0.04 30.2 2.5 61
2310.0 595.8 18.09450 3.185 0.13 76.9 4.5 499
2646.3 598.1 12.24615 1.542 0.75 -84.0 2.1 53
1121.7 592.0 6.05263 0.287 0.04 -16.5 1.8 51
1439.0 659.0 264.29900 6.560 0.97 79.1 1 99
145.0 674.0 545.49330 7.382 0.72 9.8 1 137
183.0 602.3 6.72228 0.344 0.04 86.9 1.2 41
1100.7 599.7 7.41596 1.685 0.28 36.3 1.7 69
2486.3 625.3 37.91293 2.469 0.66 51.8 1.2 53
1153.6 604.3 4.33145 0.100 0.01 -46.0 0.5 11
1469.0 633.9 49.56461 3.959 0.83 80.5 4.5 235
1415.3 627.5 36.09659 1.728 0.82 34.7 4.5 161
1608.5 624.2 6.62037 0.569 0.05 -66.9 4.5 243
2636.5 626.0 3.64169 0.016 0.17 -21.5 4.5 35
474.5 650.2 21.94246 1.092 0.62 -65.3 4.5 129
1542.2 636.6 4.46394 0.135 0.02 -82.1 4.5 191
290.8 656.5 12.18222 2.316 0.58 49.4 0.7 33
1674.7 681.1 68.33163 5.611 0.51 38.1 1.9 183
2500.5 664.9 7.10822 0.351 0.02 73.2 1.2 55
2355.7 658.1 10.83440 1.612 0.75 21.3 4 89
751.5 679.7 57.13599 1.348 0.98 -47.3 4.5 151
4130.2 672.1 27.38688 3.351 0.68 -28.1 2.1 103
3583.8 659.4 7.42834 2.615 0.85 -76.0 0.5 23
2805.8 660.2 4.40815 0.069 0.50 -47.6 4.5 37
2987.8 660.7 5.23628 0.046 0.04 -46.3 4.5 109
2614.9 756.0 449.46790 8.553 0.83 -45.0 1 133
1724.3 667.1 5.17492 0.103 0.34 -1.1 4.5 49
3574.2 682.7 22.41061 2.378 0.90 43.4 0.7 27
1811.2 692.4 22.08529 1.862 0.71 15.0 1.2 39
2318.3 681.7 11.83494 1.967 0.64 63.2 2.3 71
1044.8 784.9 632.01040 9.343 0.79 -54.2 1 149
2419.8 689.9 14.27090 2.139 0.69 -43.8 1.3 45
1468.7 705.1 17.90800 3.880 0.52 -54.0 0.3 31
2325.5 688.2 18.05474 3.708 0.20 35.1 4.5 421
3265.2 714.6 65.57802 2.982 0.72 14.6 1.2 61
3568.7 709.5 53.84576 1.643 0.94 66.9 4.5 139
2777.0 700.9 15.30824 0.036 0.48 -49.8 1.8 5
2649.7 716.2 30.37648 2.738 0.66 21.5 0.9 45
1689.9 784.8 102.98550 5.744 0.71 24.1 1 93
2279.7 745.0 102.48250 4.557 0.83 -12.7 0.9 67
1029.8 707.4 9.75319 0.009 0.05 41.0 2.3 7
1907.0 736.0 52.39225 2.857 0.63 -89.6 1.4 73
1980.2 789.2 351.26320 6.887 0.78 85.3 1 117
18.0 702.5 9.85300 3.988 0.21 67.6 4.5 283
3985.0 740.6 43.20070 7.496 0.30 -74.7 4.1 429
2801.0 722.5 9.40614 0.749 0.25 -20.5 4.1 101
1148.2 719.6 5.12909 0.326 0.37 -60.7 4.1 47
1526.0 745.3 58.63354 4.556 0.38 -2.2 1 101
3093.2 729.5 7.06098 0.632 0.09 -53.4 2.1 73
97.2 740.9 22.73903 0.991 0.42 62.1 4.5 139
2032.4 730.0 8.97023 2.111 0.33 -65.7 3 121
339.5 739.8 8.17151 0.126 0.32 -63.5 4.5 75
2505.6 741.2 11.68338 1.229 0.78 6.1 4.5 87
2358.4 744.9 12.29141 1.236 0.51 25.3 4.5 113
3738.4 733.1 6.04774 1.327 0.28 77.3 4.5 161
2726.6 753.1 13.54105 0.140 0.60 -14.7 4.5 39
1535.7 770.9 28.18435 2.683 0.42 -45.1 1.2 69
2698.2 770.2 41.84711 2.982 0.66 -27.5 4 179
1361.6 786.1 46.47045 4.904 0.93 -75.6 1.2 79
4028.0 808.7 112.48210 5.224 0.69 -70.2 1.1 93
2684.3 777.0 61.92325 22.729 0.41 -68.1 4.5 753
1939.5 761.9 5.57525 0.838 0.35 -73.9 1.7 35
2948.2 777.2 12.36317 2.583 0.25 -53.6 2.7 151
3132.6 920.0 1630.28300 7.523 0.63 -83.0 1 149
2085.5 785.1 10.37347 2.287 0.58 35.7 0.7 31
2652.9 808.7 76.87293 7.272 0.24 -13.6 1.5 259
3116.0 822.7 86.59954 6.210 0.79 -26.8 1.4 127
1861.3 779.3 5.98638 2.510 0.52 45.5 0.7 33
3839.9 794.6 14.97761 1.892 0.47 32.3 1 39
2992.8 787.7 6.72870 0.687 0.93 64.7 4.5 77
2337.4 825.6 12.19277 0.390 0.45 -68.7 4.5 115
3183.8 815.3 8.74683 1.651 0.37 -4.6 4.5 161
2331.1 814.5 7.43891 1.432 0.18 78.6 4.1 161
4180.5 825.6 6.22551 2.325 0.75 -88.6 0.3 17
1813.0 828.6 5.40739 0.272 0.11 46.6 3 55
1835.1 847.6 15.02789 2.151 0.74 -8.7 0.9 33
1899.9 840.5 11.03551 0.591 0.09 2.5 4.5 203
1931.0 842.3 26.07018 28.711 0.32 -36.4 4.5 627
1149.4 849.3 10.68246 1.190 0.68 -15.8 4.5 121
687.3 848.1 10.11955 2.977 0.85 6.1 0.9 39
1071.6 866.0 40.20196 3.076 0.68 27.2 1.7 85
3362.9 851.1 7.54251 1.038 0.31 86.8 1.6 45
2753.0 854.8 10.25351 1.424 0.88 68.5 1.3 29
548.8 872.9 26.73682 2.220 0.82 -17.1 0.9 33
1048.2 868.6 23.96198 7.132 0.55 0.3 3.2 233
3209.1 872.8 13.44259 1.620 0.11 56.6 3.3 211
3666.0 855.9 8.50257 1.025 0.02 82.3 4.5 671
1856.9 875.0 22.03450 3.577 0.78 -27.7 1.7 81
3937.3 859.6 6.17648 0.834 0.22 -22.5 4.5 163
2673.4 884.7 26.92494 2.500 0.74 84.7 1.1 47
332.1 892.4 41.81101 2.798 0.80 86.9 1.1 51
1618.6 872.2 10.62880 1.486 0.88 60.6 1.6 35
858.3 928.6 102.55890 7.026 0.69 -37.6 1.1 125
3399.5 972.3 51.22333 2.837 0.80 -63.3 0.9 43
184.5 876.2 6.84148 0.391 0.05 78.1 4.5 191
2456.4 882.4 15.96726 1.470 0.50 19.6 1.2 37
3316.7 902.3 42.51748 5.579 0.85 14.6 0.9 73
2868.6 881.8 11.99227 4.007 0.50 -84.3 2.7 141
2607.9 899.6 14.45991 2.624 0.49 67.2 1.4 65
2187.3 899.5 15.74680 2.126 0.60 20.1 4.5 163
2266.1 889.6 19.05407 9.883 0.86 76.0 3.9 227
1520.1 891.5 8.02096 3.205 0.50 52.7 0.3 27
1407.7 906.0 7.36612 0.955 0.49 47.9 3.8 75
180.0 934.0 63.29455 2.494 0.93 -42.0 1.2 47
2237.8 931.7 44.80710 1.714 0.86 57.4 0.9 29
145.3 910.7 5.13712 0.423 0.13 -67.7 4.3 95
391.4 931.4 29.71800 2.170 0.78 -15.2 0.4 19
3260.5 938.1 25.42078 3.453 0.64 60.7 1.1 61
277.1 919.6 13.44598 3.492 0.28 30.6 1.1 91
1616.2 927.6 10.08762 1.374 0.55 40.2 4.5 115
3214.4 931.3 21.83568 6.897 0.13 18.3 4.5 601
1704.8 936.9 9.42460 2.027 0.68 -82.5 0.5 23
2573.1 947.9 34.48659 3.424 0.65 42.8 1.9 103
2169.7 927.1 5.10459 0.441 0.14 31.3 3.6 77
1325.6 955.1 22.76409 2.873 0.61 -66.9 1.2 61
1233.7 956.1 24.83944 2.364 0.56 85.0 0.8 39
1816.2 935.6 7.85797 0.704 0.01 81.7 4.5 613
2739.5 948.1 15.80197 2.491 0.75 19.6 1.3 49
1281.9 967.5 45.22463 4.167 0.81 20.6 0.8 53
3079.7 965.1 26.46988 3.945 0.28 49.6 1.8 157
4023.7 945.7 6.58555 0.945 0.14 -84.5 0.9 35
2655.3 943.2 7.34918 0.140 0.06 40.0 4.5 185
3458.4 967.4 45.21591 3.476 0.84 -18.9 1.1 57
2766.3 957.0 15.17145 3.359 0.38 49.3 0.6 49
2881.4 958.1 12.90267 2.184 0.97 44.3 1 31
3452.3 1000.0 131.20320 6.581 0.81 44.2 1 99
2825.5 954.2 9.51625 0.241 0.30 46.0 4.5 105
2924.9 972.0 31.75599 7.038 0.68 -32.4 0.4 59
3278.0 961.5 8.31738 1.035 0.14 -88.2 2.2 89
299.0 966.9 20.32642 1.784 0.32 -56.0 4.5 237
31.2 974.8 44.39788 4.978 0.27 17.2 2.6 271
967.6 971.3 16.50255 2.648 0.43 -24.4 0.6 39
3147.6 1001.1 66.17746 2.818 0.63 -23.3 4.5 255
2841.3 978.3 9.72792 1.786 0.77 15.4 0.5 19
284.3 1032.9 238.21300 7.999 0.61 -11.4 1 141
1710.8 998.8 27.44052 2.024 0.89 76.9 0.8 27
2016.5 992.0 21.55326 3.493 0.75 4.0 0.8 43
779.9 998.4 47.35071 6.597 0.42 -25.4 4.5 397
68.5 1063.7 279.26890 7.350 0.70 -38.4 1 125
279.4 999.3 106.99580 44.797 0.54 -75.5 4.5 937
2632.6 996.8 5.81421 0.391 0.37 -39.9 4.5 59
335.4 1021.7 31.18500 3.351 0.68 66.2 0.9 51
4024.1 1003.4 8.13187 0.369 0.17 -44.8 4.2 81
3011.6 1047.9 73.70220 4.765 0.56 12.4 0.8 71
1074.4 1028.6 27.03243 3.324 0.64 -44.4 4.5 273
3397.1 1018.0 28.36065 22.158 0.36 58.5 4.5 585
3435.4 1022.1 59.72232 5.182 0.01 -25.2 1.6 999
3540.4 1141.4 1512.62600 6.619 0.89 -22.3 1 115
4105.3 1037.4 5.40124 0.297 0.37 25.4 4.5 79
3816.9 1039.0 10.56912 1.335 0.02 -88.6 4.5 781
180.3 1045.6 21.61205 11.785 0.19 -28.8 4.5 633
3450.2 1064.5 94.14548 20.006 0.91 56.3 4.5 581
2609.9 1063.9 36.10107 1.807 0.93 -35.8 0.9 29
1740.4 1043.8 7.63839 2.379 0.25 20.1 0.7 47
721.5 1065.7 16.49853 2.017 0.36 -16.2 1.7 79
2358.1 1082.0 37.30130 4.318 0.62 -33.6 0.3 33
3032.4 1080.1 29.11122 3.457 0.33 81.1 2.9 197
1032.0 1063.4 7.99119 1.067 0.05 75.3 4 253
4061.7 1065.3 15.46082 1.688 0.60 -16.0 4.5 179
1739.2 1063.8 8.89769 0.545 0.17 14.6 2.1 51
845.7 1125.5 66.65197 4.931 0.43 -75.5 1.1 109
3643.1 1072.4 16.68915 3.142 0.62 14.5 0.5 31
2409.9 1155.6 341.57290 7.931 0.54 -73.3 1 155
746.4 1086.9 39.39274 3.181 0.73 -10.8 0.7 39
1685.7 1217.3 1538.98100 8.598 0.54 65.0 1 185
1539.9 1068.8 5.58303 1.645 0.57 18.1 0.7 25
680.6 1083.2 9.75002 1.919 0.97 50.4 0.8 25
734.5 1201.6 796.69680 6.402 0.66 89.5 1.1 137
2862.0 1103.9 29.08585 3.148 0.77 79.6 0.7 39
1806.4 1085.6 5.26312 1.342 0.74 -56.2 2.1 43
3619.1 1097.4 11.81327 1.204 0.90 54.3 4.3 77
1442.7 1098.3 16.46838 2.660 0.69 -58.4 0.3 21
3668.9 1085.2 5.95146 1.079 0.21 33.3 4.1 121
1866.2 1095.7 12.27451 2.064 0.49 30.4 1 41
611.0 1097.8 10.93363 4.587 0.74 55.0 0.7 51
1231.0 1121.8 68.70886 1.310 0.93 -13.7 4.5 151
3782.4 1113.4 21.09889 1.859 0.75 81.5 0.6 21
1478.1 1120.0 35.55407 2.080 0.67 -18.3 2 75
2031.2 1141.7 91.75201 4.598 0.85 -12.4 1.1 75
862.7 1191.6 540.39060 6.337 0.88 59.9 1 109
4119.5 1117.1 14.56800 2.513 0.24 11.3 0.6 47
3116.1 1134.9 27.07969 3.154 0.79 61.3 0.9 43
2498.0 1102.5 6.36662 0.991 0.10 9.7 4.5 247
90.4 1112.3 6.67183 0.917 0.34 -77.9 1.8 41
2994.1 1114.6 7.05082 0.394 0.12 73.1 4.2 97
3910.4 1129.5 11.81262 2.466 0.49 28.7 0.6 31
4168.7 1128.6 14.13676 4.276 0.39 68.0 3.3 193
1354.3 1118.1 7.14712 2.773 0.91 10.7 0.6 27
2331.5 1131.4 7.23060 0.157 0.16 7.6 3 33
3718.1 1134.7 6.47750 0.549 0.08 -50.6 4.2 139
1444.6 1166.2 72.31038 2.266 0.88 -23.8 1 39
1781.9 1141.9 9.83301 2.878 0.59 38.4 0.3 23
586.5 1213.4 129.99380 5.055 0.92 -78.2 1.1 83
2660.3 1135.3 6.32296 1.132 0.14 68.9 0.8 37
4081.2 1190.4 66.84057 6.142 0.36 -59.8 0.3 59
3266.9 1575.4 7133.12100 9.228 0.61 34.4 1 205
3643.4 1383.7 3850.79300 8.760 0.75 -47.2 1 173
2462.2 1153.4 10.34438 2.655 0.50 54.9 1.3 59
3954.6 1157.0 10.90882 2.934 0.83 87.3 0.8 35
3231.2 1239.0 530.38050 5.750 0.83 -49.7 1 101
1858.2 1228.6 195.52370 7.693 0.73 -77.5 1 125
1632.6 1187.1 24.22940 2.818 0.53 -83.4 1.1 59
40.8 1175.1 30.82106 0.664 0.40 -39.3 4.5 167
445.8 1171.8 9.40293 1.066 0.08 -83.9 3.4 179
49.6 1253.0 220.12340 7.505 0.62 -79.5 0.9 123
30.8 1208.6 43.28105 4.290 0.83 -63.3 1.3 79
2904.7 1195.3 31.01963 3.029 0.70 56.0 0.9 45
2294.9 1205.1 36.16748 4.310 0.98 86.3 2.5 123
1126.6 1207.4 38.93966 1.978 0.77 51.6 1.5 51
3623.4 1201.8 12.78624 3.047 0.54 25.2 0.4 29
3965.3 1277.9 809.83670 7.344 0.71 -10.4 1 137
1396.5 1219.5 43.33236 2.301 0.73 56.9 0.9 39
501.1 1205.2 12.82911 1.227 0.63 22.0 4.5 97
1107.0 1217.2 14.15327 1.489 0.36 0.1 1.7 61
3245.2 1209.6 31.15271 30.011 0.65 -45.1 4.5 485
1899.1 1207.7 6.59894 1.653 0.60 82.8 0.6 21
659.5 1329.6 500.52040 5.978 1.00 -20.6 1.1 101
3525.5 1234.2 22.98903 3.403 0.86 -73.3 0.4 25
1350.1 1215.5 6.14673 0.326 0.05 21.9 2.9 87
3328.4 1218.8 5.58416 1.725 0.53 -27.4 0.9 31
3742.1 1241.8 21.82310 2.985 0.70 -51.4 0.8 41
3557.1 1294.4 186.62580 7.312 0.72 -10.9 0.9 113
3273.3 1247.7 19.64866 1.867 0.83 -48.1 0.9 29
2921.3 1328.2 72.17444 2.947 0.79 -11.9 0.7 39
1444.3 1255.8 26.15492 2.534 0.70 -82.4 1 41
1644.8 1264.4 33.75451 2.913 0.85 -75.9 1.1 49
140.5 1240.7 8.28122 0.212 0.03 11.9 4.5 221
1262.2 1239.6 18.06626 6.263 0.10 -59.0 4.5 627
2544.2 1266.7 39.55666 3.697 0.95 14.9 1.3 67
1685.3 1520.6 1665.73200 7.890 0.96 73.3 1 131
2136.8 1307.8 145.31570 7.387 0.84 -20.3 1 111
2522.5 1257.9 16.45331 5.983 0.30 -10.9 4.5 339
246.4 1253.5 5.27206 0.212 0.02 37.0 0.8 25
1095.0 1263.9 16.60332 4.665 0.23 -17.1 4.5 419
988.5 1259.0 6.98980 1.086 0.04 82.1 4 265
1321.7 1338.6 99.97324 3.883 0.41 27.3 2.5 211
263.7 1297.2 46.99496 4.393 0.64 -37.1 1.3 91
2245.8 1269.7 14.95325 4.075 0.73 53.6 0.6 39
764.5 1282.8 15.86862 1.498 0.38 83.0 1.9 65
620.4 1436.0 4155.36600 11.088 0.72 -26.4 1 215
4055.0 1298.0 52.64918 2.345 0.82 -55.4 1.1 45
1430.8 1283.7 15.23772 2.008 0.70 41.5 0.8 27
338.7 1275.3 8.90815 1.761 0.41 36.5 4.3 129
1507.6 1282.5 9.11802 1.609 0.24 37.5 2.4 99
2046.4 1400.3 133.49860 6.302 0.74 74.8 0.6 65
2208.2 1302.9 29.46123 1.006 0.66 71.4 4.5 149
591.9 1289.7 6.34693 0.007 0.07 29.6 2 5
3630.5 1282.0 16.48328 7.321 0.37 35.0 0.6 95
1828.2 1289.3 6.33438 0.215 0.29 -19.1 4.5 67
1525.5 1317.8 16.96869 3.741 0.27 -36.8 1.6 133
1655.4 1309.4 15.67189 4.855 0.39 12.4 4.5 311
997.8 1376.2 271.47470 6.891 0.87 -18.0 1.1 111
3880.8 1311.7 7.28364 0.653 0.13 -40.8 4.5 213
1930.6 1339.9 59.86420 1.259 0.93 -45.7 4.5 187
2517.8 1335.1 26.00462 2.861 0.71 -3.9 0.8 39
917.1 1327.3 18.81162 4.581 0.41 -15.9 4.5 309
972.5 1334.5 12.48839 2.285 0.83 -8.4 3.6 97
215.9 1419.4 596.81160 5.850 0.78 87.2 1 109
1477.1 1347.1 30.56771 3.842 0.63 -49.7 2 117
2057.6 1335.9 7.69471 1.257 0.54 -41.7 2.6 59
2766.2 1360.3 33.18231 3.376 0.89 17.3 0.8 43
525.9 1355.0 5.55061 0.276 0.04 -40.6 4.2 127
1160.6 1366.4 10.78154 0.728 0.16 -65.9 2.4 75
1207.6 1378.0 29.72275 1.825 0.29 27.9 3.6 179
63.1 1372.1 13.27792 3.335 0.72 -39.3 0.3 25
562.1 1363.9 8.35072 0.371 0.03 60.2 4.5 215
3078.4 1375.7 19.50791 4.902 0.30 -11.5 0.8 91
2992.1 1368.7 5.77399 1.668 0.41 47.7 3 85
3723.6 1397.3 56.80797 1.753 0.96 87.1 4.5 143
246.1 1377.7 8.01238 2.180 0.19 -74.4 4.1 199
1230.0 1429.2 114.21930 4.820 0.44 -54.6 0.3 43
2011.8 1396.1 24.32209 2.432 0.90 32.1 1.4 49
69.6 1421.5 80.89738 3.138 0.72 39.7 1.8 101
647.1 1664.7 5059.35900 8.069 0.82 -78.5 1 161
2285.1 1394.6 14.38543 1.734 0.41 1.9 4.5 177
1227.7 1399.6 11.66935 1.096 0.03 61.4 4.2 361
1724.9 1402.7 8.30926 1.644 0.19 85.5 1.6 75
3740.7 1404.6 22.77635 1.330 0.27 -0.3 3.8 151
4176.4 1390.3 6.70676 1.762 0.13 64.8 4.5 233
401.4 1417.7 18.71915 2.916 0.68 63.0 0.5 29
800.8 1397.9 6.30670 1.069 0.12 46.6 0.5 27
3190.5 1401.2 5.16337 0.139 0.08 30.8 4.5 113
21.3 1417.1 12.34350 0.858 0.42 -0.4 3.4 75
3062.5 1434.8 33.51847 2.881 0.72 14.8 4.5 265
4086.0 1543.4 108.19310 6.522 0.55 81.8 0.9 109
292.9 1424.6 5.58602 0.049 0.10 -0.6 4.5 71
2991.8 1420.3 7.82899 1.533 0.18 -15.6 3.1 135
2782.9 1436.5 19.24683 1.052 0.34 40.6 4.5 147
1262.5 1437.1 60.94487 30.598 0.57 20.9 4.5 675
1279.2 1445.8 25.83365 5.435 0.45 -10.1 4.5 339
1686.4 1469.4 64.71701 4.091 0.68 45.9 3.7 221
340.8 1437.6 7.61273 1.010 0.16 23.1 4.2 147
3448.3 1536.2 269.65290 5.142 0.66 -74.7 1 97
1249.5 1452.6 24.11859 7.012 0.93 -7.0 4.5 269
89.0 1446.3 16.02117 5.746 0.35 -44.9 4.5 321
2554.2 1451.5 5.12064 0.065 0.24 84.1 4.5 49
2318.8 1449.9 8.09613 2.973 0.25 -24.9 4 193
3498.5 1457.8 12.62437 4.842 0.59 -6.3 0.7 55
1304.0 1461.5 9.46397 0.714 0.07 -27.6 4.5 243
1649.2 1484.0 53.44800 2.290 0.40 -11.8 4.5 245
1008.1 1471.4 12.64309 1.311 0.22 -19.0 3.2 127
1626.5 1491.5 18.05786 1.501 0.45 -23.5 4.5 189
1176.6 1486.9 12.81523 2.409 0.56 26.7 0.8 37
353.9 1501.2 22.45515 1.637 0.40 -12.8 2.7 105
3492.9 1503.8 32.75962 1.657 0.78 -45.5 0.8 25
401.0 1540.4 143.66510 6.146 0.58 -25.4 1 117
183.8 1505.1 16.63227 1.652 0.26 40.3 1.3 61
715.1 1539.0 109.41740 4.830 0.92 -37.1 1 73
1466.2 1495.0 7.31143 0.534 0.16 -62.9 4.5 191
2639.3 1499.6 8.28804 0.540 0.04 -87.1 4.5 243
977.1 1496.3 6.37703 0.171 0.01 -86.5 4.5 255
1439.4 1507.1 37.56333 14.214 0.22 39.1 3.1 573
3916.8 1544.0 101.26560 6.239 0.60 -16.1 0.9 97
88.6 1565.2 102.92110 7.873 0.80 53.0 1.3 139
3143.4 1569.8 91.58192 4.998 0.82 -54.4 1 77
129.6 1534.6 16.03751 3.186 0.47 42.2 0.5 39
1483.0 1535.5 38.71070 10.638 0.23 26.0 4.1 555
2343.5 1535.1 17.08210 3.886 0.40 0.6 4.3 223
3470.2 1543.6 23.54063 1.574 0.43 42.1 4.5 159
128.3 1589.4 173.30290 6.244 0.72 19.8 1 105
1195.9 1592.3 87.64699 4.865 0.73 -83.7 1.1 87
585.7 1554.7 20.58472 2.475 0.63 10.5 1.5 61
822.5 1567.1 44.71282 3.941 0.74 22.8 0.9 57
1478.2 1559.7 13.18982 1.844 0.45 -72.5 3 103
1962.7 1564.9 22.79977 3.491 0.83 -0.2 0.5 31
1086.7 1561.1 15.72908 0.981 0.61 76.2 3.4 71
4143.0 1563.4 20.32011 3.457 0.26 -28.0 4.5 381
1815.4 1560.2 14.68128 3.567 0.21 -30.8 3.4 241
1293.8 1574.5 27.60040 2.916 0.53 16.6 2.4 119
3148.7 1637.9 214.33660 6.804 0.85 -61.9 1 103
319.1 1566.1 4.83070 0.029 0.24 27.5 3.5 11
75.9 1581.5 61.59280 31.194 0.75 -43.9 4.5 595
466.4 1566.8 8.84686 1.818 0.23 -60.8 4.5 221
744.6 1594.9 30.34223 4.036 0.83 13.5 0.6 43
585.3 1616.2 72.69366 2.414 0.95 -79.4 1 41
1011.8 1814.0 728.79820 9.428 0.71 -11.7 1 171
2984.7 1632.9 75.32960 4.869 0.36 -83.1 2.5 245
329.9 1591.9 4.65242 0.028 0.26 68.3 2.3 7
2848.2 1667.3 55.95758 3.540 0.64 2.7 1 63
2455.1 1603.5 10.06679 2.208 0.69 17.9 0.4 21
2247.1 1599.3 7.78712 0.751 0.24 22.6 2.6 65
3683.5 1604.4 7.70841 0.929 0.17 17.6 3.5 117
1272.6 1735.3 556.69490 6.591 0.95 81.6 1.1 113
1392.7 1602.9 9.68214 1.352 0.19 52.6 1.6 67
3606.4 1631.0 25.08387 1.506 0.46 26.6 2.6 89
2802.4 1727.6 931.92920 7.552 0.95 -54.8 1 119
2543.3 1644.6 46.22065 1.367 0.73 86.2 4.5 163
4128.3 1619.8 9.12294 2.063 0.10 6.0 4.5 391
3873.9 1614.9 9.90188 3.297 0.31 81.9 3.6 183
1175.1 1775.5 2276.96500 6.618 0.73 19.3 1 135
2983.4 1660.7 73.22096 4.034 0.62 71.9 1.7 119
2121.0 1670.3 93.14501 6.028 0.62 -18.9 1.1 115
1406.3 1671.0 88.01402 3.986 0.85 10.1 0.8 53
2644.4 1649.5 22.37243 2.474 0.71 -57.2 4.5 163
336.6 1697.4 107.12080 5.251 0.84 32.7 1.1 83
1035.7 1662.8 70.33859 4.336 0.34 15.2 0.8 91
42.1 1714.9 452.61630 5.517 0.82 -42.1 1.1 101
2865.8 1684.8 92.03425 4.860 0.70 78.8 1.5 117
375.5 1663.8 15.78439 1.590 0.66 -79.0 1.7 47
2773.2 1652.9 7.33532 0.586 0.15 20.5 4.5 141
3417.7 1665.1 12.68458 2.115 0.63 78.1 0.5 21
2383.7 1660.3 11.62175 2.254 0.27 -89.9 4.5 265
1334.3 1673.5 17.67612 0.819 0.31 -79.6 4.5 123
948.1 1716.2 118.71410 6.023 0.69 52.2 0.9 93
1355.9 1692.7 59.48154 2.672 0.86 23.3 1 43
2395.3 1876.2 410.94460 5.559 0.79 85.3 0.9 89
1022.8 1685.4 10.54238 1.109 0.13 -60.5 4.5 283
4078.7 1774.0 417.12520 6.966 0.85 22.8 1 113
1163.4 1701.4 11.39149 2.315 0.63 -7.2 0.6 29
3332.1 1698.4 17.27661 5.513 0.19 -78.7 4.5 475
3040.5 1727.4 68.99234 4.002 0.49 32.7 1.4 109
3439.1 1709.6 13.06953 1.399 0.65 66.5 2.8 69
2924.5 1727.1 34.84318 3.009 0.85 62.1 0.8 39
3578.3 1736.6 27.83277 4.666 0.71 -60.0 0.6 47
1369.0 1732.9 29.65040 4.115 0.44 49.0 0.7 63
2109.3 1732.9 108.79080 40.178 0.55 -32.6 4.5 907
719.2 1818.0 341.86280 8.418 0.81 -31.5 1 133
2018.9 1819.2 999.31210 7.763 0.65 -22.6 1 151
885.4 1796.8 466.27910 5.620 0.86 26.6 1 97
1825.0 1763.9 99.28610 4.283 0.99 -13.4 0.9 59
4089.9 1723.9 9.98412 1.760 0.05 78.3 4.5 427
1712.6 1803.7 341.48230 6.910 0.74 -25.0 1 117
93.9 1772.6 56.56668 3.760 0.65 -87.8 0.9 61
3799.5 1742.4 13.05742 2.620 0.70 -14.6 0.8 37
1051.1 1736.6 4.57343 0.048 0.72 24.2 2.3 5
3574.8 1765.9 22.87794 2.551 0.70 -76.4 0.4 23
1611.0 1772.7 32.36890 1.543 0.08 88.2 4.5 409
1546.4 1801.1 71.30196 4.414 0.66 -69.3 0.8 65
1272.2 1796.2 67.50232 2.735 0.87 6.7 0.8 37
2141.8 1765.4 6.96335 1.336 0.97 -60.3 1.5 29
3605.0 1771.1 4.69681 0.705 0.16 -16.9 4.1 103
1917.7 1812.5 46.31352 6.448 0.49 -31.9 0.3 55
3837.2 1770.3 14.47863 4.966 0.31 -27.0 3.3 237
750.1 1773.9 4.68590 0.053 0.03 87.9 3.7 45
623.8 1767.4 32.08644 16.768 0.24 29.6 4.5 671
483.2 1793.0 18.71182 2.203 0.59 2.5 1.1 45
822.2 1788.5 88.33992 38.121 0.42 3.1 4.2 893
113.5 1811.0 49.90952 1.630 0.66 13.8 1.5 51
3771.6 1820.7 47.34636 2.305 0.72 41.1 0.6 29
1339.4 1815.5 5.90129 0.026 0.37 -68.1 1.8 5
2981.0 1895.7 151.14990 6.555 0.97 44.6 1.1 97
2982.2 1829.3 14.78085 2.651 0.63 -3.3 1.4 59
3693.9 1845.0 36.85900 4.650 0.67 -39.2 1.3 93
38.9 1827.8 12.06584 2.329 0.84 38.6 0.9 33
453.4 1847.9 28.99815 2.661 0.74 -35.7 0.3 19
1164.0 1834.7 7.94678 0.660 0.24 10.4 4.1 93
3530.4 1836.3 13.25636 1.749 0.24 24.3 2.1 99
3081.2 1839.5 10.72569 2.036 0.84 -34.3 0.5 21
3508.5 1944.3 260.94990 7.616 0.77 29.4 1 119
3800.3 1867.0 38.66888 3.156 0.64 55.1 1 57
1710.6 1845.2 8.91839 1.020 0.17 -12.8 2.9 103
1729.7 1868.3 64.30329 1.245 0.98 89.6 4.5 125
3296.6 1864.4 20.68913 1.386 0.78 22.5 4.5 125
769.1 1887.9 47.68567 3.671 0.70 72.4 0.6 41
1477.4 1862.9 7.40186 0.308 0.49 71.0 4.2 43
2338.8 1903.6 127.59500 5.002 0.95 -0.7 1.2 85
3450.0 1865.2 9.78518 3.871 0.82 -2.6 4.5 173
1697.8 1909.2 68.79781 3.460 0.63 -43.0 1.1 71
1325.1 1934.0 140.89320 6.249 0.82 48.7 1.1 101
124.6 1894.3 16.92973 2.357 0.68 -58.8 0.4 21
2943.6 1890.7 12.22107 0.929 0.06 34.0 3.9 241
3973.2 1914.2 58.09095 2.573 0.88 57.5 1.9 77
652.0 1893.5 8.94100 0.055 0.21 -74.8 3.8 21
1958.1 1913.9 23.83807 3.646 0.70 21.0 1.3 71
1038.8 1902.6 12.24592 1.769 0.43 -20.2 4.5 139
241.1 1904.0 17.65411 4.152 0.04 80.3 4.5 843
784.4 1920.0 18.18563 1.286 0.87 -24.3 4.5 113
2227.0 1928.0 19.46147 3.346 0.28 51.4 1.1 85
2399.0 1924.0 6.15527 0.007 0.02 75.3 2.6 9
3620.1 1930.8 17.94661 3.490 0.42 -16.3 1.3 87
1796.2 1937.8 12.18389 1.875 0.38 -82.5 2.9 111
689.7 1950.9 54.78126 1.606 0.84 45.6 1.1 31
3730.9 1929.2 4.54534 0.330 0.06 -78.3 3.1 85
1586.7 1959.7 28.79890 4.852 0.54 63.1 0.6 55
2310.5 1958.6 46.40259 2.423 0.57 42.9 0.9 43
2556.2 1948.9 14.79467 2.508 0.39 -27.7 4.5 241
1867.8 1954.2 13.37892 1.835 0.73 73.1 1.2 37
452.0 1966.2 53.81488 1.092 0.64 -51.6 3.3 91
1245.5 1969.8 26.36942 2.206 0.64 -82.8 2 77
3850.1 1956.6 10.50009 2.119 0.84 70.9 1.2 37
2686.2 1952.4 8.15145 1.719 0.44 -0.7 2.2 71
2219.1 1976.4 30.60819 2.289 0.39 20.9 4.1 193
856.7 2021.1 171.65610 6.262 0.81 35.4 1 97
478.8 1988.2 24.19358 3.509 0.78 3.8 0.6 37
3100.3 1986.1 37.56668 4.939 0.35 -11.4 0.3 51
3517.9 2045.8 396.63490 5.952 0.89 8.5 0.9 89
2428.3 2020.3 56.33136 4.729 0.37 72.8 0.6 75
1218.4 1980.1 6.89426 1.307 0.92 69.7 3.3 57
1569.5 2003.2 11.99314 1.590 0.36 70.6 3.8 127
2897.0 2038.0 72.34515 4.074 0.58 -80.6 0.9 71
954.6 1990.7 16.81591 5.070 0.18 -19.7 2.3 251
2872.9 2005.8 18.46444 2.331 0.84 52.8 0.7 27
1394.8 2020.7 60.59264 2.989 0.72 29.5 1.1 57
1046.9 2061.8 188.55970 6.976 0.71 17.8 0.9 103
902.5 2034.1 105.31760 4.999 0.68 -6.3 1 85
111.6 2197.4 4936.64800 10.031 0.71 -81.9 1 207
59.3 2030.3 50.63093 3.051 0.67 71.2 0.7 39
563.9 2082.3 228.56930 6.854 0.72 83.8 1.1 129
1897.0 2011.0 6.25629 0.992 0.09 -8.2 1.2 57
2290.2 2052.0 97.99543 3.247 0.73 -29.1 4.5 305
3611.0 2015.5 5.13818 0.648 0.17 18.0 4.5 127
1857.0 2119.5 29.61190 2.466 0.74 46.0 0.7 31
2840.1 2048.3 50.34379 1.712 0.95 -39.3 0.4 15
3033.0 2074.2 80.14118 4.568 0.85 -77.5 0.8 57
734.8 2100.4 135.40060 6.450 0.54 -10.8 1.2 137
2405.0 2041.7 10.11002 2.094 0.24 25.6 1.2 65
2794.2 2064.3 23.82360 1.750 0.49 -73.2 3.4 121
2198.8 2053.6 13.12735 2.785 0.45 -25.5 0.4 29
2161.5 2048.2 10.82701 3.201 0.85 -52.7 1 45
3486.2 2124.6 295.42090 6.432 0.83 62.7 1 99
2366.6 2088.5 50.70166 3.088 0.63 -65.4 0.8 47
3810.7 2177.0 622.70510 8.795 0.49 49.1 0.9 175
3124.7 2080.5 20.04780 3.643 0.70 -33.1 1.3 71
340.6 2078.3 7.76061 2.130 0.91 -67.0 0.7 23
126.7 2090.0 12.07987 1.463 0.47 52.5 1.9 57
52.4 2109.4 38.58009 4.243 0.71 77.8 1 67
2572.6 2094.0 27.51616 1.255 0.66 2.9 4.5 115
1397.0 2091.3 6.39522 0.012 0.92 86.2 3.2 5
4169.8 2087.4 4.96317 0.206 0.04 38.7 4.5 117
2074.4 2099.1 10.98909 0.991 0.51 26.3 2.8 59
784.7 2147.7 106.24250 7.402 0.63 -81.4 0.9 115
2005.1 2124.9 50.69062 3.354 0.94 -53.7 0.8 41
2395.2 2099.8 6.22660 0.117 0.56 -20.2 4.5 43
523.1 2118.9 49.75379 1.479 0.64 -17.8 4.5 195
334.8 2114.0 22.62956 2.848 0.48 20.1 1.3 73
462.7 2110.5 8.80092 0.251 0.17 8.1 4.5 161
3247.0 2116.4 8.94610 3.350 0.94 -9.4 0.3 21
4170.7 2142.6 81.31186 1.276 0.68 59.7 4.5 177
3767.0 2135.5 31.38025 1.715 0.96 59.2 0.9 25
601.9 2457.9 17013.68000 8.207 0.94 -73.2 1 161
1827.0 2141.5 8.62156 1.853 0.42 -1.1 1.2 45
3146.2 2193.3 166.52990 4.991 0.93 30.6 0.8 65
492.1 2165.6 24.73511 4.741 0.86 -82.2 1.1 69
242.6 2161.4 16.95858 1.276 0.44 60.9 1 31
2703.5 2153.0 8.58886 0.658 0.12 -69.2 4.5 209
2577.9 2155.4 8.33625 1.641 0.87 -75.0 2.4 53
157.7 2174.5 31.65965 2.854 0.59 -34.3 0.9 47
4114.3 2181.6 51.76075 1.746 0.73 24.8 1.2 41
1750.5 2166.6 46.91101 18.778 0.63 -27.3 3.4 427
1334.4 2166.8 20.90453 11.595 0.45 6.9 4.5 403
745.2 2185.8 24.51995 1.885 0.23 72.5 4.5 301
190.9 2184.1 28.86279 2.458 0.65 49.2 1 43
1590.7 2190.6 31.74711 3.040 0.64 80.2 0.8 43
3056.3 2183.8 33.75813 2.935 0.67 -41.6 3.5 151
3592.1 2187.8 36.81871 3.035 0.77 -17.8 2.1 95
2610.4 2176.2 7.89216 1.474 0.17 -8.8 1 49
681.4 2290.1 1000.91400 8.766 0.87 52.6 1 149
1864.4 2250.5 173.41740 7.384 0.72 -48.3 1 119
4142.8 2207.4 43.29109 3.054 0.52 34.0 1.3 77
3579.9 2198.0 24.94462 2.152 0.80 -78.6 4.5 159
4031.5 2203.7 4.50987 0.052 0.98 -42.3 2.8 7
908.2 2211.8 8.61983 1.279 0.23 83.2 1.6 61
3135.4 2243.9 9.11515 1.289 0.33 11.5 3.2 97
3518.6 2290.6 89.76079 4.880 0.75 -72.2 1 77
2911.8 2261.9 22.53101 3.085 0.85 -43.1 4.5 179
1136.5 2260.5 19.98607 2.380 0.78 28.7 0.6 25
3515.0 2256.6 12.37476 2.049 0.69 -83.6 0.6 25
2080.2 2260.7 16.30934 2.463 0.56 72.5 1.2 53
3221.2 2283.5 33.72953 3.803 0.78 50.7 0.7 43
830.0 2298.3 21.69539 3.155 0.60 62.2 0.6 37
3268.3 2296.6 28.54424 2.586 0.79 67.0 1.6 63
2270.7 2352.9 386.98270 8.194 0.49 -17.3 1 161
1130.8 2346.9 141.24570 5.910 0.94 44.4 1 87
3945.2 2329.4 113.78300 4.600 0.96 71.6 0.9 63
2741.4 2336.2 90.34846 5.239 0.83 82.8 0.9 71
3713.3 2332.0 92.95012 4.138 0.93 82.5 1 59
2008.1 2327.7 60.50150 4.149 0.83 15.5 3.1 171
1106.3 2316.2 17.20635 1.999 0.66 -54.8 0.5 21
1944.5 2317.1 30.48648 3.301 0.48 9.9 2.9 163
1829.0 2311.7 32.13034 27.484 0.64 60.9 4.5 481
2861.2 2342.0 65.39657 2.805 0.54 -73.5 0.9 51
3295.1 2320.4 18.18289 2.521 0.71 -22.8 0.6 29
3536.8 2329.1 24.89612 3.997 0.68 -74.8 2.5 131
4193.3 2335.2 52.85944 2.461 0.77 -12.6 0.8 37
1552.0 2349.2 57.22192 4.567 0.72 -74.0 1.1 79
13.2 2315.6 7.96589 0.349 0.04 -89.3 2.5 89
3332.1 2317.5 8.64027 0.470 0.12 39.1 4.5 163
830.3 2333.2 28.05890 1.626 0.44 -24.6 3.8 139
638.5 2331.8 18.51974 2.765 0.46 -27.3 0.6 39
429.2 2317.4 4.30169 0.296 0.27 15.7 2.7 31
39.8 2400.7 134.82030 6.787 0.59 76.1 1 123
2142.9 2352.5 18.52204 1.657 0.51 -14.7 3.7 117
320.2 2353.5 11.12386 1.698 0.53 61.1 0.7 25
547.8 2352.2 7.04411 0.280 0.06 -57.1 4.5 165
3989.6 2370.6 57.46911 0.886 0.86 -46.2 4.5 179
2602.9 2365.7 19.44113 3.394 0.75 71.1 4.5 171
865.7 2359.9 9.58333 0.288 0.04 37.5 2.3 69
1881.1 2371.3 16.59645 1.428 0.08 75.8 3.4 245
2513.1 2360.6 10.49926 2.830 0.59 3.3 1.3 59
1644.6 2369.8 19.31148 2.297 0.90 11.8 0.6 25
1780.9 2364.2 10.09060 2.214 0.43 -80.6 1.3 57
1176.0 2375.1 20.26516 2.340 0.73 -63.2 0.4 21
3937.1 2379.7 56.49775 3.630 0.48 0.9 1.3 93
3181.1 2363.0 6.39161 2.746 0.56 -76.9 0.7 37
3271.8 2384.3 29.88726 2.531 0.67 17.7 2 85
4043.3 2444.0 238.88310 5.975 0.88 -65.2 0.9 85
3098.7 2397.1 38.59101 4.259 0.94 37.0 0.9 55
2836.4 2397.0 29.02940 3.043 0.87 -82.4 0.4 23
845.9 2399.3 27.41469 1.253 0.54 -51.9 2.4 69
2933.2 2407.1 36.43831 2.924 0.57 -51.1 1.3 71
469.7 2402.6 19.34548 2.772 0.66 -37.1 0.3 21
689.3 2390.2 7.70559 0.453 0.24 12.5 3.3 61
2638.3 2410.2 42.48717 3.545 0.95 68.0 0.7 39
1849.8 2453.1 157.67640 6.737 0.71 -49.5 1.1 117
1731.9 2387.2 8.19898 1.744 0.11 -42.3 4.2 233
3056.6 2544.3 2417.38100 10.385 0.83 36.7 1 177
3327.0 2394.6 7.07248 0.597 0.26 -21.4 4.5 133
2165.0 2421.1 15.09785 2.518 0.80 2.2 0.8 33
754.6 2457.4 174.53690 4.816 0.70 -39.8 1 83
2398.3 2404.5 12.26060 7.366 0.68 -4.9 4.5 243
1356.4 2429.9 23.95043 2.960 0.69 33.1 1.8 83
1316.6 2465.0 151.83460 6.856 0.77 -45.0 1 111
72.1 2428.0 15.82328 2.281 0.71 -43.4 2.2 73
3221.1 2439.0 25.01852 3.084 0.70 14.3 0.4 29
544.4 2449.3 54.99812 1.555 0.96 29.6 1.4 37
4180.3 2459.8 75.63699 2.852 0.80 -42.3 1 49
650.7 2447.2 34.52045 2.337 0.83 -51.3 0.9 35
2744.7 2425.4 6.30932 0.155 0.02 76.6 4.5 291
133.1 2484.2 127.60160 6.721 0.80 41.0 0.9 93
2539.6 2447.5 31.18987 1.995 0.96 88.0 2 59
3733.2 2504.1 204.81810 8.205 0.77 -28.0 1 131
406.7 2440.2 7.37448 2.461 0.85 -23.3 0.4 19
3072.6 2442.3 6.15244 0.613 0.17 83.2 2.9 71
1338.5 2507.5 117.35490 7.305 0.67 71.1 0.9 111
486.2 2449.8 10.39616 1.582 0.25 77.7 4.5 191
1025.0 2459.4 10.10161 0.948 0.37 -32.5 4.5 117
835.2 2455.5 76.70427 28.106 0.28 46.4 2.3 757
927.5 2480.8 26.71051 1.607 0.39 46.2 4 151
3723.7 2471.4 25.04586 11.473 0.39 -80.0 4.5 459
3843.6 2474.9 10.97623 2.097 0.55 58.7 1.4 51
3256.3 2565.4 525.39930 7.903 0.73 -57.2 0.7 107
4154.6 2460.8 14.82666 11.562 0.60 1.3 4.5 295
2723.9 2469.4 9.16208 2.820 0.46 73.3 4.5 197
1173.3 2476.9 17.34612 2.320 0.34 25.1 4.5 233
2289.9 2500.2 59.36650 1.659 0.87 61.6 4.5 167
1413.4 2481.3 6.19770 1.228 0.16 -63.6 3.4 131
3944.3 2515.0 59.26492 5.877 0.46 12.1 0.8 91
3920.6 2509.0 53.04657 4.732 0.70 71.8 4.5 343
258.1 2500.6 13.37417 1.739 0.84 -9.7 0.9 25
4145.7 2497.8 9.88220 1.023 0.90 -26.2 2.7 45
1282.9 2496.2 10.86327 0.680 0.43 0.2 4.5 129
2786.4 2499.1 8.63137 0.824 0.33 72.7 3.9 87
3808.9 2516.7 14.90464 0.327 0.03 -66.9 0.4 17
2304.5 2528.6 34.91117 2.510 0.63 15.4 1.4 63
900.5 2588.2 212.45850 7.393 0.75 57.4 0.8 99
1098.3 2617.0 386.08880 7.744 0.83 -84.6 1.1 129
2985.9 2581.6 209.05690 5.597 0.91 38.4 0.8 71
3533.0 2518.2 14.49511 5.407 0.11 7.2 4.5 503
2733.6 2533.7 12.94202 1.364 0.33 6.9 1.2 41
1568.0 2601.5 244.24200 5.983 0.87 65.8 0.9 85
597.4 2557.6 30.83917 5.046 0.83 -0.8 0.8 61
2281.3 2536.6 10.03752 2.341 0.49 54.8 4.5 195
46.7 2571.5 53.30701 2.996 0.66 -55.4 0.8 47
2569.8 2543.9 16.23439 10.802 0.14 59.9 4.5 651
2215.1 2567.7 20.18085 1.869 0.38 18.0 2.8 117
1884.8 2565.6 19.97143 2.918 0.74 -5.1 1 47
1748.0 2627.7 242.24450 5.146 0.85 -44.2 1 81
4164.8 2564.2 8.21106 2.454 0.56 -19.0 0.3 21
1293.9 2578.8 24.18118 2.199 0.90 59.4 0.3 17
4125.7 2569.3 7.95091 0.893 0.18 -2.5 3.7 117
3828.6 2588.8 50.14149 3.210 0.32 -18.8 3.4 251
1163.6 2577.6 8.97513 1.895 0.24 -71.4 1.7 83
1507.4 2572.9 11.07209 1.054 0.18 69.7 4.5 247
2290.2 2582.6 32.91911 6.603 0.47 11.5 1.2 129
4106.6 2575.4 13.86553 3.401 0.67 86.9 4.5 181
1327.1 2591.2 28.86973 1.772 0.70 -20.1 2 65
22.7 2589.4 16.14945 2.205 0.11 54.9 3.6 283
820.6 2585.1 13.09250 2.276 0.92 -18.8 1.1 37
3581.0 2653.0 306.39220 5.844 0.89 89.2 0.9 85
3153.9 2597.4 10.56508 0.937 0.68 56.0 3.9 69
2574.9 2627.4 79.33409 5.259 0.77 -41.7 0.9 73
975.7 2628.8 71.93085 5.145 0.66 -26.5 0.8 69
360.3 2647.4 246.17740 5.747 0.60 -12.8 1 111
2177.6 2627.5 49.38840 2.644 0.58 -85.3 0.7 39
797.5 2651.8 115.35240 6.827 0.96 -12.1 0.9 87
284.4 2606.8 9.31336 1.808 0.49 -61.7 1.8 59
723.1 2728.5 149.70550 6.212 0.70 12.6 0.9 99
3554.2 2616.2 10.50727 2.501 0.67 -20.2 0.4 21
3180.1 2693.8 323.59690 5.603 0.79 -80.8 1 97
1022.8 2630.3 47.70061 15.831 0.24 -85.6 4.5 745
1004.6 2648.6 71.08586 3.333 0.80 -34.3 0.9 51
1936.0 2631.3 17.01270 2.743 0.83 72.8 0.3 19
2489.0 2631.5 29.21226 4.540 0.62 -27.5 2.4 149
13.3 2626.8 8.57915 0.549 0.13 81.5 2.8 77
2237.9 2630.2 8.45050 0.868 0.37 -37.8 3.8 83
3912.1 2662.5 55.78241 2.179 0.64 48.9 1 43
271.4 2659.1 42.50102 3.407 0.87 54.4 0.8 43
1149.8 2645.4 10.97511 1.977 0.51 -76.6 1.5 55
2888.4 2690.7 130.87170 5.590 0.96 1.5 1 79
3148.3 2654.3 26.78211 3.540 0.61 2.2 1.1 67
2448.0 2666.9 59.34911 2.440 0.76 2.0 1.2 53
2009.4 2668.4 47.53075 3.554 0.70 21.0 0.7 43
3608.1 2754.2 439.42930 8.769 0.63 35.1 1 161
539.6 2655.9 16.73799 2.266 0.70 -6.7 0.4 19
2253.7 2699.9 174.34840 5.323 0.70 -26.7 0.9 83
326.1 2755.6 1028.53800 6.789 0.74 30.2 1 133
936.4 2676.7 12.15638 1.340 0.36 -64.3 3.1 97
3159.2 2674.5 98.27840 45.817 0.28 73.2 4.5 1249
2665.7 2664.3 7.83703 1.870 0.62 79.0 2.5 69
3012.3 2665.8 10.37650 3.840 0.35 33.1 4.5 251
694.7 2770.6 413.19130 6.976 0.68 -78.9 1.1 135
1422.8 2701.0 36.23471 3.202 0.81 82.4 0.9 47
3607.4 2702.0 72.50372 1.893 0.78 -35.9 1.2 43
2640.4 2682.0 9.28193 1.940 0.36 -81.9 1.7 69
3285.8 2677.4 5.04523 0.247 0.01 63.3 2.6 119
1037.8 2701.4 30.79857 3.614 0.38 22.3 0.8 65
3219.5 2686.7 9.35274 1.672 0.75 -81.6 3.6 81
522.6 2706.2 38.65940 0.947 0.81 -32.6 4.5 137
2601.2 2700.3 15.33884 0.662 0.06 43.5 4.5 231
2844.3 2731.5 79.89880 4.185 0.73 -35.7 0.7 55
2195.0 2714.6 36.25883 3.754 0.88 -23.6 4.5 261
927.9 2743.3 89.64855 5.459 0.82 53.0 0.9 77
3087.9 2696.2 7.72392 0.768 0.02 -71.5 4.5 533
1201.3 2697.8 25.68852 7.477 0.38 -18.3 0.3 67
103.4 2739.8 46.25471 3.072 0.59 -55.8 1.1 65
3871.5 2828.5 1483.66600 6.913 0.78 58.3 1 127
1151.3 2732.3 21.02801 3.257 0.73 75.2 0.3 23
2345.8 2722.1 13.85688 1.058 0.34 82.5 4.5 153
2708.4 2717.9 7.86721 1.082 0.18 80.4 1.3 49
2753.5 2724.1 11.34335 2.329 0.50 -35.3 0.7 33
4187.4 2726.8 13.30900 2.356 0.80 53.0 0.9 33
4119.6 2726.2 14.18163 3.357 0.40 49.0 4.5 261
2745.8 2736.7 28.97534 3.095 0.65 3.7 0.6 37
4116.4 2726.8 13.76978 1.512 0.22 44.7 4.5 235
432.7 2743.2 18.07064 2.198 0.80 -87.4 1.2 41
1104.0 2740.6 29.00229 4.247 0.69 -4.7 0.4 35
4184.6 2801.1 272.81150 5.967 0.64 -73.2 1 107
1541.5 2729.2 14.58576 4.756 0.29 -12.8 2.6 207
958.0 2736.3 12.13884 2.616 0.99 -41.4 1 37
1229.1 2737.8 9.86128 0.640 0.36 -6.5 4.5 105
3020.4 2745.2 7.85588 0.802 0.14 42.6 0.9 31
454.5 2756.7 14.67798 2.661 0.58 87.9 3.9 139
1226.2 2754.9 8.48936 0.818 0.25 -87.6 4.5 145
411.6 2755.3 7.44416 1.058 0.09 -6.6 0.5 31
3306.7 2758.6 8.78960 3.789 0.42 -38.3 0.3 35
842.7 2935.6 1587.31100 9.016 0.57 -29.9 1 187
3942.3 2767.9 11.93218 1.601 0.09 86.4 4.5 411
302.8 2784.8 27.28038 2.066 0.61 46.0 1.3 51
2588.4 2772.3 7.15007 1.264 0.10 -66.4 2.1 115
3103.6 2803.4 40.60878 1.711 0.68 81.3 3.4 113
2928.1 2854.2 183.45860 7.917 0.87 -64.4 1.1 127
786.3 2791.7 10.44461 0.182 0.07 35.0 4.5 207
1254.6 2806.9 36.21877 1.687 0.96 73.6 0.8 23
874.5 2847.7 101.49070 5.742 0.87 -40.9 0.8 67
2094.6 2826.8 26.55752 2.820 0.46 74.6 0.9 53
2127.5 2823.4 32.15733 2.280 0.95 -39.0 1 35
3987.1 2889.0 201.21400 6.927 0.52 36.5 1 135
3950.3 2826.8 6.09448 1.206 0.19 -76.9 4.5 177
2065.6 2854.7 28.09399 4.287 0.56 -6.7 0.3 35
2376.0 2842.1 8.30892 1.726 0.57 72.5 0.4 17
2636.0 2850.0 17.08204 3.782 0.70 -55.9 0.8 51
2017.1 2849.2 11.57074 1.948 0.81 89.1 0.5 19
3706.2 2841.5 4.25857 0.022 0.45 52.8 4.5 25
456.4 2859.5 35.03084 3.750 0.36 -16.4 4.5 289
436.0 2866.4 28.65043 2.163 0.61 27.1 0.9 39
940.8 2855.2 10.14573 1.659 0.32 -4.3 0.8 35
1609.9 2880.7 71.67709 4.207 0.63 -41.0 3.8 241
3411.9 2866.9 7.01879 0.255 0.75 -50.2 4.5 47
3864.8 2879.2 14.92006 1.334 0.11 -22.7 4.5 349
740.5 2878.6 8.79631 0.561 0.03 -74.3 2.7 155
2611.8 2881.0 3.98413 0.015 0.34 -45.9 4.3 9
2451.1 2935.3 122.43220 4.555 0.91 -43.0 1 71
3315.4 2925.7 91.32826 4.765 0.68 -10.0 1 81
4031.2 2913.5 24.52916 2.155 0.15 -8.4 4.5 421
900.3 2919.8 43.74858 2.600 0.48 7.1 3.9 193
2791.1 2908.7 7.64383 0.356 0.05 66.9 3.4 111
4013.4 2919.8 18.31870 1.609 0.51 -61.0 1.4 47
1368.6 2932.9 37.51056 3.405 0.75 17.9 1.6 85
3374.5 2905.7 8.30253 1.003 0.05 25.4 4.3 281
1242.4 2910.2 7.88740 2.534 0.67 28.7 0.3 19
3964.1 3000.2 493.76200 6.549 0.70 -74.5 0.9 113
2592.4 2913.6 6.83204 1.063 0.27 61.2 2.7 77
956.0 2941.1 23.87443 2.750 0.43 64.0 1.3 73
3081.6 2954.5 64.19559 4.373 0.82 -1.8 1.8 109
1175.5 2957.3 56.94555 1.749 0.93 -80.4 4 123
1746.6 2958.1 22.33788 5.003 0.34 -59.1 4.5 295
2602.4 2960.4 13.48316 2.416 0.89 66.8 1.5 47
2618.8 3016.4 174.05920 7.514 0.68 -30.8 1 127
1911.7 2981.0 33.67746 2.329 0.64 86.9 0.8 35
2906.4 3224.5 454.93890 7.620 0.67 -23.3 1 137
3460.5 2968.1 11.07565 1.949 0.97 64.7 0.8 23
1668.9 3047.3 114.30930 5.129 0.82 -48.0 1 79
940.6 2969.5 8.63607 2.290 0.75 0.4 0.3 17
1735.8 2969.9 25.06166 8.434 0.28 -48.1 0.3 85
889.9 2988.1 13.55373 1.843 0.82 -27.9 4.5 129
1272.7 3027.9 191.59700 5.823 0.74 -4.2 1 99
2154.1 2982.7 10.63462 1.843 0.61 16.7 1.3 43
49.5 2996.2 58.33178 57.344 0.43 19.6 4.5 837
4137.6 2988.1 7.23820 0.526 0.04 70.6 1.3 59
1425.8 2992.9 10.04070 2.780 0.21 74.6 1.5 105
277.5 3008.7 19.75484 3.604 0.57 26.6 0.6 45
3368.8 3027.5 42.28766 3.822 0.67 -28.0 0.9 59
408.7 3008.2 41.16409 21.144 0.19 61.6 4.5 895
1267.8 3011.0 15.80477 5.024 0.30 -48.5 2.1 185
4061.5 3007.5 6.88672 0.386 0.01 60.5 4.5 665
126.0 3005.7 7.28778 0.616 0.01 14.1 1.1 95
600.3 3047.3 43.04374 3.852 0.43 28.5 0.7 61
983.1 3041.4 55.55533 2.818 0.79 42.1 4.5 213
699.5 3039.2 37.97863 2.773 0.36 2.4 4.5 275
3500.0 3024.6 11.68136 2.345 0.34 -47.6 3 131
1308.1 3039.6 38.78127 1.585 0.86 41.8 1 29
2517.1 3041.6 15.96970 0.600 0.34 61.9 4.5 103
420.6 3031.2 6.22684 2.156 0.59 28.3 3.5 95
312.5 3052.2 22.47469 2.498 0.73 17.3 1.8 69
2630.1 3052.3 19.36469 1.924 0.27 -2.0 3.3 157
631.2 3082.6 101.26240 4.990 0.84 35.8 1.4 101
2946.0 3061.9 40.30540 5.179 0.78 -14.9 4.5 293
1831.1 3063.2 22.06221 2.093 0.88 -86.8 1.1 35
2932.8 3067.1 35.63428 6.158 0.83 1.1 3.2 197
1546.8 3062.2 18.15534 2.796 0.62 -40.0 0.4 25
878.3 3067.3 30.50325 2.685 0.55 -32.4 1.2 59
1939.8 3047.9 13.68089 2.831 0.14 -51.4 4.5 415
1803.8 3047.4 5.57836 0.400 0.06 65.0 2 57
1718.4 3073.9 45.28633 1.264 0.73 46.9 4.5 125
3214.2 3065.5 8.82473 2.017 0.23 51.5 2.8 135
510.2 3119.0 215.17580 5.105 0.95 26.0 0.9 75
972.7 3074.1 15.85958 2.900 0.50 -5.6 0.7 43
1961.7 3086.6 20.59883 4.253 0.52 57.6 0.5 45
2837.4 3076.7 7.38281 1.814 0.74 -15.8 2.2 57
3801.5 3109.2 78.58324 4.706 0.63 8.4 0.9 73
3936.5 3102.9 14.09473 3.439 0.47 -66.0 0.6 43
3671.4 4094.8 49.89809 3.385 0.38 12.9 0.9 71
3300.7 4093.9 231.47120 6.949 0.58 1.9 1 131
3018.9 4092.2 25.72212 4.409 0.45 32.3 0.3 39
1400.8 4096.4 33.33442 2.577 0.67 57.2 1.1 49
251.0 3970.3 35.57821 3.372 0.57 -67.2 0.7 47
2736.0 3841.1 18.06502 3.450 0.56 -21.6 4.5 193
2465.9 3838.7 18.88917 2.944 0.58 -61.3 1.1 55
2187.5 3819.9 4.63654 0.002 0.02 -46.9 4.5 15
3196.6 3726.8 20.99914 2.986 0.75 68.7 0.3 21
2150.9 3716.2 115.94970 5.565 0.75 87.2 1.1 95
1325.4 3636.6 28.95430 3.750 0.46 -70.6 0.9 65
3610.2 3604.9 11.55758 1.922 0.56 -21.3 1.1 39
3478.0 3603.9 19.79658 2.651 0.89 -45.5 0.9 37
1207.5 3579.4 10.33817 2.216 0.76 -77.2 0.6 25
3523.0 3571.7 58.60071 1.537 0.92 -1.6 1.3 35
142.2 3525.5 19.57990 2.148 0.94 -24.5 0.3 15
3227.6 3523.2 31.62340 2.691 0.31 42.3 4.5 371
214.3 3509.0 5.78977 0.351 0.01 83.1 0.4 23
2238.9 3499.5 24.99919 1.821 0.69 -67.0 1.5 49
2389.6 3438.2 54.16927 3.285 0.60 -8.5 4.5 281
2720.4 3405.8 11.12019 3.695 0.53 37.7 1 61
2618.1 3395.0 59.25974 4.440 0.80 9.7 0.8 57
3480.4 3391.4 58.50729 2.408 0.89 24.0 0.8 35
4060.3 3666.0 25.20051 2.090 0.92 -23.3 0.3 15
1804.5 3627.7 24.22547 3.692 0.58 -63.3 0.3 31
374.2 3470.9 16.16644 1.926 0.22 -76.7 4.5 241
2452.9 3316.7 20.40314 2.275 0.72 5.9 0.5 23
882.0 3315.1 35.49130 3.637 0.25 60.9 4.5 465
2684.5 3247.8 151.36520 6.053 0.82 53.8 0.9 85
2997.5 3274.3 8.96056 2.344 0.64 -54.3 1 39
2145.8 3126.9 8.04746 0.346 0.08 35.8 1 23
2211.9 3132.8 31.59734 3.492 0.45 52.8 1 71
3378.1 4047.4 10.11573 3.709 0.20 -56.0 4.5 361
306.2 4074.4 5.45448 1.303 0.11 86.8 4.5 225
3757.6 4041.6 42.59396 2.148 0.53 -60.6 4.5 225
2163.6 3979.8 10.59268 1.925 0.49 57.7 2.4 83
2855.6 3942.0 16.78570 0.060 0.85 11.8 1.4 5
3850.8 3861.4 41.74777 4.196 0.87 -42.9 1.3 75
3025.3 3857.2 41.51587 2.027 0.94 -40.5 1.6 51
3581.7 3886.4 7.61268 2.728 0.43 19.5 0.7 39
486.0 3939.7 68.35358 6.623 0.55 38.7 3 271
1001.8 3850.9 134.50540 5.899 0.72 60.5 0.9 87
52.8 3901.9 6.34927 0.249 0.03 -27.7 3.1 95
1883.8 3899.7 28.36829 2.318 0.79 -61.1 1.1 41
2720.7 3921.8 39.48153 2.506 0.57 70.4 2 95
1627.6 3877.8 50.31185 8.105 0.73 25.6 4.5 315
3953.2 3888.9 163.95430 7.439 0.62 64.2 1.1 135
772.5 3825.7 11.39849 3.668 0.49 -22.9 0.3 31
3929.7 3931.4 8.88845 2.605 0.56 18.5 1.3 55
557.9 3877.7 9.20753 2.754 0.72 -25.5 0.4 23
4168.6 3811.6 5.82515 0.015 0.11 49.1 3.4 11
122.1 3879.5 10.49409 1.383 0.65 27.8 3.8 85
3840.7 3915.7 11.37699 0.014 0.30 31.9 1.6 3
2104.4 3858.2 10.62733 1.624 0.42 40.4 1.6 55
1105.1 3885.7 26.56284 2.353 0.57 -66.8 1.1 51
1856.5 3803.9 1094.53200 7.914 0.60 52.7 1 155
433.3 3794.1 44.50973 1.219 0.59 27.2 4.5 141
1353.1 3853.6 8.32631 2.329 0.85 39.5 0.3 17
921.6 3874.1 36.97123 2.857 0.73 9.8 0.7 39
2757.6 3863.9 216.65140 6.708 0.82 -12.8 0.9 97
2016.5 3845.3 4.16276 0.028 0.17 -85.2 1.7 5
1622.5 3799.3 9.43775 0.083 0.27 -42.0 4.5 81
1085.6 3729.0 12.82183 0.445 0.34 58.8 2 31
4013.4 3812.7 72.45053 8.438 0.70 -39.2 4.5 445
1142.8 3830.2 14.20071 2.230 0.83 -69.1 1.1 37
3364.6 3765.2 88.35358 5.049 0.69 -6.6 0.9 79
3445.6 3793.4 2239.80600 6.607 0.81 -86.1 1 121
681.8 3897.9 41.52210 3.394 0.81 -30.6 1.2 61
3756.8 3837.1 38.70735 4.177 0.55 -26.3 0.8 61
3322.5 3861.4 15.73866 1.446 0.39 82.4 2.1 71
397.2 3781.4 18.43566 2.224 0.65 74.2 1.1 43
1132.5 3806.0 5.96400 0.038 0.06 -3.3 4.4 37
1014.8 3750.7 4.36189 0.293 0.05 -74.5 4.5 189
953.9 3677.7 9.64088 0.961 0.18 -1.6 2.7 93
3564.5 3819.6 23.57704 3.019 0.76 -62.0 0.7 37
3314.2 3731.2 66.92141 5.012 0.50 -86.2 0.8 77
269.9 3747.4 38.71864 3.674 0.54 -9.8 1 67
2660.4 3724.5 73.75008 27.419 0.98 0.1 4.5 545
625.7 3808.3 376.73030 7.949 0.86 24.4 1 119
1277.8 3782.5 8.21571 2.194 0.42 10.3 3.6 123
3272.5 3729.7 13.79744 1.671 0.83 -81.3 1.5 39
4046.1 3721.2 53.12918 2.843 0.71 17.4 1.3 61
82.4 3782.7 23.97675 4.667 0.45 45.2 4.5 345
224.1 3772.7 10.94062 1.444 0.12 -20.4 3.4 185
844.9 3814.0 22.16926 3.737 0.63 70.4 1.3 77
3670.4 3770.3 24.06645 5.264 0.80 86.5 2.5 143
3103.5 3758.0 41.43219 35.401 0.53 -34.4 4.5 611
4059.3 3705.3 50.21721 4.240 0.25 -12.7 0.8 95
608.0 3767.0 91.41790 5.050 0.65 2.3 2.7 211
3924.0 3703.0 4.04428 0.408 0.37 36.0 4.5 69
2818.4 3620.3 8.73384 1.448 0.38 -73.2 2.9 87
2957.5 3678.9 27.85068 2.550 0.81 7.0 0.7 31
4045.6 3790.5 686.27580 6.631 0.83 -61.7 1.2 133
4122.3 3666.2 7.00653 0.615 0.30 -5.2 3.9 75
2765.8 3738.0 11.16383 2.322 0.63 -57.9 1.6 59
3397.9 3750.9 6.56132 0.854 0.09 -22.8 4.5 287
1416.3 3712.8 14.09448 3.632 0.66 -35.2 0.3 27
1893.6 3755.6 19.17715 2.872 0.74 54.1 1 47
3033.2 3789.0 13.86077 2.381 0.50 24.8 2.5 99
285.0 3676.9 1277.08800 7.093 0.86 -50.0 1.1 131
3296.3 3717.5 13.97983 0.762 0.69 26.1 4.5 91
3490.6 3756.3 8.01395 0.265 0.03 70.5 3.8 143
3211.9 3515.4 14.99567 1.612 0.41 -19.8 3.1 105
3983.1 3814.6 57.43087 4.817 0.34 -54.2 4.5 395
895.6 3671.9 51.05331 3.347 0.59 -13.1 4.5 283
886.8 3724.4 13.72691 1.773 0.37 -29.9 4.5 197
1763.3 3733.3 6.32174 1.276 0.34 83.4 2.9 79
1821.9 3713.9 14.06229 4.912 0.24 7.0 4 291
4147.1 3591.3 413.52020 6.695 0.66 70.0 1 121
2311.3 3716.7 26.16008 7.727 0.29 -83.1 4.5 437
2553.3 3737.3 7.75140 2.950 0.60 64.2 1.1 51
2365.7 3666.7 9.94713 1.849 0.77 -69.7 1.4 39
826.3 3698.6 54.22216 2.217 0.96 83.0 1.5 51
187.3 3693.7 145.67610 6.932 0.60 -48.6 0.8 101
3410.2 3616.8 8.57164 1.895 0.53 78.4 1.4 47
408.8 3647.3 10.14525 0.399 0.62 -80.2 4.5 61
1368.4 3714.0 19.02258 1.676 0.60 62.0 1.4 45
1113.9 3611.6 9.67004 1.874 0.73 61.4 3.3 83
3240.4 3666.4 63.83344 3.509 0.53 -67.6 0.9 65
1311.1 3699.1 60.71167 3.993 0.79 -3.9 1 65
1617.1 3668.6 74.97482 3.708 0.70 -12.8 4.5 275
4016.0 3667.4 46.74324 3.458 0.85 61.0 0.8 43
4026.4 3895.4 9.35884 0.581 0.21 61.0 1 21
4084.1 3676.3 29.44781 2.518 0.79 72.9 4.5 229
3152.8 3891.2 6.17874 1.188 0.05 11.1 0.8 63
2878.0 3949.7 23.16487 3.974 0.48 -89.7 4.5 309
110.0 3545.8 506.06500 6.660 0.71 43.8 1.1 135
3590.9 3917.8 13.42040 2.463 0.82 85.7 0.3 19
3483.1 3563.6 707.11000 8.902 0.77 3.4 1 149
1835.9 3881.7 62.42324 2.289 0.91 -19.0 1 37
534.9 3678.7 241.38730 7.215 0.77 -88.7 0.9 107
963.1 3615.0 69.31677 1.764 0.94 9.9 1.2 37
675.5 3643.8 16.96210 4.655 0.59 50.4 1.4 95
2362.2 3531.2 15.52975 0.994 0.63 -65.9 4.5 91
1950.2 3549.8 5.47814 0.392 0.18 78.4 3.3 61
4189.0 3556.2 18.43317 3.344 0.40 43.2 0.6 49
3223.6 3635.7 6.06579 0.542 0.50 24.6 4.5 95
3683.8 3613.7 6.50336 2.361 0.81 -40.9 0.3 17
3009.0 3642.0 7.61352 2.507 0.44 80.8 0.4 27
886.3 3887.8 11.11246 2.503 0.58 46.5 0.5 29
3138.2 3613.6 160.83170 7.568 0.63 -3.7 0.7 101
1393.2 3575.0 49.39857 3.918 0.59 -73.9 0.9 67
1679.1 3549.1 52.19505 30.362 0.17 -53.0 4.5 1145
844.0 3565.9 16.30025 2.561 0.72 34.4 0.7 31
911.6 3705.0 14.48228 0.823 0.41 -52.2 3 67
3057.0 3599.7 188.23120 6.137 0.61 46.9 0.9 101
1651.0 3554.1 396.81680 6.403 0.83 57.4 1 109
3196.6 3546.9 40.69541 1.757 0.85 64.3 1.4 43
2006.6 3565.0 245.90970 6.437 0.94 44.2 1 99
3567.7 3537.9 18.52451 3.837 0.73 -83.5 0.3 29
2451.1 3391.5 22.31253 2.543 0.87 44.7 1.2 45
2998.4 3533.3 6.03316 1.627 0.19 -82.3 2.7 115
2861.7 3604.1 18.15552 1.599 0.42 20.4 4.1 135
1285.9 3569.4 10.52233 2.900 0.65 26.7 0.4 25
1717.4 3575.1 56.46226 3.851 0.49 -78.2 0.7 57
1415.6 3599.7 18.19301 2.649 0.78 39.0 0.3 19
3867.4 3570.3 12.20546 0.777 0.14 54.5 2.1 75
680.1 3841.4 12.89001 1.262 0.59 -61.6 3.4 79
1192.4 3310.7 29.50462 3.040 0.65 75.4 1.2 63
1624.9 3520.2 36.71013 11.758 0.38 29.6 4.5 495
2940.6 3470.1 12.15434 4.961 0.84 19.4 4.5 189
3121.4 3525.7 151.55210 4.895 0.94 6.3 0.9 71
1347.9 3473.8 481.18710 6.841 0.70 48.7 1 123
339.7 3541.2 18.58548 2.695 0.27 -44.6 1.4 91
2177.2 3516.7 40.43777 4.363 0.16 -66.2 2.4 297
1334.1 3368.8 71.44737 3.353 0.80 9.5 0.9 49
1814.1 3452.1 5.77057 0.435 0.08 74.1 3.7 109
1345.9 3515.8 7.03660 0.474 0.09 16.4 4.5 169
3072.8 3452.0 5.02783 0.449 0.02 -28.4 1 49
2195.8 3482.1 50.38405 5.230 0.64 -23.2 1.1 93
550.1 3450.2 6786.30100 10.733 0.84 -50.4 1 201
3442.5 3503.8 31.10830 5.731 0.23 60.1 2.5 291
2133.8 3506.5 12.19848 1.434 0.51 57.1 2 57
2270.4 3532.6 15.03222 1.888 0.75 -30.9 0.4 17
249.7 3317.8 11.86202 2.728 0.57 88.4 0.6 31
160.0 3463.4 5.82362 1.299 0.39 87.0 2.2 59
840.4 3345.9 26.86841 3.074 0.59 -7.9 0.8 47
3968.8 3475.7 22.97653 1.324 0.86 -4.3 1.7 37
3514.2 3434.3 10.69587 1.665 0.17 -67.1 1.9 101
2964.6 3449.5 6.43042 0.702 0.14 12.2 4.5 213
1839.5 3488.6 392.51550 5.718 0.89 68.2 1 89
3778.6 3370.4 48.15408 2.499 0.88 -50.9 1.7 67
3249.8 3357.3 27.04330 4.209 0.52 50.1 0.9 69
1966.1 3885.8 23.35910 3.159 0.57 -58.8 1.7 87
2509.2 3412.1 58.69435 3.197 0.86 40.5 1.1 53
834.8 3420.7 13.68305 3.049 0.68 -21.0 1.2 57
3706.3 3455.1 8.69045 2.184 0.38 -66.8 2 83
3251.5 3435.0 7.75317 1.079 0.39 -88.9 1.7 43
4011.4 3342.0 110.63810 5.496 0.63 88.7 1 93
1284.7 3418.9 10.04679 2.351 0.81 7.3 0.4 19
1527.0 3258.2 34.28300 2.407 0.82 -14.6 4.3 145
813.7 3312.3 19.17854 8.703 0.50 -1.1 4.2 291
115.9 3362.7 15.25473 1.593 0.98 49.7 0.7 19
3192.0 3376.1 67.70892 5.063 0.59 70.7 2.6 203
4062.2 3137.8 31.92096 1.732 0.79 -40.6 1.1 35
2767.5 3513.8 46.76633 5.391 0.48 56.5 2.8 227
2386.0 3407.8 59.30815 1.487 0.97 -0.0 2.4 65
899.2 3376.9 7.05124 2.224 0.87 -65.1 0.4 17
2561.2 3392.9 6.73164 0.707 0.68 -75.4 3.6 51
433.6 3329.8 9.80774 0.805 0.53 -32.1 1 19
188.9 3158.4 55.49392 3.377 0.74 -16.6 3.9 189
2383.0 3374.2 16.43804 2.677 0.35 49.5 1.2 69
3653.2 3351.9 41.45832 13.470 0.29 36.1 4.5 599
3628.6 3345.5 59.81666 6.913 0.72 2.9 1.5 139
2671.2 3352.2 39.25611 3.880 0.49 15.2 0.3 33
1294.7 3682.3 21.07280 5.868 0.71 -59.7 2.1 137
3345.4 3284.7 28.79528 3.132 0.21 -5.1 2.3 197
4134.9 3216.8 4.42676 0.006 0.19 -17.5 4.5 19
3856.5 3366.6 14.32526 1.959 0.64 -76.4 2.9 89
3568.5 3363.1 1811.12800 6.848 0.69 30.6 1 135
3621.2 3390.7 63.29014 2.853 0.66 7.4 4.2 203
1967.9 3350.3 22.51427 2.584 0.80 6.2 1.6 61
2432.8 3292.4 4.70686 0.093 0.01 37.8 4.5 305
738.9 3289.2 5.96498 0.159 0.06 74.8 4.5 129
1831.9 3255.8 32.77832 4.057 0.87 -78.4 0.5 37
1197.4 3340.1 52.68184 4.754 0.48 81.1 1.2 111
2140.2 3301.4 43.22419 3.667 0.41 -40.1 0.8 65
470.6 3265.8 50.38252 2.673 0.82 -35.7 0.6 29
2786.3 3176.2 42.64390 2.229 0.94 -40.8 1 37
135.7 3317.5 87.11786 13.352 0.53 40.8 4.5 657
903.1 3167.6 64.94064 3.144 0.67 10.3 1.3 71
3361.5 3310.6 9.30928 0.956 0.08 44.0 4.4 211
2886.3 3325.9 16.30703 3.031 0.93 -77.0 0.4 21
1374.0 3181.6 7.50586 0.528 0.07 28.6 2.2 81
3798.9 3304.4 979.57230 8.589 0.60 25.0 1 167
2118.9 3238.5 16.41582 3.360 0.77 -5.4 0.8 43
1885.4 3290.2 16.24834 2.372 0.40 68.7 0.9 47
2408.8 3282.4 15.88598 2.936 0.45 -41.0 1.9 95
235.3 3219.6 16.44271 2.467 0.94 -77.9 4.5 137
1745.9 3197.1 5.32898 0.029 0.14 -40.6 3.6 15
3473.8 3214.5 63.81440 29.249 0.42 77.4 4.5 743
436.5 3244.8 4.66437 0.016 0.08 24.1 4.4 19
1885.4 3269.4 13.62418 2.074 0.88 13.1 0.8 27
3523.6 3247.6 9.87511 0.033 0.48 -47.9 2.1 5
703.5 3247.5 27.39695 3.284 0.81 -8.7 2.7 115
3099.4 3273.4 40.18210 23.732 0.19 23.6 4.5 879
988.9 3250.5 200.91800 6.571 0.59 -46.0 1 125
883.9 3235.6 24.56729 4.398 0.94 39.2 0.9 55
483.0 3193.1 7.74608 2.047 0.50 -53.3 0.3 19
2283.3 3219.5 7.63652 1.313 0.27 4.6 3 99
3506.7 3268.4 3.94392 0.013 0.61 -87.5 0.9 3
1488.0 3200.3 27.77887 1.632 0.99 5.8 2.8 71
3194.0 3165.5 6.34681 0.818 0.20 18.7 0.4 15
1986.5 3203.2 47.84502 2.134 0.77 -38.3 1.2 43
4073.6 3198.1 27.28795 2.575 0.76 -85.3 2.7 105
785.5 3193.5 26.78356 3.426 0.76 -22.2 1.8 87
1456.3 3197.3 5.96059 0.273 0.03 -72.9 2.3 73
4058.9 3153.4 9.00181 1.574 0.17 84.3 4.5 211
3019.0 3144.3 28.83300 1.847 0.93 50.5 0.9 27
925.7 3241.8 40.34061 3.192 0.75 -70.3 0.9 49
3728.9 3154.3 6.70827 0.202 0.19 -85.6 3.5 43
187.3 3203.8 18.94999 0.980 0.92 -30.6 4.5 95
3358.3 3207.4 26.30483 2.329 0.64 -44.6 2 77
1866.6 3223.4 8.61975 2.114 0.60 -73.5 0.9 35
2287.3 3149.0 32.01615 2.725 0.73 10.8 0.6 33
730.8 3216.6 100.48810 5.828 0.84 70.1 0.9 77
3361.5 3166.2 21.02882 3.981 0.42 -10.6 2.1 139
122.4 3209.0 24.45500 5.202 0.73 -60.4 4.5 269
1848.7 3118.5 11.53962 1.042 0.71 38.7 4.5 85
1680.4 3101.3 6.50462 1.152 0.30 -21.8 1.5 43
3396.6 3215.3 8.77357 1.163 0.14 -15.4 3.5 145
2968.5 4033.8 22.44683 2.450 0.50 12.6 4.5 259
656.9 3119.1 5.31667 0.505 0.07 6.8 3.4 117
1785.9 3154.2 47.71304 2.260 0.84 -14.8 0.8 31
956.8 3156.5 85.97923 6.337 0.69 -75.4 1 101
2753.0 3128.8 23.27040 2.542 0.83 16.2 0.5 23
191.4 3119.9 7.68540 0.710 0.17 35.5 3.3 91
1828.6 3135.7 16.43028 4.156 0.34 10.8 1.7 131
599.6 3152.9 68.03608 4.834 0.30 -69.3 0.3 53
2901.1 3112.4 5.81940 0.567 0.22 -77.6 4.5 147
3017.1 4036.2 9.43447 1.305 0.06 -42.4 3.7 257
3939.8 3190.2 10.19727 0.707 0.18 41.5 4 115
2831.6 3137.2 25.73551 1.004 0.51 -40.6 4.5 135
3297.5 3124.6 25.39198 2.015 0.55 -5.8 4.5 181
3556.3 4077.9 15.84814 0.725 0.15 48.2 4.5 165
1340.4 3982.5 333.50170 7.338 0.71 19.1 0.9 121
2715.8 4033.6 16.40185 3.187 0.64 24.7 1.9 89
2681.2 3996.9 508.98160 5.718 0.85 -17.6 1 95
2493.0 4065.1 4.60176 0.214 0.86 70.1 4.5 47
407.7 4081.7 10.33553 2.908 0.84 74.7 0.3 19
3388.3 4076.7 7.80483 1.730 0.99 -84.7 4.5 113
1862.5 3732.0 5.90471 1.175 0.53 -14.1 4.5 87
1898.0 3151.1 17.57534 4.390 0.06 -11.2 4.5 793
3051.0 3863.2 17.96547 1.535 0.85 11.8 4.5 127
743.5 3854.7 103.10000 6.132 0.56 78.3 0.8 91
2886.2 4006.0 10.53243 0.414 0.07 -52.8 2.7 85
1312.4 3996.6 89.56248 27.639 0.40 -62.7 4.5 911
2718.2 3103.0 12.69121 4.245 0.96 44.8 0.6 37
1921.6 4020.7 7.96812 1.857 0.55 71.4 3.7 99
1840.2 4019.7 393.21980 6.978 0.77 -27.8 1 121
465.9 3980.5 6.48378 1.492 0.22 65.3 0.4 23
3055.2 4029.9 16.51338 1.319 0.54 -8.6 4.5 137
2114.7 3992.0 26.30932 3.546 0.76 -69.8 0.3 25
4004.1 4010.9 35.58944 2.334 0.91 -38.2 0.7 27
2810.1 3984.6 6.15104 1.016 0.53 -46.8 2.9 57
2900.2 4074.3 276.93990 6.238 0.60 -27.0 1 117
1998.7 3969.1 13.07471 2.648 0.36 42.7 3.9 169
1771.4 3984.0 32.55944 3.766 0.30 6.8 1.3 111
1648.0 4029.6 24.16429 4.030 0.60 -35.2 1 67
1059.0 3979.2 342.69130 5.201 0.97 -46.9 1 79
283.1 3999.5 8.42799 2.747 0.28 70.0 2 109
1184.6 4022.1 45.42922 22.606 0.25 13.0 4.1 763
1567.5 4032.4 4.30179 0.073 0.11 53.7 4.5 93
2419.5 4017.8 69.63534 2.733 0.80 4.2 0.9 43
2292.6 4039.7 21.54018 3.634 0.51 42.1 0.7 49
1663.9 3710.8 14.17596 1.632 0.20 35.8 4.5 225
3656.3 4011.5 14.45089 4.160 0.68 84.7 0.3 29
372.0 3822.7 11.47397 0.494 0.04 71.9 0.8 35
124.3 3950.2 4.28467 0.095 0.02 65.4 4.5 115
928.9 4010.5 12.47107 2.051 0.63 14.2 0.5 21
1137.4 3947.5 16.25276 4.713 0.37 71.8 0.3 45
3048.8 3995.2 11.88907 1.778 0.34 -87.9 1.2 51
977.8 3891.6 4.81647 0.021 0.29 -46.2 2.7 7
2718.0 3959.5 49.81062 4.890 0.53 -27.3 4.5 397
1810.4 4007.6 76.19885 3.339 0.74 -59.3 1.4 77
