1 640.793 11.108 24.304
2 1397.845 7.989 23.819
3 2396.977 10.675 24.634
4 3993.396 5.975 23.091
5 593.796 12.836 24.848
6 2911.537 10.825 24.809
7 276.959 10.598 21.932
8 1991.142 13.178 23.414
9 123.318 28.378 21.99
10 4129.433 30.316 24.611
11 2403.589 44.274 23.963
12 3576.931 7.177 23.846
13 449.728 33.443 23.364
14 3324.213 9.372 24.325
15 1587.599 54.662 24.747
16 3826.188 35.652 24.369
17 2453.533 47.059 22.778
18 718.805 21.925 23.665
19 1206.524 49.661 22.499
20 2518.417 27.663 24.311
21 1100.715 47.645 23.225
22 4154.954 68.305 24.406
23 2745.119 45.214 24.192
24 538.402 48.379 24.235
25 3153.309 42.435 23.23
26 1327.672 49.366 23.94
27 1547.768 60.888 24.865
28 1469.252 64.344 23.104
29 1059.957 72.851 24.671
30 3910.879 96.57 22.853
31 1262.557 89.428 24.162
32 3425.089 66.386 23.139
33 2921.643 75.979 22.721
34 1918.213 52.824 20.655
35 2576.052 103.824 24.371
36 2058.53 109.073 24.124
37 2188.26 106.071 24.879
38 2390.438 86.926 23.536
39 2382.473 67.461 23.865
40 2719.948 96.477 24.442
41 2251.944 130.406 23.972
42 732.771 91.951 23.077
43 1665.993 83.499 24.508
44 3658.16 144.014 24.023
45 2870.143 162.78 23.514
46 2107.412 90.086 21.969
47 994.765 14.473 20.594
48 929.424 122.136 23.415
49 244.57 173.074 23.332
50 3008.491 104.511 22.961
51 3259.458 117.19 21.498
52 626.222 179.596 24.725
53 1113.341 118.462 23.987
54 1799.729 23.779 23.447
55 3341.944 79.834 23.316
56 55.606 134.759 24.581
57 4191.864 195.284 24.245
58 2017.651 125.815 21.864
59 1642.572 35.01 24.739
60 690.478 93.147 24.872
61 245.643 95.575 23.501
62 123.985 133.772 22.538
63 2240.619 103.535 24.588
64 1681.878 47.148 22.421
65 61.465 103.217 24.301
66 3505.846 175.078 21.844
67 1100.808 162.21 23.179
68 511.45 113.116 24.95
69 3171.66 218.913 23.328
70 2749.042 164.749 24.662
71 1046.371 169.291 23.914
72 3600.343 53.051 22.41
73 3563.214 64.805 23.148
74 3027.914 69.517 24.615
75 1641.172 180.565 24.879
76 2993.547 175.188 24.104
77 3846.479 240.844 24.695
78 2087.873 152.997 23.368
79 2589.315 63.97 24.669
80 3474.229 90.2 24.632
81 2525.933 194.522 24.666
82 795.04 112.536 19.937
83 800.833 74.548 22.874
84 521.185 75.497 24.411
85 2672.74 106.927 23.457
86 1330.765 218.416 23.548
87 1191.195 129.409 20.901
88 3171.053 81.675 23.411
89 375.44 261.607 21.999
90 938.083 233.654 23.623
91 3646.542 102.708 22.03
92 2330.788 184.079 22.149
93 2108.247 236.89 24.783
94 1234.45 103.775 24.365
95 1198.074 220.721 22.064
96 325.634 157.55 24.24
97 2013.687 261.226 24.367
98 1294.809 168.878 24.669
99 863.648 134.438 22.318
100 1585.003 117.464 23.534
101 1220.085 177.121 24.047
102 1960.118 157.877 21.229
103 1982.929 165.319 23.835
104 3925.04 253.264 23.861
105 1017.903 132.196 24.608
106 43.413 189.825 23.509
107 2210.348 15.856 18.995
108 2176.853 62.073 22.203
109 680.115 256.484 24.516
110 772.621 192.782 23.813
111 1366.51 167.997 23.754
112 1397.521 296.798 24.069
113 349.615 200.732 24.115
114 3702.441 34.603 24.962
115 2753.394 272.475 22.892
116 1940.002 211.759 23.209
117 3237.077 219.142 24.597
118 424.273 165.325 19.76
119 518.663 289.038 24.15
120 4171.78 167.064 23.088
121 4077.176 148.491 24.953
122 134.6 221.275 24.747
123 563.765 241.119 24.706
124 276.429 292.965 23.293
125 2101.334 308.931 24.444
126 893.54 296.488 24.652
127 1409.827 56.426 22.691
128 587.587 170.699 22.85
129 839.245 309.845 24.823
130 3500.323 327.573 24.958
131 2698.3 262.53 23.916
132 2123.808 326.882 24.272
133 494.201 179.046 24.344
134 1616.164 85.907 24.71
135 3797.353 187.261 21.924
136 1397.61 198.483 22.012
137 2542.594 343.178 24.906
138 308.01 351.188 23.933
139 2742.82 100.215 23.95
140 2234.348 359.839 24.654
141 948.063 265.231 22.901
142 1245.594 201.802 22.463
143 3106.16 200.032 22.983
144 310.525 263.361 21.18
145 343.124 378.653 23.347
146 3591.927 213.923 24.096
147 2837.247 209.234 24.675
148 295.548 393.361 23.546
149 1034.385 233.874 24.294
150 3940.046 286.678 22.646
151 3996.422 252.321 24.034
152 181.472 246.905 24.457
153 3287.275 259.464 24.468
154 2962.249 129.899 21.307
155 2927.892 117.811 24.438
156 3382.292 180.639 21.392
157 3371.542 135.036 23.418
158 1432.393 248.842 24.521
159 1804.753 233.976 21.859
160 1768.648 243.15 22.065
161 511.386 260.718 24.172
162 1347.702 286.868 22.611
163 1900.544 231.056 22.508
164 696.589 276.255 24.324
165 3640.6 299.834 24.873
166 551.461 111.197 22.859
167 566.763 127.417 23.194
168 992.097 243.856 23.429
169 1116.447 282.503 24.95
170 521.226 237.04 24.386
171 2927.852 171.723 22.881
172 429.078 239.094 24.806
173 774.771 253.034 25
174 2593.181 249.609 24.903
175 1967.137 324.39 20.331
176 2821.58 303.103 23.864
177 170.478 122.191 23.577
178 714.965 186.361 24.792
179 4068.46 256.382 24.94
180 251.256 320.071 24.886
181 2829.823 268.537 23.949
182 1490.789 217.63 21.433
183 1453.873 191.519 24.274
184 2469.524 204.758 24.905
185 1351.944 314.996 24.299
186 1616.352 336.968 24.568
187 3861.948 137.426 23.907
188 3248.383 282.988 22.774
189 825.382 151.075 24.514
190 980.423 356.438 24.463
191 1754.395 285.322 23.466
192 761.546 233.671 24.235
193 694.46 321.669 21.502
194 64.087 298.497 23.203
195 896.837 215.239 22.074
196 502.35 429.68 21.489
197 2249.852 256.056 24.302
198 3158.983 154.139 21.687
199 458.441 323.87 23.432
200 4031.326 225.618 24.131
201 2962.295 264.883 24.541
202 2360.566 447.218 24.593
203 1587.044 288.94 22.389
204 2580.891 383.979 21.733
205 924.544 301.923 24.124
206 1146.939 248.896 23.159
207 68.016 357.582 22.329
208 1066.928 396.279 22.738
209 1818.215 151.256 22.967
210 3590.951 313.315 22.715
211 706.067 401.317 24.994
212 2881.573 256.888 23.801
213 727.693 381.282 24.046
214 2976.138 378.693 20.252
215 2310.19 327.047 22.562
216 3728.263 352.876 24.671
217 4035.22 406.931 23.201
218 1657.42 270.681 23.064
219 1320.846 364.863 24.728
220 614.68 271.104 24.076
221 767.615 430.837 24.322
222 3717.75 174.806 22.705
223 3706.239 160.264 23.779
224 1245.877 285.169 23.828
225 3987.504 323.441 22.266
226 2227.412 458.48 24.776
227 2684.673 173.457 23.41
228 3903.914 341.956 24.169
229 2606.257 303.107 24.223
230 1934.891 493.293 21.282
231 2351.751 473.956 24.531
232 1808.411 190.395 24.354
233 4167.637 313.67 24.047
234 1130.989 383.399 24.657
235 558.774 510.584 23.498
236 2418.132 362.761 21.105
237 2392.629 384.44 23.208
238 1559.658 490.218 22.724
239 200.495 396.162 19.134
240 233.85 448.687 23.425
241 6.388 522.217 24.603
242 1840.966 454.132 21.991
243 3464.369 356.257 24.806
244 2390.312 205.443 23.166
245 2662.132 528.877 24.023
246 2837.658 451.166 24.131
247 1888.714 417.77 22.888
248 2037.421 461.183 24.714
249 3289.752 431.229 24.838
250 3749.215 392.47 23.006
251 68.68 555.095 22.784
252 1149.802 444.105 24.508
253 256.374 545.484 23.523
254 2213.949 386.589 24.417
255 2505.304 456.799 24.1
256 1407.502 405.188 22.023
257 206.464 515.182 24.47
258 2476.481 401.841 24.444
259 2933.848 226.111 21.987
260 1526.289 557.109 23.519
261 885.206 414.433 24.867
262 3529.807 502.088 24.142
263 2253.304 441.364 24.509
264 3900.537 236.002 23.064
265 3631.073 439.35 23.588
266 1617.563 446.053 23.886
267 1016.332 571.755 22.26
268 3792.95 561.409 23.169
269 2784.51 464.021 24.667
270 4139.104 581.151 21.664
271 3967.374 183.705 21.702
272 3897.131 175.688 23.477
273 2517.183 248.185 22.899
274 1699.921 557.625 24.893
275 907.906 511.438 23.505
276 2996.351 585.871 24.012
277 1254.556 491.27 24.708
278 3265.03 251.405 24.696
279 1393.492 453.034 22.694
280 540.393 592.83 23.932
281 865.494 513.082 24.276
282 1598.969 527.507 23.265
283 2275.101 202.826 23.322
284 1439.282 578.499 22.076
285 141.408 533.66 24.606
286 2772.612 209.102 24.696
287 2891.182 631.771 24.078
288 2034.732 548.499 23.63
289 2406.582 543.391 24.507
290 2881.096 598.261 24.495
291 1852.424 227.09 23.904
292 2908.98 293.903 22.56
293 708.278 616.727 24.644
294 3111.414 239.821 24.264
295 669.47 474.303 22.114
296 2532.196 289.484 24.76
297 2043.078 360.636 18.31
298 3405.371 563.523 23.181
299 2508.754 636.639 24.332
300 2856.678 307.945 24.156
301 2725.5 656.256 22
302 1510.278 667.641 24.748
303 1822.749 343.675 24.034
304 1977.529 575.137 23.574
305 2832.963 685.171 24.248
306 632.338 338.769 24.269
307 105.191 509.633 23.547
308 334.543 666.669 22.649
309 3908.926 595.883 23.54
310 2356.732 354.749 24.518
311 2322.239 399.939 24.819
312 814.021 519.557 24.504
313 1972.4 733.439 24.251
314 1839.352 576.566 19.904
315 4131.886 371.636 23.973
316 3817.526 559.37 24.885
317 3689 616.547 23.594
318 1751.214 384.116 24.29
319 3223.783 547.404 23.169
320 3295.937 630.29 24.52
321 1133.12 752.596 22.535
322 2661.823 403.797 23.957
323 4181.77 644.902 24.734
324 3038.918 555.171 23.866
325 3369.615 263.422 20.912
326 633.868 424.267 24.119
327 3560.247 256.761 24.856
328 3587.163 567.692 24.37
329 2328.01 768.032 22.272
330 1504.575 263.989 24.635
331 4062.806 360.605 21.771
332 4073.85 417.742 23.192
333 4069.415 449.306 24.188
334 1050.436 583.102 23.148
335 4033.772 596.383 22.149
336 641.342 775.242 24.256
337 1339.285 343.058 23.717
338 1129.79 699.68 20.827
339 1312.314 785.405 24.925
340 3900.207 464.815 20.53
341 2688.524 300.897 23.311
342 1784.257 801.144 24.594
343 2597.993 448.765 23.048
344 1589.078 810.893 24.833
345 1424.475 686.348 22.095
346 1757.219 458.283 23.348
347 3078.771 458.671 24.451
348 84.776 719.669 23.294
349 2327.061 596.102 21.544
350 4039.003 466.713 24.73
351 3655.513 466.882 24.79
352 545.645 845.584 24.128
353 2727.379 331.572 22.43
354 908.26 863.213 24.166
355 3983.499 509.744 24.159
356 1937.792 747.989 21.874
357 1477.406 885.022 23.581
358 2153.955 514.847 22.843
359 3408.555 380.909 23.794
360 2044.527 895.721 24.48
361 2875.806 753.25 23.533
362 260.921 765.609 24.724
363 2499.375 522.024 23.055
364 2356.604 551.241 23.515
365 3335.785 915.36 23.781
366 2728.95 528.959 24.81
367 1554.318 692.191 22.778
368 1535.161 705.884 23.603
369 1216.49 703.056 24.779
370 2536.265 785.047 23.244
371 118.215 624.635 20.832
372 3162.75 377.813 21.158
373 2368.031 931.769 23.356
374 350.138 626.388 24.657
375 1183.898 808.415 24.633
376 1763.227 612.22 21.114
377 1735.589 617.717 23.608
378 2944.816 945.914 24.858
379 3628.767 389.143 24.413
380 1732.008 821.655 24.738
381 3512.331 642.914 24.624
382 2708.417 963 24.794
383 2284.863 406.715 24.792
384 2512.015 591.07 23.083
385 2764.555 584.75 24.387
386 3150.368 587.268 23.009
387 1964.1 984.598 24.684
388 3023.26 431.054 24.027
389 2156.927 589.139 24.402
390 3358.518 577.155 22.632
391 1340.092 620.533 21.831
392 1282.479 666.538 23.01
393 3428.365 1006.178 23.061
394 2565.177 598.254 24.9
395 3198.361 851.496 23.053
396 2008.766 624.097 24.706
397 2285.95 663.789 23.266
398 3127.808 1029.854 24.642
399 943.423 608.773 22.98
400 2528.247 675.453 23.936
401 1991.377 474.744 22.761
402 2005.736 1035.577 24.356
403 967.429 639.993 24.749
404 674.298 589.942 22.428
405 789.883 474.129 23.941
406 3563.203 887.742 23.311
407 2783.477 603.195 24.365
408 3636.852 493.813 24.929
409 2386.459 647.424 23.67
410 2815.346 645.184 21.724
411 1199.019 1060.976 23.144
412 3335.718 620.056 24.33
413 1125.093 655.056 24.827
414 3734.967 515.586 24.081
415 2587.319 721.617 22.118
416 529.001 904.458 23.707
417 575.23 738.677 21.783
418 550.311 721.31 23.205
419 3962.168 1066.723 23.429
420 23.602 727.845 24.642
421 3173.717 522.596 23.437
422 1652.213 742.904 24.05
423 165.891 682.037 22.264
424 3214.199 1089.513 23.723
425 993.772 541.715 24.757
426 2829.848 754.754 22.707
427 4046.417 902.754 23.967
428 112.728 768.624 23.801
429 1800.334 708.926 23.818
430 884.713 1113.002 23.907
431 2667.955 920.853 23.982
432 289.045 782.305 24.478
433 2093.764 563.303 22.7
434 1764.431 703.759 22.764
435 77.119 767.851 23.894
436 387.678 454.222 17.269
437 394.215 387.423 22.756
438 342.819 418.145 22.065
439 2905.121 929.914 24.548
440 1047.906 750.897 24.121
441 4112.012 637.84 21.899
442 4124.22 675.313 23.174
443 3563.173 566.474 23.736
444 3143.706 945.1 24.538
445 3180.425 789.785 24.515
446 3864.34 638.849 24.875
447 3694.942 584.916 24.457
448 2858.681 586.511 24.962
449 4159.851 822.864 22.74
450 3678.536 831.199 24.667
451 2892.332 846.121 24.872
452 3617.261 1161.886 21.232
453 274.507 428.678 20.656
454 3069.08 777.621 22.941
455 3071.219 747.588 23.629
456 3503.145 419.47 18.996
457 3464.961 452.108 22.426
458 276.298 1150.399 24.536
459 3174.92 756.331 23.873
460 50.66 427.084 23.973
461 3721.929 774.474 21.912
462 2250.333 1170.009 24.528
463 3099.98 768.741 24.405
464 1889.836 627.135 20.379
465 2307.882 441.283 24.441
466 1855.366 1020.255 21.072
467 1292.393 769.391 24.861
468 1481.329 455.371 23.716
469 3119.091 791.053 23.572
470 2739.595 414.902 23.075
471 236.93 1188.142 23.871
472 805.109 1020.329 22.85
473 3680.11 453.773 24.106
474 1500.698 794.472 23.173
475 956.458 876.26 21.608
476 1025.681 681.771 21.226
477 3909.13 800.327 24.872
478 1502.054 469.752 24.473
479 3272.85 1032.653 24.91
480 1346.631 888.259 23.985
481 314.03 817.502 23.636
482 430.539 679.256 22.021
483 473.264 722.876 21.868
484 1433.417 820.52 24.1
485 2456.987 486.625 24.015
486 1055.603 1051.811 23.971
487 2723.43 697.371 22.964
488 3128.706 843.833 23.782
489 2906.599 1062.539 23.99
490 1473.417 838.321 23.621
491 2598.129 1222.155 20.381
492 1383.309 847.464 24.233
493 450.256 867.895 23.45
494 3074.944 698.945 22.92
495 2248.373 721.291 23.636
496 634.428 666.505 21.239
497 2543.14 869.169 24.05
498 2297.171 720.288 24.568
499 3923.804 1086.019 23.379
500 785.346 897.349 23.63
501 676.224 651.269 22.78
502 2896.333 1092.901 24.786
503 2406.081 1241.157 22.796
504 3439.153 919.922 20.139
505 2928.23 832.176 21.826
506 2922.981 868.432 22.972
507 2970.741 818.423 22.815
508 2792.223 890.602 22.552
509 495.502 896.381 24.583
510 2552.045 508.818 21.527
511 2553.108 536.907 24.743
512 1741.92 535.733 21.112
513 3932.356 1138.491 22.916
514 1974.204 916.046 24.88
515 343.731 736.78 23.941
516 364.216 741.429 23.526
517 4106 506.273 24.453
518 172.712 947.952 24.005
519 3872.372 919.323 22.79
520 3203.546 510.094 23.778
521 3201.882 916.274 23.607
522 3200.236 940.805 24.262
523 2724.054 12.177 23.477
524 329.336 921.964 24.946
525 808.846 922.771 24.606
526 1215.736 529.896 23.287
527 819.798 1261.043 21.711
528 2405.927 838.394 21.652
529 1316.051 513.446 23.661
530 2277.23 835.141 24.529
531 297.889 549.102 22.969
532 4045.055 857.687 24.883
533 3292.573 532.946 22.991
534 2317.186 951.957 23.315
535 488.6 1292.026 23.576
536 3917.782 1007.641 22.79
537 715.929 797.847 22.118
538 3983.225 48.024 22.505
539 3699.781 956.445 24.986
540 3868.001 1312.702 24.7
541 289.089 1025.322 24.784
542 1291.815 898.762 22.637
543 3902.686 35.553 24.568
544 1361.745 552.161 23.194
545 133.79 900.803 24.827
546 1327.89 1038.021 24.711
547 3755.26 70.426 24.482
548 3018.68 809.142 23.112
549 2550.238 573.908 24.078
550 1148.519 994.134 22.866
551 3514.27 581.283 24.639
552 891.93 1345.496 22.589
553 2208.388 1066.484 22.953
554 3176.86 1010.483 24.607
555 3639.215 579.95 22.179
556 2106.229 599.493 23.994
557 184.102 1363.398 23.602
558 3063.488 878.485 23.749
559 1781.444 101.779 22.583
560 63.174 1039.516 24.076
561 3402.804 615.203 24.621
562 3679.137 1378.948 24.125
563 758.289 568.909 23.358
564 542.054 951.78 22.831
565 516.233 964.637 23.116
566 2104.31 890.894 23.866
567 3374.089 1400.968 24.547
568 521.111 635.851 23.231
569 4194.537 913.469 24.178
570 1919.504 966.402 23.847
571 1394.428 1415.738 24.871
572 1403.435 922.42 24.321
573 471.498 117.268 22.575
574 1496.89 585.943 22.576
575 297.866 1428.547 24.236
576 1205.69 941.927 24.699
577 335.649 582.731 24.835
578 598.905 947.388 19.855
579 1438.711 109.046 24.436
580 1471.06 1175.101 17.904
581 4167.275 998.136 22.48
582 2787.532 122.017 24.548
583 3125.015 609.274 23.428
584 941.151 939.292 23.376
585 1821.253 1160.343 23.498
586 1330.764 1462.712 24.284
587 441.505 629.415 24.848
588 1693.117 136.403 23.781
589 866.361 978.958 22.901
590 1574.035 1009.565 23.861
591 261.766 664.506 20.813
592 4080.839 947.508 24.393
593 323.812 1182.144 23.712
594 1401.561 987.895 24.72
595 1139.172 154.645 24.42
596 2041.549 983.618 24.654
597 1428.908 1014.073 24.346
598 738.091 998.66 24.304
599 2406.434 1013.945 24.766
600 2588.373 670.79 22.186
601 3031.893 1030.183 24.418
602 3919.679 1039.196 24.805
603 2365.768 1012.791 22.579
604 3338.837 688.747 23.468
605 2133.488 1017.996 24.945
606 4128.646 194.192 22.543
607 1712.97 1497.973 21.911
608 3572.076 681.663 20.584
609 3574.347 729.49 24.251
610 1419.391 1066.426 23.948
611 1291.997 1496.851 24.629
612 4156.284 679.041 24.755
613 1833.145 714.908 22.857
614 403.874 1061.613 24.894
615 4071.767 197.051 22.673
616 3778.751 1078.573 23.842
617 3898.779 719.705 24.657
618 3627.08 1078.866 23.835
619 2494.466 701.674 23.546
620 65.304 1540.939 24.517
621 720.889 1094.781 24.757
622 1534.807 208.768 24.326
623 296.635 1076.297 21.904
624 340.379 1097.441 24.893
625 2338.325 707.388 24.692
626 686.488 1090.446 24.429
627 4179.488 1123.392 24.205
628 3770.04 231.383 24.123
629 1779.427 1111.556 23.638
630 3048.731 737.847 24.52
631 3090.602 1111.003 24.849
632 285.571 754.305 24.41
633 1625.921 1148.275 24.564
634 769.005 1134.431 23.373
635 3845.258 767.187 24.408
636 985.514 1188.189 24.57
637 528.714 1147.656 24.105
638 3019.325 1144.068 23.826
639 2406.033 253.144 23.152
640 4188.187 1153.152 24.78
641 421.886 1211.564 24.865
642 3506.836 783.806 23.668
643 3397.313 774.168 19.181
644 942.827 1172.61 24.431
645 4109.838 249.12 24.717
646 4070.377 1226.5 24.959
647 3304.02 787.756 24.945
648 1887.63 1189.344 24.524
649 1465.735 259.403 24.431
650 3895.219 1176.281 22.919
651 283.817 1210.738 23.504
652 4165.694 1279.557 23.503
653 1873.728 271.341 23.667
654 2787.371 814.842 23.222
655 65.062 1220.763 24.688
656 4114.707 1306.154 24.372
657 475.235 292.893 23.911
658 3158.157 1235.295 24.521
659 1631.816 1202.733 23.177
660 2120.167 834.699 23.694
661 694.904 1336.062 24.023
662 992.583 1052.214 21.289
663 993.289 1017.927 23.634
664 1764.47 765.599 21.99
665 3754.576 1260.559 23.123
666 3176.451 1357.485 23.952
667 2672.405 1230.546 20.781
668 1975.993 769.279 24.106
669 2163.936 874.176 23.5
670 3751.568 1372.551 23.74
671 735.038 1271.829 23.786
672 2986.37 886.559 24.038
673 2369.692 786.023 24.038
674 1470.541 325.405 24.489
675 1476.202 301.924 23.807
676 2221.499 1392.296 23.358
677 758.555 1037.327 22.248
678 3844.189 801.053 24.945
679 160.402 1294.209 23.551
680 2897.905 1213.157 21.421
681 2981.14 1593.636 21.301
682 2967.807 1564.636 23.357
683 3004.376 1556.499 23.929
684 3242.006 783.22 21.952
685 3267.716 751.242 23.385
686 2234.067 1221.87 24.945
687 1767.91 1570.888 24.451
688 3074.941 319.333 23.632
689 729.55 1307.566 23.766
690 260.175 911.649 22.945
691 3328.975 836.381 23.454
692 892.113 1072.313 22.919
693 3201.375 1232.782 21.721
694 947.727 1321.667 24.505
695 870.257 1417.311 22.424
696 1495.253 1608.493 24.463
697 3893.389 762.637 23.296
698 453.841 1244.814 22.602
699 3992.263 828.576 24.088
700 2839.202 922.042 23.033
701 3938.13 1633.336 23.425
702 879.021 859.511 24.239
703 749.223 1455.425 23.644
704 1340.248 1353.879 22.508
705 1537.851 1250.125 23.249
706 1713.804 951.18 24.058
707 218.778 883.749 24.491
708 642.963 1456.859 24.356
709 698.775 1240.163 23.946
710 1861.394 1370.54 23.683
711 2979.385 1655.375 23.202
712 2555.926 1093.628 21.887
713 3638.014 992.734 24.044
714 2236.65 784.172 23.579
715 2257.444 784.365 24.142
716 83.47 1260.882 23.657
717 1633.206 898.262 23.017
718 3076.478 1491.853 24.231
719 1716.527 1092.471 24.214
720 1436.239 1260.552 22.047
721 2699.968 907.575 24.222
722 2711.681 1510.922 24.633
723 90.234 1111.213 24.673
724 313.226 1281.138 23.204
725 2482.4 809.373 24.032
726 2543.667 1270.051 24.55
727 3356.667 1126.199 24.818
728 1121.483 1524.393 24.416
729 680.7 922.528 24.472
730 4005.062 1285.397 24.84
731 3838.694 825.659 24.632
732 3471.316 1697.733 23.171
733 3910.438 934.876 24.072
734 2572.846 1143.896 23.884
735 2488.101 1302.644 24.375
736 12.27 1694.577 24.602
737 517.056 1543.92 23.945
738 1399.506 955.974 24.587
739 3303.671 1707.477 24.628
740 1229.086 1321.42 24.499
741 879.334 1158.175 23.575
742 2383.062 1551.9 24.035
743 3115.834 1315.089 22.301
744 3183.719 1718.985 24.28
745 275.536 987.519 23.776
746 2414.699 1172.96 24.849
747 1682.409 375.803 22.322
748 1669.825 341.319 23.784
749 3662.37 1338.597 24.377
750 3906.226 1322.183 24.733
751 618.024 1734.969 24.096
752 3234.304 1355.692 24.88
753 563.323 1002.064 24.608
754 1824.595 1191.04 23.785
755 3368.335 1572.698 24.078
756 3688.643 1578.847 24.814
757 4193.863 1339.975 23.611
758 268.032 1756.813 23.469
759 3008.864 1210.628 24.578
760 1738.267 1014.778 23.408
761 3731.91 1221.489 24.932
762 3768.784 1606.754 23.763
763 3376.514 1770.563 23.638
764 1131.796 1039.776 24.126
765 1265.593 1361.634 22.941
766 3597.18 1393.208 22.896
767 783.039 1240.018 23.723
768 2515.406 1402.823 24.814
769 2501.377 1783.861 23.966
770 676.068 1249.377 24.752
771 11.677 1075.578 22.363
772 17.304 1033.845 22.398
773 570.996 1057.6 22.971
774 2919.194 399.695 21.705
775 3081.415 1065.649 24.344
776 1459.03 1445.452 24.513
777 3503.408 1032.719 23.34
778 45.571 1798.363 23.137
779 2299.488 1077.514 24.897
780 838.081 1638.532 21.124
781 678.922 1462.234 24.856
782 161.121 1050.386 24.766
783 1242.172 385.846 23.506
784 2646.544 1822.203 24.453
785 1221.269 1394.344 22.079
786 2271.531 1438.686 20.482
787 2277.174 1392.58 23.803
788 997.977 1644.521 23.874
789 3582.676 1288.537 22.166
790 3329.406 1110.715 23.158
791 1429.36 1656.837 24.197
792 166.736 1395.44 23.898
793 1881.539 1847.363 23.79
794 73.996 1439.646 24.551
795 1901.089 1122.349 24.639
796 473.667 1067.086 22.511
797 582.412 1403.508 24.952
798 3064.799 1445.267 24.736
799 39.229 1141.608 24.583
800 930.383 1071.087 23.775
801 1128.356 1465.224 24.307
802 2552.491 1490.159 22.384
803 983.892 1295.315 23.271
804 1249.986 1677.96 22.458
805 3680.934 1091.526 24.733
806 3313.237 1486.132 24.329
807 3272.962 1689.813 24.983
808 3327.345 1298.545 24.722
809 2933.549 1703.768 24.765
810 4155.063 1157.609 22.871
811 4106.786 1506.261 24.477
812 3440.589 1320.3 24.891
813 2036.578 1442.526 23.06
814 662.077 1325.361 24.966
815 1117.406 1716.043 24.608
816 843.19 1160.25 24.312
817 230.012 1520.401 23.175
818 3608.852 1474.524 23.592
819 1564.123 1187.614 24.215
820 463.245 1529.27 24.935
821 2089.238 724.959 17.877
822 2178.516 668.345 23.224
823 482.915 1742.462 23.284
824 1422.665 1550.077 23.919
825 1705.338 442.92 19.28
826 850.363 665.804 24.247
827 1793.369 1491.189 22.596
828 2807.182 1204.719 23.691
829 3903.168 1752.259 24.088
830 2335.713 1509.191 24.734
831 4099.011 694.609 24.86
832 2265.771 1515.374 20.539
833 3644.413 1576.05 24.503
834 1928.172 1215.687 24.658
835 201.633 1144.227 22.017
836 3163.646 1521.574 24.837
837 3132.641 1758.344 24.409
838 1009.606 1143.798 24.658
839 1007.021 1516.873 23.74
840 3305.177 1241.047 24.43
841 2041.356 1774.64 23.517
842 1180.488 1557.147 22.54
843 1403.021 1528.096 23.25
844 2420.384 724.077 23.396
845 97.847 1560.109 24.871
846 1884.742 1542.491 24.322
847 4164.642 457.776 22.695
848 4058.776 739.727 23.587
849 1335.581 1788.366 22.813
850 841.484 1580.243 23.934
851 4049.476 1094.84 18.018
852 3984.953 1201.679 19.218
853 3988.579 1144.28 22.043
854 4086.023 488.347 23.435
855 1066.894 1619.335 21.422
856 2623.658 750.106 23.709
857 768.345 1789.491 24.551
858 2436.675 1576.211 23.492
859 3583.762 1065.023 24.573
860 819.958 767.162 24.727
861 1363.265 1617.606 24.263
862 3492.175 503.421 24.222
863 3331.704 1365.808 22.161
864 3340.381 1402.746 22.604
865 416.416 1171.566 20.667
866 969.1 1639.307 24.933
867 2422.402 1811.836 23.167
868 1408.134 781.406 24.601
869 3351.176 1622.083 22.654
870 1206.978 1593.836 22.575
871 3863.662 1187.431 23.899
872 1106.65 1658.166 24.141
873 1400.447 1629.786 24.122
874 1614.198 793.763 24.048
875 1213.048 1824.644 23.392
876 3369.574 1650.556 24.261
877 508.76 806.609 24.413
878 1136.278 1835.158 24.259
879 3728.79 1670.118 23.299
880 914.852 1622.942 23.487
881 125.521 858.766 20.363
882 82.925 897.142 22.234
883 1762.645 1629.345 24.972
884 233.773 1865.864 24.977
885 264.221 828.118 23.147
886 593.166 1674.068 22.862
887 94.717 1706.91 23.851
888 3682.717 859.026 24.781
889 2567.849 829.905 24.607
890 3435.343 1374.927 22.318
891 2612.174 1100.852 21.641
892 511.477 540.24 22.006
893 1442.441 1695.021 24.777
894 1995.86 1269.614 21.144
895 2168.921 1385.365 24.044
896 2586.11 1882.446 23.345
897 867.623 1696.213 24.19
898 3701.191 1713.741 24.021
899 2277.458 1887.584 24.985
900 2817.58 1399.189 24.271
901 1223.317 882.307 23.114
902 845.64 1908.105 24.656
903 3852.253 1726.808 24.56
904 215.527 1714.906 23.992
905 2668.413 1722.43 22.132
906 200 1284.109 24.189
907 29.496 868.978 22.098
908 1452.145 904.571 24.593
909 1087.281 1727.061 23.293
910 3870.827 543.043 22.99
911 3107.429 1735.554 23.757
912 2758.053 890.803 24.529
913 651.645 924.794 23.91
914 1525.453 1330.571 23.265
915 1321.631 929.887 24.671
916 3021.76 1942.409 21.327
917 3020.412 1872.295 21.391
918 2983.693 560.979 23.786
919 1710.383 1946.161 22.116
920 1175.852 956.596 23.555
921 1353.92 1206.745 21.811
922 2545.901 1865.409 24.442
923 721.31 1752.363 22.867
924 1958.996 1941.243 24.12
925 145.891 581.702 24.13
926 591.019 1347.167 22.516
927 3965.64 1874.396 24.453
928 3388.535 1952.804 24.363
929 766.437 1894.846 24.64
930 3257.002 999.082 24.637
931 2651.857 590.949 24.793
932 1421.374 1739.425 22.637
933 1431.485 1759.987 24.904
934 2346.03 1158.221 20.63
935 2175.504 1737.525 24.435
936 366.226 1009.955 24.319
937 3243.111 1144.113 23.863
938 318.032 1771.957 21.249
939 4150.839 1753.448 24.866
940 858.258 1974.523 23.729
941 2532.587 1224.603 22.904
942 3524.869 1382.519 22.451
943 3695.961 1026.264 24.342
944 3497.349 1780.896 22.737
945 1689.253 1766.848 24.744
946 3937.151 1927.02 23.277
947 324.241 618.14 22.786
948 2049.275 1370.749 24.869
949 862.617 1032.511 24.905
950 2573.294 1776.241 24.996
951 98.345 1783.777 24.956
952 3862.489 1225.208 23.507
953 1801.193 1776.735 24.102
954 3392.703 1986.569 23.626
955 2434.476 1788.128 24.831
956 3888.518 1396.835 24.387
957 3509.192 1154.916 24.435
958 3492.828 1147.275 24.9
959 1379.163 1782.535 24.586
960 3433.315 1233.854 24.928
961 1041.881 924.032 20.262
962 72.548 1932.321 23.486
963 1649.31 1796.529 24.513
964 1624.106 642.361 22.854
965 2884.948 2000.017 24.161
966 1751.945 915.723 24.455
967 3263.852 1805.396 24.158
968 1859.169 1258.282 22.996
969 3259.034 642.468 24.602
970 2159.121 1165.591 22.489
971 3618.373 929.422 24.988
972 2976.946 1061.926 22.211
973 3157.872 1429.897 22.756
974 1224.434 2016.591 23.506
975 3224.162 666.9 24.534
976 991.542 944.871 24.245
977 1359.314 1066.477 24.384
978 3725.017 681.811 24.961
979 1151.228 1077.811 24.44
980 2608.875 1274.672 22.797
981 2543.708 1815.669 23.893
982 2563.508 1818.015 24.838
983 2954.041 2036.775 23.786
984 2120.425 1830.261 23.589
985 1099.7 1283.466 24.691
986 3392.525 1825.716 24.806
987 949.161 1827.064 24.3
988 2737.356 1110.214 23.866
989 3004.41 992.081 23.191
990 2789.34 752.602 24.55
991 55.198 2063.963 24.145
992 2886.396 1435.833 21.408
993 385.151 1839.125 23.389
994 398.843 994.783 24.578
995 1659.769 1145.67 24.892
996 3935.375 1308.33 23.296
997 1755.133 1851.71 23.379
998 1725.838 1438.651 23.755
999 973.676 1857.927 24.789
1000 2577.905 786.089 23.055
1001 2829.873 1160.545 23.471
1002 884.334 2108.437 22.766
1003 3734.332 1860.114 23.474
1004 986.259 797.221 24.892
1005 137.342 1467.42 23.524
1006 1910.997 1874.185 23.927
1007 1613.38 1017.381 23.269
1008 3913.891 2124.247 24.44
1009 1700.228 1867.457 24.833
1010 874.279 1474.973 24.744
1011 142.019 821.12 24.988
1012 828.427 1836.761 21.433
1013 3569.449 1218.471 24.107
1014 2676.85 1817.839 24.506
1015 3284.036 1881.342 24.07
1016 1709.721 845.213 23.717
1017 2973.881 1231.978 24.882
1018 2345.392 1886.454 23.183
1019 1677.013 1335.614 21.496
1020 3002.286 2158.811 23.34
1021 255.218 1239.946 24.942
1022 1663.266 1839.034 23.894
1023 2493.022 1906.961 24.312
1024 833.33 1201.012 22.5
1025 590.317 1839.782 24.82
1026 3460.764 2179.921 24.045
1027 2321.288 1282.031 23.771
1028 3077.442 1944.832 24.982
1029 3430.343 1200.969 23.628
1030 3280.72 1341.649 22.469
1031 1155.062 1911.095 22.315
1032 4005.875 1350.953 23.994
1033 898.305 1296.035 23.685
1034 739.83 1232.702 24.758
1035 794.937 1873.723 22.857
1036 1005.668 1434.318 20.945
1037 948.852 1433.205 22.497
1038 928.836 1458.772 22.81
1039 2267.411 1306.551 24.34
1040 2872.455 1529.095 21.635
1041 995.378 1984.12 23.1
1042 2730.923 1367.138 24.391
1043 2170.419 1322.755 24.287
1044 739.985 1523.496 24.15
1045 1236.151 1989.289 23.726
1046 2220.253 1536.692 24.866
1047 3220.762 1267.029 23.431
1048 3409.096 1332.788 24.178
1049 1799.391 1958.648 20.819
1050 328.956 1896.749 22.868
1051 3577.525 1355.096 24.79
1052 3466.089 1283.434 23.147
1053 1336.183 1561.96 23.823
1054 2981.938 1291.748 24.938
1055 3293.087 1565.165 24.835
1056 3836.748 1906.672 24.013
1057 3361.347 1975.591 23.639
1058 933.577 1577.966 24.901
1059 4052.724 1924.026 24.137
1060 1774.468 1072.365 22.939
1061 1806.318 1038.995 22.747
1062 4170.919 1977.535 23.747
1063 207.953 1628.989 24.851
1064 3410.137 2220.077 21.331
1065 1447.097 1030.799 24.59
1066 14.215 1989.461 24.112
1067 80.124 1657.421 24.799
1068 2486.854 1939.451 23.273
1069 3723.715 2211.198 24.264
1070 2627.941 1402.738 22.873
1071 2644.318 1385.855 24.191
1072 1957.134 1045.244 24.164
1073 677.838 1984.401 23.378
1074 677.221 1943.872 22.736
1075 195.815 2236.417 24.583
1076 2356.594 1061.178 24.601
1077 3766.342 1677.011 23.934
1078 426.538 1388.892 21.225
1079 1568.939 1407.642 24.47
1080 3457.331 1944.249 24.614
1081 2692.735 2029.062 21.384
1082 253.329 1395.224 24.139
1083 29.334 1324.508 23.272
1084 57.274 1321.605 23.772
1085 720.482 2021.407 24.367
1086 1530.232 1968.941 23.342
1087 3496.336 1435.712 24.241
1088 3254.823 1077.838 22.317
1089 2729.54 1964.068 24.482
1090 733.565 1337.427 23.795
1091 575.276 1096.264 23.88
1092 441.332 1978.29 24.443
1093 1977.985 1459.762 23.161
1094 4195.101 1997.676 24.761
1095 366.43 2075.322 24.195
1096 3957.917 1979.331 22.448
1097 3288.55 1738.943 22.819
1098 39.192 2262.318 22.19
1099 114.014 1118.482 23.078
1100 1282.732 2010.458 24.127
1101 4094.148 1374.732 22.825
1102 130.664 1990.754 24.209
1103 2981.959 1753.103 24.018
1104 1731.551 2273.496 24.031
1105 524.397 2027.118 24.713
1106 1795.826 1138.324 23.682
1107 1062.906 1453.291 22.068
1108 1508.346 2279.31 24.899
1109 465.806 1482.65 22.226
1110 3261.165 1761.021 24.101
1111 3276.404 2015.779 24.118
1112 949.793 2042.763 23.557
1113 892.827 1380.542 22.997
1114 1326.891 2292.847 24.443
1115 1695.885 1158.564 23.895
1116 313.987 1490.618 24.235
1117 1136.379 2313.993 24.313
1118 2802.448 1780.607 23.858
1119 2519.891 1503.996 24.896
1120 1006.263 2040.324 23.818
1121 2865.593 1180.491 23.923
1122 243.569 1442.77 21.764
1123 271.659 1451.789 23.432
1124 1492.452 2077.539 22.541
1125 3111.329 2051.423 24.062
1126 348.124 1414.91 22.962
1127 503.292 1190.785 24.491
1128 1439.742 1785.923 24.115
1129 3660.659 1445.635 24.631
1130 662.825 1529.523 23.789
1131 925.659 1208.303 24.642
1132 556.038 1793.861 24.333
1133 1951.284 2032.589 22.938
1134 1955.59 2084.848 24.849
1135 1685.943 2070.603 22.883
1136 3186.916 1550.126 24.036
1137 2216.108 2018.73 24.742
1138 2467.446 1476.37 21.895
1139 2531.035 2099.071 21.329
1140 2555.513 2084.29 24.05
1141 2348.68 1483.633 24.419
1142 2461.832 1555.574 24.718
1143 1166.057 1839.638 24.742
1144 2727.3 2080.939 23.334
1145 4130.649 2341.452 21.737
1146 2358.677 2103.072 24.709
1147 1542.695 2051.429 24.881
1148 2198.609 1502.714 24.682
1149 4172.237 1472.587 24.736
1150 3084.201 1236.622 23.796
1151 2713.166 1426.436 22.844
1152 2945.148 2098.06 22.321
1153 3409.155 2107.06 24.397
1154 2429.677 1516.731 23.625
1155 1718.278 1588.726 23.629
1156 171.373 2072.433 23.133
1157 1644.809 2123.56 23.939
1158 51.393 2106.633 23.531
1159 41.15 1528.261 24.333
1160 965.063 2143.459 23.235
1161 2055.041 1597.17 23.811
1162 1323.911 2123.652 24.355
1163 79.862 1616.954 23.965
1164 3901.588 2152.651 24.082
1165 2173.518 2146.727 24.239
1166 3152.072 1864.276 21.825
1167 3806.057 2139.023 23.231
1168 4172.937 1644.677 24.991
1169 2897.369 2167.411 24.095
1170 27.905 1668.632 23.798
1171 3954.39 2173.434 23.588
1172 1474.005 2380.363 22.503
1173 776.676 2189.236 23.726
1174 1515.588 2160.49 23.02
1175 1508.676 1880.483 23.566
1176 3715.466 1472.494 21.182
1177 283.755 1704.259 24.793
1178 214.095 2203.162 24.95
1179 3098.464 1571.791 22.362
1180 2476.894 2162.605 24.685
1181 44.951 2207.798 24.221
1182 572.49 1277.856 21.3
1183 2170.038 2403.377 24.793
1184 143.661 1555.654 24.888
1185 3663.341 2225.518 24.716
1186 3922.423 1713.202 24.17
1187 1023.029 2183.931 24.959
1188 531.705 1569.158 24.99
1189 610.713 1257.752 24.605
1190 2688.405 1898.289 22.439
1191 232.462 2420.101 23.775
1192 3823.997 2251.006 24.074
1193 2204.72 1287.203 24.973
1194 3055.86 1736.094 22.488
1195 4062.821 2255.329 24.234
1196 4173.626 2431.975 24.479
1197 808.527 1515.595 22.424
1198 827.934 1490.888 22.868
1199 3530.218 1302.771 24.22
1200 1606.81 2100.525 21.554
1201 1287.061 1921.197 22.784
1202 1678.498 2464.836 24.401
1203 4179.878 1521.221 24.527
1204 4119.204 1925.733 24.618
1205 3874.634 1628.033 23.185
1206 2132.748 2280.347 23.355
1207 2292.208 1327.364 23.561
1208 1824.042 2486.304 24.426
1209 19.335 1746.49 22.908
1210 378.205 1540.329 24.407
1211 441.844 2216.53 21.898
1212 4072.716 2285.92 24.925
1213 3021.744 1631.648 24.297
1214 276.941 1550.275 24.993
1215 3636.644 1762.837 24.953
1216 3536.86 2513.268 24.155
1217 2547.594 1944.101 23.487
1218 1045.307 1340.192 22.893
1219 1164.043 1349.797 24.901
1220 1734.485 2303.617 23.381
1221 1981.795 1575.149 23.058
1222 1658.947 2324.547 24.908
1223 174.31 1986.712 24.384
1224 1238.797 2273.821 21.384
1225 1855.521 1580.243 24.76
1226 1592.55 1663.16 22.285
1227 2137.184 2341.276 24.102
1228 827.04 1379.741 23.443
1229 1101.517 1796.076 22.811
1230 548.95 2118.67 21.235
1231 3232.581 2254.899 23.834
1232 271.352 2348.216 24.464
1233 3638.453 2114.133 24.082
1234 3034.583 2371.081 23.935
1235 1599.451 1799.06 23.465
1236 240.107 2531.041 20.844
1237 2207.558 2125.732 24.757
1238 1918.868 2394.249 24.974
1239 519.745 1798.088 24.509
1240 2730.285 2407.498 24.847
1241 2296.698 1622.492 22.072
1242 3549.906 2545.106 23.508
1243 1663.979 2019.078 21.389
1244 1933.691 2274.965 22.968
1245 2123.042 2181.517 23.809
1246 1882.384 1684.012 20.816
1247 949.586 2015.399 24.84
1248 652.065 2439.12 24.937
1249 3070.267 1620.13 23.592
1250 2635.852 2246.896 21.196
1251 576.556 1639.37 24.909
1252 2382.313 1682.349 24.671
1253 1897.397 2251.414 24.927
1254 2155.163 2206.925 23.014
1255 2658.624 2572.37 22.874
1256 161.037 2036.034 22.317
1257 1561.651 1697.586 24.04
1258 1477.471 2219.849 24.479
1259 2247.038 1679.293 23.473
1260 573.267 2585.123 24.444
1261 534.869 2471.428 23.054
1262 2128.12 1717.833 24.092
1263 249.27 2071.073 24.753
1264 1556.026 2298.292 22.46
1265 2197.752 2479.817 24.616
1266 2359.927 1729.687 24.817
1267 435.551 2289.204 23.054
1268 915.261 2280.574 24.905
1269 2476.627 2494.922 23.467
1270 1831.298 1731.056 23.233
1271 3258.773 2295.205 23.79
1272 3996.754 1400.194 22.68
1273 4018.451 1441.923 23.862
1274 4150.139 2507.698 24.953
1275 698.206 1732.599 24.438
1276 46.464 2304.775 24.752
1277 75.769 2296.033 24.687
1278 2585.543 1404.918 24.968
1279 402.611 1746.755 24.879
1280 1258.083 1750.882 23.094
1281 2239.498 2321.873 24.57
1282 1861.532 2541.072 23.597
1283 2834.669 1419.565 24.47
1284 845.556 2125.595 22.912
1285 1719.287 2593.98 23.753
1286 1711.056 2608.054 23.765
1287 2206.817 2564.537 24.903
1288 1830.41 2114.734 24.598
1289 3812.28 1761.163 23.169
1290 4183.195 2347.227 23.45
1291 1572.771 2612.311 23.727
1292 52.244 2341.2 23.038
1293 1063.493 1764.38 24.062
1294 1491.253 2598.513 23.785
1295 3662.51 2349.094 24.246
1296 2980.953 2625.459 24.352
1297 425.919 1462.052 22.618
1298 395.794 1781.492 24.68
1299 501.545 2374.89 24.455
1300 447.972 2603.465 24.028
1301 2917.429 2251.973 22.064
1302 2931.984 2287.161 22.729
1303 2799.04 2169.56 23.243
1304 355.683 1782.838 24.816
1305 2920.713 1863.509 20.902
1306 2931.378 1823.241 22.286
1307 2907.906 1841.453 24.759
1308 2920.785 2647.721 23.78
1309 2855.885 1788.301 22.207
1310 3169.28 2255.086 23.881
1311 2318.131 1458.008 23.417
1312 2465.799 1841.037 24.981
1313 1268.569 2183.3 23.289
1314 2004.458 1772.87 23.985
1315 1506.28 2658.122 24.058
1316 2306.613 1860.139 23.42
1317 3465.358 1834.948 23.852
1318 435.751 2671.473 23.538
1319 2414.376 1865.789 24.909
1320 2429.768 2342.422 23.379
1321 2432.172 2364.028 23.905
1322 1945.725 2219.927 23.405
1323 956.475 1795.577 24.611
1324 149.517 2293.898 23.12
1325 1841.373 1840.581 24.1
1326 300.182 2235.881 24.61
1327 931.915 2390.724 23.842
1328 2767.202 2718.784 22.661
1329 611.768 2256.529 24.529
1330 3886.757 2297.693 24.084
1331 3863.168 2354.862 23.469
1332 1553.65 2424.138 24.782
1333 864.561 2717.638 24.896
1334 1010.282 2314.126 24.856
1335 1385.836 1814.381 23.491
1336 1570.892 2370.157 24.884
1337 224.629 2341.125 24.386
1338 2971.495 1834.274 24.511
1339 504.225 1865.313 22.338
1340 2523.644 1889.419 23.242
1341 2521.61 1923.047 23.657
1342 494.766 2633.062 20.761
1343 655.938 1846.262 24.943
1344 727.314 2444.641 23.195
1345 1430.098 2284.97 22.976
1346 690.759 1870.436 24.275
1347 3922.791 1872.456 24.966
1348 3776.263 2275.524 24.878
1349 2227.382 2641.191 23.819
1350 3300.465 2409.172 23.505
1351 1700.246 1895.652 24.909
1352 2328.042 2647.919 24.13
1353 374.251 1913.939 24.861
1354 272.17 2757.677 21.151
1355 2276.381 1927.464 22.688
1356 2960.355 2763.776 24.485
1357 287.272 1932.216 24.833
1358 3427.956 1937.196 24.519
1359 3366.22 2432.952 22.786
1360 3707.201 2668.183 24.501
1361 618.49 2433.123 23.912
1362 4021.534 2780.658 24.728
1363 3813.576 2464.796 21.84
1364 2296.933 2690.842 24.091
1365 2654.035 1486.196 22.744
1366 352.245 2439.645 23.487
1367 3904.586 1497.77 19.465
1368 3877.926 1519.221 22.558
1369 3895.462 1452.907 22.869
1370 1635.281 1890.436 21.708
1371 3766.916 1969.595 23.54
1372 2629.437 1950.098 24.068
1373 1886.823 2443.008 23.996
1374 2187.521 2456.177 24.764
1375 3465.656 1462.668 24.378
1376 62.369 1969.648 22.995
1377 1767.169 2470.328 23.401
1378 209.48 1476.419 24.581
1379 1681.571 2812.219 22.838
1380 1598.184 1508.375 23.48
1381 1291.56 2717.508 21.846
1382 3471.657 1976.373 23.981
1383 3750.358 2494.998 22.339
1384 1887.039 2807.098 24.375
1385 258.68 1507.408 24.126
1386 1106.563 2712.628 24.781
1387 2153.767 1995.058 24.496
1388 1090.183 2314.097 20.776
1389 2774.409 2826.883 24.732
1390 391.038 2499.104 23.865
1391 41.611 2007.89 24.286
1392 3107.613 1523.74 22.988
1393 2867.327 2502.435 22.662
1394 1895.682 1977.647 21.52
1395 3383.545 1496.746 23.09
1396 1047.634 2851.404 23.885
1397 4067.085 2028.505 24.068
1398 2771.513 2510.626 24.096
1399 457.891 2035.166 24.964
1400 4173.485 1896.995 19.959
1401 550.571 1533.599 23.696
1402 3760.132 2531.681 24.467
1403 1907.524 2548.832 24.188
1404 2837.713 2055.784 24.434
1405 422.404 2870.475 22.559
1406 2674.102 1551.579 24.027
1407 1038.856 2546.984 22.504
1408 3415.502 1533.221 22.639
1409 995.749 1891.412 22.585
1410 3074.36 2078.69 23.371
1411 3722.335 2345.075 21.589
1412 2492.967 1522.933 24.862
1413 3325.176 2334.337 24.974
1414 2652.345 1534.758 24.543
1415 360.655 2098.811 24.984
1416 2482.096 2882.947 23.127
1417 3333.477 2580.398 21.907
1418 3464.269 1912.108 23.449
1419 2950.63 2343.014 24.719
1420 341.912 2519.368 19.664
1421 1200.526 2362.813 24.607
1422 2040.256 2568.736 21.436
1423 548.177 2895.184 24.011
1424 791.496 1942.655 24.089
1425 3809.27 1570.399 21.797
1426 2479.056 2596.158 23.767
1427 3970.208 2503.693 24.987
1428 1822.251 1576.594 24.705
1429 923.489 2581.219 22.305
1430 1341.507 2916.198 23.721
1431 2305.583 1986.213 21.626
1432 1102.201 2592.874 24.827
1433 493.958 2926.887 24.234
1434 4174.079 2556.51 23.847
1435 3912.445 2394.978 23.036
1436 3268.231 1967.429 23.028
1437 2683.638 2625.762 23.31
1438 3145.599 2568.686 24.681
1439 2744.588 2018.019 24.941
1440 2078.748 2949.004 24.137
1441 2087.795 2404.213 24.655
1442 708.214 2579.158 24.643
1443 3415.292 2038.238 23.957
1444 3241.431 2140.603 20.753
1445 2145.349 2437.259 24.029
1446 3770.303 2966.913 23.569
1447 2513.491 2452.595 24.771
1448 2142.892 2055.246 24.031
1449 1261.327 2140.798 23.785
1450 3474.733 2627.123 21.473
1451 695.773 2471.32 24.442
1452 3445.703 2066.249 24.08
1453 996.377 2995.76 23.453
1454 3612.055 2153.705 24.024
1455 344.017 2620.116 24.768
1456 452.814 2498.376 23.555
1457 2243.949 1983.786 22.201
1458 3185.94 2645.809 23.612
1459 1266.383 1985.173 24.2
1460 134.643 2521.932 24.799
1461 823.64 2650.051 24.485
1462 2342.198 2175.917 23.393
1463 2766.687 2672.942 24.781
1464 2262.954 2567.624 23.954
1465 311.405 1594.033 20.575
1466 352.521 1603.736 22.915
1467 1716.995 2192.8 22
1468 195.349 2029.812 24.039
1469 201.257 2012.562 24.51
1470 4175.565 2719.213 22.462
1471 2422.185 2206.186 24.215
1472 210.12 3047.375 21.53
1473 2845.519 2632.869 20.823
1474 2821.505 2628.207 24.992
1475 2590.434 1590.263 22.385
1476 310.728 2718.801 24.987
1477 3728.379 2622.166 21.861
1478 737.815 2229.47 23.791
1479 857.072 2041.229 23.425
1480 652.757 1612.037 23.612
1481 3908.165 2736.368 23.804
1482 1800.706 2599.793 20.843
1483 1180.141 1652.66 20.377
1484 241.003 1632.249 24.729
1485 777.924 2638.155 22.177
1486 1241.655 2763.687 24.668
1487 1590.316 2056.473 24.004
1488 3006.704 2250.928 22.656
1489 2999.205 2596.371 23.481
1490 3471.836 1644.306 24.761
1491 1891.064 2647.324 24.424
1492 3325.172 1637.201 23.952
1493 4051.43 2795.281 24.926
1494 3801.421 2608.036 23.932
1495 598.465 2671.947 23.389
1496 1976.196 2628.047 23.651
1497 3356.767 2810.686 23.398
1498 2771.733 2285.425 22.526
1499 410.265 1659.157 23.284
1500 1887.275 2074.69 21.972
1501 633.428 1666.512 24.54
1502 3859.978 2643.524 22.672
1503 244.614 2625.905 20.984
1504 4046.337 2149.545 19.278
1505 2082.787 2078.307 24.221
1506 1784.96 1685.948 24.878
1507 739.512 2696.249 22.551
1508 2161.027 1678.089 22.629
1509 1441.61 2663.175 24.02
1510 3958.153 2128.185 24.039
1511 59.894 2828.592 23.043
1512 527.041 2786.59 16.842
1513 1313.503 1676.92 24.504
1514 2076.268 2681.832 24.989
1515 1969.331 2830.667 24.617
1516 1783.562 3042.07 19.701
1517 1793.419 2758.711 23.663
1518 3115.035 2716.99 23.098
1519 424.07 2768.366 24.472
1520 3735.628 2865.534 23.757
1521 306.741 2303.237 20.639
1522 3327.362 2726.464 22.073
1523 2743.366 1692.701 24.347
1524 2735.45 1708.261 24.477
1525 1806.29 2302.093 24.663
1526 2831.831 1705.859 24.809
1527 918.773 1712.745 21.4
1528 826.42 2729.434 24.495
1529 3749.147 2111.156 21.644
1530 4072.657 1717.914 23.673
1531 1289.672 2877.159 23.266
1532 903.489 2742.933 23.594
1533 635.824 2881.906 24.85
1534 2471.856 2805.271 21.901
1535 1737.891 1730.95 23.387
1536 2085.895 1727.742 24.294
1537 674.966 2904.436 24.878
1538 2890.829 2144.676 24.489
1539 477.948 2171.365 22.823
1540 484.68 2154.155 23.514
1541 2853.862 2770.66 23.419
1542 2763.807 1737.566 23.817
1543 3758.65 2928.356 24.642
1544 2071.635 2810.372 23.972
1545 1984.508 1740.778 24.381
1546 182.863 2158.579 24.226
1547 2269.968 2198.712 24.189
1548 346.247 2785.402 23.72
1549 2318.161 1754.997 23.158
1550 351.594 2178.541 24.583
1551 2213.684 2348.494 21.496
1552 62.87 1758.321 24.171
1553 2796.904 2795.176 24.944
1554 105.241 2812.101 24.641
1555 3589.071 2184.56 24.712
1556 428.918 1769.523 24.419
1557 2301.344 2344.396 24.629
1558 2382.536 2949.904 23.41
1559 3065.412 2713.069 23.907
1560 3053.695 2731.883 22.963
1561 986.611 2230.608 23.434
1562 1393.486 2213.863 24.47
1563 2524.564 2823.042 23.028
1564 1227.245 1780.446 23.846
1565 261.696 2834.865 24.074
1566 704.347 2729.984 24.369
1567 3377.138 2961.549 23.911
1568 3575.713 2826.973 24.774
1569 1167.988 2981.87 24.807
1570 1198.8 2838.579 24.928
1571 1023.017 2362.189 22.361
1572 2564.65 2761.68 23.938
1573 1775.133 2256.749 23.848
1574 2069.047 2252.526 22.273
1575 2849.498 2856.342 22.823
1576 3573.986 1799.211 22.855
1577 3359.681 2854.563 24.465
1578 650.711 2270.15 24.361
1579 2348.387 2254.688 24.678
1580 1884.634 1780.795 24.355
1581 2774.997 2866.175 23.654
1582 1527.344 1803.295 22.654
1583 3303.433 2774.885 23.537
1584 811.118 2281.053 23.159
1585 176.837 2879.868 23.753
1586 1559.941 2881.73 24.507
1587 2023.907 2279.954 23.841
1588 2013.892 2289.073 24.196
1589 506.221 2286.678 23.733
1590 2705.562 2791.852 23.13
1591 2062.531 2290.184 24.764
1592 618.613 1821.314 23.002
1593 964.972 2300.79 24.016
1594 3611.717 2800.897 23.694
1595 490.077 2314.822 23.836
1596 868.765 2341.002 23.88
1597 2167.225 3037.016 20.9
1598 2397.161 2820.579 22.284
1599 3623.992 2328.896 23.728
1600 270.745 2383.568 22.641
1601 303.775 2379.145 23.771
1602 3088.612 3020.904 24.75
1603 1454.355 1821.754 22.407
1604 3377.343 2917.324 22.468
1605 847.778 2362.517 24.233
1606 382.428 2394.736 24.994
1607 3834.524 2828.397 24.247
1608 3164.467 2377.211 24.831
1609 1001.37 3039.454 23.851
1610 2827.714 2403.081 24.47
1611 3859.091 1842.455 23.749
1612 3255.03 2834.801 24.147
1613 785.46 2355.629 22.533
1614 2614.392 2412.254 23.561
1615 2937.421 2942.031 23.522
1616 4064.604 2420.648 24.37
1617 4059.31 3045.625 24.364
1618 2782.536 1845.176 24.516
1619 488.418 2350.052 24.263
1620 3467.315 2858.176 24.177
1621 1111.196 1856.363 24.192
1622 1458.386 2442.71 24.721
1623 1709.895 2438.291 24.541
1624 2677.647 2455.662 24.918
1625 1800.812 2373.347 23.865
1626 4151.67 2908.397 23.023
1627 4190.677 2894.151 22.833
1628 1909.37 3082.02 24.363
1629 3659.104 1813.124 20.652
1630 3841.665 3004.771 23.487
1631 1973.361 2477.883 24.991
1632 837.056 3098.844 24.774
1633 827.38 2866.162 23.271
1634 3032.285 1813.008 23.549
1635 3219.555 2924.538 24.79
1636 2265.759 3090.012 19.589
1637 2232.962 3042.335 23.58
1638 1912.099 3120.825 23.888
1639 2549.057 3028.496 23.523
1640 3633.106 2501.515 23.949
1641 2898.116 2947.414 24.763
1642 3952.237 3044.065 24.966
1643 1006.854 1825.144 23.298
1644 2872.178 2915.557 22.627
1645 1734.454 2970.424 24.266
1646 4025.371 2517.424 23.627
1647 1567.282 1832.585 24.94
1648 3688.817 2991.061 24.773
1649 695.112 2918.767 24.203
1650 3026.344 2465.918 21.877
1651 3569.087 3008.693 24.711
1652 3337.58 3165.865 23.679
1653 4081.572 1880.816 21.532
1654 3313.099 1849.977 24.213
1655 1171.4 3023.666 24.694
1656 2836.799 2459.964 24.108
1657 2392.326 3067.988 22.796
1658 1414.339 3077.391 23.006
1659 2157.92 2555.286 24.293
1660 1038.873 2487.031 24.904
1661 291.826 3173.92 23.713
1662 1136.784 2569.641 24.938
1663 1072.205 3051.067 24.28
1664 2417.301 2502.786 24.993
1665 3546.995 2951.593 22.998
1666 1469.674 3199.734 24.718
1667 3083.012 1882.487 24.284
1668 3061.81 1883.932 24.309
1669 1525.146 2522.038 24.309
1670 3821.181 2948.741 23.601
1671 1927.705 2598.679 24.621
1672 1550.18 3079.402 23.167
1673 1368.904 3215.028 24.004
1674 3793.385 1871.271 22.444
1675 3700.256 1904.922 23.894
1676 3617.548 2544.365 24.011
1677 2789.619 1872.378 24.837
1678 656.204 3231.66 23.889
1679 1260.741 2980.16 23.484
1680 920.794 2695.156 20.837
1681 979.132 2709.77 21.883
1682 931.1 2640.028 22.024
1683 3635.062 1922.122 23.913
1684 715.831 3083.685 23.76
1685 706.174 3100.423 24.011
1686 663.084 1896.433 24.654
1687 1548.945 2570.02 24.542
1688 96.153 2646.796 24.448
1689 1224.032 1948.2 24.251
1690 1474.443 3006.774 23.267
1691 167.498 3105.5 22.459
1692 1746.418 2670.085 23.718
1693 2839.232 1963.194 24.728
1694 2058.536 3107.825 23.416
1695 2796.896 3015.449 22.892
1696 4022.224 1975.308 24.59
1697 156.759 3145.238 24.995
1698 3490.409 2687.831 22.866
1699 1293.54 3122.441 23.016
1700 589.356 3164.266 24.863
1701 3108.162 2619.031 23.211
1702 3091.835 2645.056 23.646
1703 3472.067 3087.795 20.993
1704 1115.329 2013.2 24.273
1705 2554.896 2635.83 24.128
1706 4100.423 3029.045 22.471
1707 2427.672 3197.227 24.798
1708 3839.881 3082.602 24.988
1709 27.566 2651.372 24.918
1710 822.626 2602.835 22.003
1711 76.367 2030.647 24.075
1712 2314.937 2595.674 24.788
1713 3041.999 3063.537 24.159
1714 3331.609 3223.761 22.909
1715 1866.826 2039.532 24.165
1716 1393.744 2673.366 23.733
1717 2564.526 2607.657 24.084
1718 1050.12 2057.208 24.365
1719 2774.76 2421.93 20.88
1720 2789.709 2391.455 23.32
1721 2735.498 2440.414 22.633
1722 2537.492 3163.191 22.692
1723 2429.395 2707.181 24.802
1724 2762.739 3098.985 24.465
1725 155.754 2626.778 24.275
1726 521.458 2414.478 23.95
1727 784.504 2720.072 24.002
1728 2873.552 3259.724 21.215
1729 2876.959 3300.919 22.557
1730 4171.478 2082.773 23.093
1731 4049.871 2733.247 23.454
1732 3140.855 2645.839 23.411
1733 3289.632 3160.186 22.616
1734 3658.654 2089.457 23.64
1735 8.56 2461.54 22.79
1736 3470.221 2757.082 23.666
1737 1482.024 2459.459 23.907
1738 2805.175 2106.196 22.975
1739 1642.765 2779.873 23.095
1740 1786.619 2666.677 22.743
1741 168.969 1928.895 19.799
1742 126.962 1932.293 23.571
1743 2943.51 2801.622 24.718
1744 300.994 2673.866 24.988
1745 832.575 2702.436 24.281
1746 407.537 2143.497 23.236
1747 1215.42 2486.766 23.409
1748 4123.58 2811.694 23.549
1749 3158.109 2711.991 24.385
1750 2343.346 1940.491 23.282
1751 3913.563 2510.191 24.09
1752 1846.9 3130.12 19.566
1753 1775.733 3290.83 22.545
1754 1784.194 3260.183 22.408
1755 2991.969 2731.906 20.775
1756 2947.25 2727.688 22.495
1757 734.006 2836.088 23.576
1758 3066.323 2550.141 24.601
1759 106.975 2567.936 24.934
1760 943.478 2841.847 24.662
1761 398.245 3286.838 19.929
1762 1357.761 2735.991 22.636
1763 785.412 3133.538 22.223
1764 773.14 3167.013 24.394
1765 1159.464 3133.505 23.321
1766 3412.909 3126.013 24.262
1767 882.724 2867.985 24.385
1768 21.849 3153.441 24.355
1769 347.818 3191.182 21.353
1770 2672.52 2735.411 22.433
1771 2868.633 3147.839 24.654
1772 379.318 887.521 18.631
1773 1668.754 2751.162 23.47
1774 1129.921 3167.843 24.034
1775 983.388 2595.049 22.825
1776 2861.815 3180.269 24.854
1777 229.459 3205.008 23.217
1778 377.936 2767.27 24.115
1779 698.202 883.628 23.378
1780 2896.251 2602.884 24.003
1781 981.825 3197.081 24.537
1782 2910.361 3190.291 23.334
1783 3092.267 892.128 24.453
1784 1612.793 2786.789 23.944
1785 398.367 1966.742 19.817
1786 2691.358 3203.139 24.978
1787 2481.478 2632.38 24.14
1788 3389.943 3281.214 20.804
1789 1972.872 2795.432 24.93
1790 4165.075 3248.102 24.827
1791 2733.816 3221.929 24.378
1792 2237.376 921.712 24.695
1793 2361.789 2901.812 20.623
1794 956.347 3287.242 24
1795 3156.086 3243.045 24.566
1796 2144.558 2819.758 24.565
1797 1933.329 3221.396 21.838
1798 2691.754 1971.041 23.314
1799 1343.261 2833.708 24.742
1800 1225.381 2656.12 23.781
1801 2193.573 3274.361 22.419
1802 926.066 3271.27 24.712
1803 3869.372 3229.762 24.612
1804 3111.596 2195.408 21.684
1805 3069.934 2174.124 23.296
1806 3126.081 3308.686 23.288
1807 3324.279 954.715 21.915
1808 1849.372 2672.274 23.589
1809 1506.696 3309.379 24.246
1810 1297.26 3248.975 22.782
1811 2926.869 3287.713 23.466
1812 815.144 1985.614 23.022
1813 4126.167 2687.068 24.036
1814 1296.571 3309.21 23.479
1815 2314.811 2777.74 21.124
1816 2557.622 992.853 23.348
1817 705.478 3302.824 24.382
1818 736.841 1984.952 24.458
1819 567.578 3319.825 24.452
1820 2392.118 2713.936 24.159
1821 1204.397 3332.139 23.258
1822 2091.499 3315.643 24.417
1823 596.297 997.706 23.955
1824 3712.725 2004.599 24.036
1825 1729.996 3259.078 22.877
1826 8.647 3350.882 24.527
1827 3023.404 2785.307 23.711
1828 500.895 3274.661 24.462
1829 2900.153 2718.667 23.523
1830 106.79 3338.406 22.788
1831 2927.177 2188.969 22.684
1832 2956.287 2201.237 22.855
1833 3436.135 3375.695 24.05
1834 3225.886 2205.664 24.699
1835 634.548 3384.714 24.79
1836 1456.631 2796.922 23.229
1837 3681.16 3299.553 23.422
1838 3793.432 2019.912 22.324
1839 4037.659 3396.204 24.218
1840 2246.438 2231.202 22.731
1841 916.994 2029.278 24.954
1842 2437.442 3355.005 22.536
1843 3681.21 2258.066 24.663
1844 2836.145 3443.224 23.05
1845 657.631 2848.657 23.408
1846 3748.876 3459.784 24.471
1847 3551.382 3376.945 21.877
1848 1863.623 2850.781 24.643
1849 3167.395 2081.04 22.517
1850 3371.065 3369.375 20.158
1851 962.985 3480.064 24.52
1852 3593.628 2081.021 23.575
1853 4145.074 3487.628 24.748
1854 1708.873 3361.968 23.444
1855 2851.508 2297.315 21.641
1856 565.809 3389.846 22.593
1857 1270.506 3369.64 24.757
1858 1423.392 2946.807 21.11
1859 1450.54 2910.698 23.985
1860 1853.65 3393.391 24.841
1861 117.384 2875.789 23.187
1862 3233.316 2878.928 24.794
1863 2588.581 2098.773 24.443
1864 3196.169 3302.712 19.784
1865 28.529 3424.995 23.292
1866 423.414 3408.368 23.044
1867 3541.826 2114.762 24.727
1868 1547.524 2774.759 20.347
1869 1633.553 2299.071 21.996
1870 2311.644 2925.336 22.845
1871 3080.881 2934.845 24.976
1872 2625.362 3458.426 24.952
1873 3519.468 2764.239 24.925
1874 3299.285 3312.494 23.376
1875 1215.46 3424.361 23.632
1876 344.251 2956.816 24.884
1877 2343.264 3326.994 24.132
1878 3809.797 2790.694 23.762
1879 3947.455 2978.739 24.354
1880 2519.267 3483.858 23.443
1881 1717.619 2800.853 24.871
1882 2264.441 3452.512 23.643
1883 2302.77 3005.215 23.427
1884 1219.155 2157.678 21.816
1885 2111.155 3473.602 24.462
1886 1899.088 2924.267 22.32
1887 155.208 3546.483 23.33
1888 145.699 3517.693 23.127
1889 3741.677 3021.788 24.543
1890 574.752 3497.041 24.347
1891 3865.677 3500.321 22.578
1892 3583.823 2919.199 23.867
1893 199.444 3537.232 24.06
1894 3388.941 2155.46 23.599
1895 311.304 2844.487 22.714
1896 2693.179 3552.21 24.569
1897 3317.154 2937.554 23.932
1898 3343.042 3554.433 24.507
1899 1926.199 3565.749 24.409
1900 100.974 2186.232 22.749
1901 897.349 3587.902 23.695
1902 2708.779 3008.469 22.755
1903 4154.901 3035.543 22.818
1904 4172.845 3052.934 23.473
1905 491.483 3010.692 24.102
1906 2458.138 3609.76 22.944
1907 3989.515 2229.469 23.344
1908 3937.94 3021.676 24.835
1909 3585.324 3615.602 24.863
1910 1117.165 2884.429 21.72
1911 116.789 2247.923 23.714
1912 2127.811 2879.411 24.95
1913 50.02 3049.52 23.517
1914 1365.831 3600.876 20.958
1915 2715.635 2289.099 23.584
1916 3041.355 2889.862 18.462
1917 3016.325 2952.909 21.88
1918 160.211 3383.368 21.126
1919 177.839 3352.18 23.567
1920 241.707 2292.803 24.237
1921 621.977 2859.104 24.312
1922 2643.358 2317.446 24.929
1923 2579.759 3364.501 24.486
1924 2720.746 3645.447 22.77
1925 2746.62 3642.491 23.678
1926 1501.429 2875.091 24.449
1927 3580.772 2337.571 24.137
1928 2587.684 2886.896 24.433
1929 1561.407 3594.87 21.822
1930 3340.204 3091.8 23.751
1931 3342.642 3081.443 24.528
1932 1408.604 3668 24.927
1933 1682.267 2345.859 24.415
1934 2813.197 3601.526 24.243
1935 1880.111 3693.723 24.169
1936 1301.571 2367.139 24.605
1937 3110.007 3098.703 23.662
1938 2036.82 2916.661 22.615
1939 1527.892 3402.787 21.679
1940 1364.695 3058.858 21.279
1941 2687.548 3629.73 22.778
1942 3143.338 2929.801 24.185
1943 51.766 3120.163 23.512
1944 3177.554 3131.204 24.988
1945 3874.741 3640.839 23.424
1946 1359.883 3152.503 24.964
1947 2588.526 3558.749 20.185
1948 1347.897 3441.92 23.282
1949 1950.308 3721.829 22.908
1950 3209.327 3457.648 24.525
1951 2961.551 3101.358 23.412
1952 1286.895 3174.204 23.6
1953 910.179 3559.619 24.273
1954 2653.091 2962.685 22.521
1955 3219.592 3198.516 23.95
1956 3032.911 3735.444 22.609
1957 3257.354 3484.886 24.053
1958 1585.298 3119.868 22.561
1959 1774.765 2392.276 22.992
1960 1743.053 2402.737 24.103
1961 1876.055 3502.486 24.946
1962 2314.725 3208.879 24.623
1963 363.24 3585.01 22.751
1964 2818.751 3531.426 24.967
1965 69.251 3749.882 24.13
1966 2031.227 3669.442 21.411
1967 3214.126 2407.609 24.237
1968 51.679 3232.559 24.301
1969 9.257 3547.205 24.32
1970 2105.823 3760.003 23.961
1971 1671.921 3241.599 24.021
1972 3135.472 3679.553 24.104
1973 1645.286 2428.555 23.258
1974 63.231 3257.28 24.056
1975 2460.464 1071.706 17.592
1976 2410.507 1068.767 24.607
1977 4012.623 2978.252 22.164
1978 3052.089 3275.906 24.906
1979 3339 3294.161 24.599
1980 3260.392 2989.408 24.386
1981 1224.86 3708.156 22.424
1982 3455.511 3613.599 21.858
1983 2505.896 2317.604 21.392
1984 2469.904 2301.959 24.594
1985 515.148 1053.644 23.435
1986 1434.986 3577.128 21.299
1987 1984.006 3011.131 24.299
1988 2348.378 3715.189 24.913
1989 2872.685 3803.562 22.731
1990 2010.862 2447.285 21.541
1991 1429.034 2331.097 24.393
1992 3336.596 3026.067 24.786
1993 165.475 3615.975 24.009
1994 3459.261 2447.065 24.999
1995 2282.508 3595.376 24.955
1996 968.646 3814.819 24.314
1997 3933.119 3180.05 22.29
1998 3305.228 1063.438 24.164
1999 4023.059 2464.09 24.522
2000 1748.535 3348.937 23.988
2001 854.197 2941.702 18.836
2002 3845.403 3830.119 23.787
2003 1951.803 3634.503 23.238
2004 3278.078 2917.138 24.843
2005 2828.817 3844.77 24.671
2006 2622.018 3036.391 23.246
2007 3445.116 3741.921 23.477
2008 278.55 3046.108 24.88
2009 3624.474 3743.585 24.955
2010 3328.736 2530.32 24.673
2011 3820.691 3628.743 23.198
2012 1505.821 3881.529 23.913
2013 3072.261 3374.142 21.879
2014 2995.961 3066.17 23.966
2015 515.449 3653.381 22.89
2016 1852.298 3764.76 23.93
2017 1385.557 1092.972 22.751
2018 2306.604 2571.101 23.638
2019 2697.565 3160.905 22.714
2020 412.745 2578.289 24.587
2021 1300.406 3653.523 24.191
2022 3802.315 2366.407 22.304
2023 3820.069 1115.537 24.618
2024 2597.764 2964.718 22.512
2025 1763.891 2349.876 24.745
2026 371.364 3649.495 22.89
2027 2340.972 3102.452 23.189
2028 838.813 3680.359 24.436
2029 2517.577 1132.209 24.944
2030 3141.109 2609.901 24.957
2031 3181.68 3104.586 24.572
2032 1479.425 2954.509 23.994
2033 688.019 3396.544 22.809
2034 633.061 2974.733 24.482
2035 429.308 3125.882 24.247
2036 2777.919 3392.875 24.685
2037 1259.686 3665.61 23.811
2038 2272.198 2632.24 22.974
2039 1502.371 3708.479 23.869
2040 3158.27 1149.259 23.742
2041 4124.651 1157.771 24.713
2042 1905.338 3010.039 23.779
2043 4034.051 3719.047 24.276
2044 2395.87 3012.461 24.092
2045 707.284 1201.056 24.914
2046 1982.976 3799.277 21.785
2047 971.524 3150.671 23.141
2048 4070.797 2660.645 23.049
2049 2267.402 3754.812 22.363
2050 3209.502 3416.756 22.314
2051 1007.716 3677.598 23.213
2052 4124.307 3362.674 20.67
2053 4132.652 3399.953 23.7
2054 2800.567 3421.164 24.887
2055 1302.206 2667.258 24.541
2056 884.383 3165.056 23.77
2057 238.277 3766.763 24.631
2058 632.104 1219.165 22.198
2059 32.638 3777.177 24.652
2060 3086.067 3175.999 24.309
2061 2956.256 3808.166 22.301
2062 1266.219 3791.902 24.865
2063 2437.558 3033.737 22.422
2064 1221.329 1240.719 24.691
2065 798.123 2687.546 24.086
2066 3778.513 3217.75 20.019
2067 3050.156 3198.846 24.589
2068 3792.861 3816.066 24.26
2069 3165.614 3467.209 23.169
2070 1841.581 3195.53 23.389
2071 1552.109 1289.539 24.212
2072 1076.39 3695.992 21.887
2073 1059.989 3374.177 21.842
2074 403.875 3231.563 23.297
2075 1994.548 2714.752 22.996
2076 1883.043 2709.872 24.765
2077 437.238 3711.041 23.704
2078 1656.391 3377.708 23.635
2079 2407.23 3244.132 23.766
2080 3655.416 3487.213 22.434
2081 3762.751 3385.369 24.489
2082 94.007 3501.873 24.629
2083 3529.5 3049.386 21.68
2084 114.368 3216.59 23.088
2085 3585.416 3249.267 23.662
2086 126.076 2735.164 22.835
2087 3476.323 3220.31 24.271
2088 3909.481 3411.214 22.817
2089 1345.118 3281.315 24.359
2090 2596.484 2755.164 23.564
2091 1651.064 3531.975 22.086
2092 2452.627 3427.954 24.253
2093 336.626 1326.973 21.597
2094 3152.246 3548.767 23.943
2095 1249.333 3248.841 22.522
2096 2294.208 3468.739 24.753
2097 3005.17 1322.837 24.036
2098 1121.956 3831.877 21.829
2099 1100.438 3859.193 24.519
2100 21.478 3259.954 23.076
2101 731.553 3386.844 23.996
2102 1042.932 2417.092 21.01
2103 1083.224 2387.99 22.547
2104 133.69 1345.882 23.343
2105 459.182 3838.707 24.353
2106 1173.562 3570.588 21.796
2107 3927.804 3880.268 19.572
2108 3319.734 3394.381 23.812
2109 2386.428 3916.796 20.317
2110 2129.876 3864.431 23.391
2111 116.852 3865.617 23.735
2112 193.341 3290.774 22.976
2113 3078.423 1361.877 22.543
2114 607.385 3587.135 22.961
2115 312.865 3491.055 20.848
2116 1786.463 3905.84 23.639
2117 2516.191 3301.306 24.485
2118 799.923 2413.656 22.993
2119 190.699 3594.223 24.968
2120 740.996 1369.332 23.713
2121 2099.065 3883.439 24.698
2122 510.194 3919.176 24.035
2123 1851.622 3501.258 23.565
2124 1769.565 1390.155 24.193
2125 456.816 3434.95 22.576
2126 60.391 2430.456 23.772
2127 51.634 3625.573 23.927
2128 1495.757 3910.126 24.312
2129 1843.853 3330.112 23.539
2130 1722.238 3082.337 22.122
2131 1743.252 3122.861 24.931
2132 4048.083 1409.551 24.594
2133 2016.438 3522.994 23.461
2134 2565.379 3953.308 23.901
2135 2772.693 3925.828 24.977
2136 4085.954 3886.743 22.292
2137 1674.654 3337.246 23.398
2138 2453.638 1425.63 24.646
2139 2586.81 3735.106 22.132
2140 2586.122 3767.178 22.53
2141 2540.675 3735.465 23.185
2142 2561.89 3760.733 23.986
2143 3770.314 3641.815 23.459
2144 341.877 3073.279 23.58
2145 2439.808 3946.495 24.08
2146 4103.903 1436.13 24.259
2147 838.928 3448.907 23.133
2148 2790.281 3901.928 22.767
2149 1608.341 3648.47 23.629
2150 3485.897 3355.003 23.573
2151 498.694 3460.14 24.951
2152 978.66 3367.353 24.972
2153 3629.304 3961.387 23.986
2154 788.416 3470.911 24.599
2155 1564.03 3750.068 23.502
2156 285.391 3108.237 22.931
2157 3046.537 3489.944 24.286
2158 2793.157 1479.732 23.547
2159 849.061 3116.976 24.33
2160 2644.547 3758.685 24.365
2161 3312.934 2462.426 21.775
2162 3649.623 1485.443 24.925
2163 3802.835 3671.957 22.781
2164 904.895 3508.235 24.214
2165 3595.324 3126.853 24.696
2166 2685.719 3976.129 22.37
2167 629.395 3981.835 21.342
2168 761.483 3774.406 24.523
2169 2542.124 3683.301 24.037
2170 2577.073 1512.804 24.49
2171 3134.419 3792.745 23.906
2172 483.252 4003.875 23.481
2173 1235.926 3807.715 24.763
2174 106.476 3157.812 23.313
2175 2264.234 3988.196 23.399
2176 3247.9 3559.914 23.126
2177 3200.748 3992.171 24.778
2178 3224.767 3166.935 24.598
2179 3998.658 3408.368 21.338
2180 4124.02 3711.208 23.173
2181 237.061 3565.955 24.587
2182 4043.836 4008.064 24.241
2183 3996.094 3586.564 24.117
2184 592.974 4026.541 24.702
2185 364.602 3729.61 24.514
2186 1869.427 3580.912 22.671
2187 1878.168 3551.862 23.499
2188 1194.628 3737.032 24.985
2189 3111.55 2808.444 21.518
2190 3424.206 3947.822 21.733
2191 2581.28 3836.93 22.858
2192 2141.634 4046.71 22.581
2193 2552.716 4070.179 24.504
2194 4031.133 3559.674 24.276
2195 548.116 3201.371 23.376
2196 1545.397 3838.634 24.682
2197 3766.109 3602.853 23.289
2198 3606.345 3404.587 22.14
2199 1764.467 4056.399 24.542
2200 1652.257 3212.241 24.591
2201 3967.391 4096.013 24.348
2202 894.102 4080.466 24.725
2203 2318.346 3871.585 24.058
2204 4165.496 3224.544 23.844
2205 1964.545 3945.671 23.492
2206 538.62 3584.381 22.888
2207 450.249 4087.249 24.499
2208 4032.536 3764.439 21.898
2209 3697.465 3427.48 23.718
2210 3210.894 3953.331 24.608
2211 1130.717 3631.037 23.155
2212 688.492 3891.805 23.724
2213 3101.285 3768.455 24.736
2214 3371.145 3964.358 24.985
2215 3563.829 1551.859 21.905
2216 3585.576 1536.814 23.631
2217 3564.703 1587.979 24.231
2218 1126.048 1551.376 24.669
2219 4050.198 3456.822 23.34
2220 1785.183 3984.349 23.997
2221 1697.328 3643.116 23.016
2222 262.418 3909.061 22.916
2223 1895.276 3789.378 23.631
2224 713.964 3462.065 24.099
2225 2486.033 1570.279 23.893
2226 1627.157 3472.525 24.983
2227 3525.186 3615.004 22.172
2228 3852.413 1573.271 24.82
2229 2454.932 3806.562 23.515
2230 1370.069 3920.983 23.162
2231 1375.91 2472.974 22.006
2232 1391.565 2498.555 23.45
2233 3619.482 1598.384 24.63
2234 134.675 3728.494 24.952
2235 2134.857 3929.237 24.598
2236 2142.844 2479.484 24.399
2237 2366.037 3744.158 24.952
2238 795.41 1617.89 24.659
2239 1509.994 4005.823 22.273
2240 1402.827 3945.693 24.958
2241 861.71 3836.79 24.338
2242 4050.564 3625.324 21.759
2243 2748.593 3279.372 21.178
2244 3666.458 4014.312 24.487
2245 4196.096 2502.367 23.1
2246 3000.616 3761.351 23.083
2247 885.186 3637.071 24.03
2248 454.659 1638.287 23.88
2249 3723.315 3499.012 21.793
2250 3030.648 3774.077 24.653
2251 3446.075 2801.422 20.942
2252 770.752 3969.669 23.864
2253 2824.759 3648.77 23.405
2254 3580.14 2797.428 24.798
2255 2959.397 3870.763 23.334
2256 2529.983 3517.672 23.142
2257 3526.009 1657.333 24
2258 26.45 2549.383 23.599
2259 3488.767 3664.115 23.116
2260 3471.206 3286.796 21.619
2261 303.694 3541.181 24.216
2262 2082.22 3978.348 22.731
2263 3629.012 3290.591 24.351
2264 2800.159 1674.437 23.973
2265 2751.137 3686.644 23.846
2266 2125.963 3557.875 24.919
2267 4048.676 1689.856 24.108
2268 2017.672 4048.95 21.133
2269 2794.741 3800.232 23.376
2270 2148.995 3704.073 23.772
2271 213.119 2842.811 22.203
2272 330.591 3723.01 23.599
2273 74.118 4057.128 24.483
2274 1801.563 3740.159 24.741
2275 3605.944 2825.426 24.7
2276 2378.765 3818.076 23.309
2277 885.823 3754.878 24.888
2278 2718.318 3883.948 21.588
2279 310.135 3829.08 24.859
2280 2316.972 3595.854 22.447
2281 1579.233 4089.532 23.475
2282 4148.789 3766.89 24.96
2283 4.669 2848.882 24.952
2284 924.76 3330.193 22.039
2285 737.269 3882.938 24.724
2286 3096.781 4080.648 24.798
2287 3360.027 4020.211 22.536
2288 3590.014 3786.989 24.403
2289 3185.537 3587.653 23.918
2290 3520.714 3866.215 24.238
2291 2825.761 3326.297 23.788
2292 3234.51 4044.176 24.886
2293 3680.985 3876.618 24.58
2294 1737.119 2881.862 22.851
2295 2663.985 3825.469 22.892
2296 3648.19 4085.954 23.742
2297 1736.122 3622.008 23.174
2298 950.21 4095.116 24.331
2299 965.182 3628.439 24.767
2300 781.774 3840.734 23.824
2301 366.226 3852.413 24.429
2302 4083.002 3640.616 24.347
2303 3555.112 3902.215 22.307
2304 3562.929 3926.492 23.938
2305 3210.926 3885.763 24.874
2306 1126.312 3898.072 24.896
2307 2035.334 3911.653 24.181
2308 169.157 1729.76 19.613
2309 212.52 3915.73 24.089
2310 1017.006 3926.682 24.296
2311 3847.03 3339.531 23.489
2312 3868.072 3364.206 23.686
2313 12.929 2909.959 22.157
2314 3510.678 3931.193 22.838
2315 2158.931 3352.113 24.922
2316 804.144 1720.924 22.48
2317 1824.505 3943.511 24.986
2318 3742.641 3951.515 23.138
2319 3028.24 3664.809 21.991
2320 767.171 3367.779 24.775
2321 3144.448 3926.829 21.651
2322 19.231 3956.927 24.769
2323 3368.968 1729.462 24.502
2324 2569.472 3680.407 24.357
2325 1581.458 3970.792 24.981
2326 3148.525 2898.551 22.564
2327 1859.763 3909.458 23.327
2328 59.264 3977.633 23.197
2329 2806.021 3700.174 24.277
2330 2628.889 2911.322 24.812
2331 687.986 3986.406 24.564
2332 2938.248 1748.66 22.406
2333 1405.773 3406.668 23.097
2334 35.25 2951.229 24.284
2335 2484.967 4000.761 23.56
2336 2058.935 3722.977 23.421
2337 4021.863 1759.692 24.466
2338 1320.888 2965.962 24.598
2339 2244.531 4019.698 23.966
2340 3847.194 3732.677 24.597
2341 3133.397 2999.226 24.388
2342 3006.099 3426.91 24.229
2343 4107.417 3754.302 24.129
2344 2311.839 4046.697 23.448
2345 2494.861 3444.618 24.677
2346 3441.6 3009.722 23.275
2347 3082.379 3467.869 24.681
2348 2492.089 4061.416 23.758
2349 2891.265 3024.805 24.55
2350 2882.032 4078.701 24.169
2351 2399.191 2594.087 18.965
2352 2437.238 2556.239 22.953
2353 3254.169 3049.696 24.601
2354 299.956 3783.953 22.666
2355 2951.993 2571.54 24.436
2356 3514.397 3500.248 22.19
2357 1750.367 1782.93 20.822
2358 394.188 3072.42 22.608
2359 3178.218 3819.666 24.116
2360 431.429 3504.208 23.959
2361 403.429 2605.917 23.812
2362 140.076 3832.845 24.394
2363 3893.31 1789.286 23.879
2364 3756.986 3539.223 24.729
2365 498.527 3848.92 24.216
2366 3014.31 1787.329 24.958
2367 550.485 3097.227 22.321
2368 1872.722 3879.212 22.728
2369 3047.711 3946.667 20.564
2370 3792.028 3568.235 21.742
2371 3549.296 2625.276 21.893
2372 1460.02 3877.21 24.458
2373 2424.328 3120.776 22.288
2374 2519.621 3895.001 24.349
2375 2044.625 3574.088 24.704
2376 2365.971 1825.317 23.099
2377 1424.389 3906.329 24.888
2378 4159.977 3124.603 24.509
2379 3699.337 3145.78 24.131
2380 3645.834 3592.656 23.67
2381 3870.116 3949.108 23.038
2382 1059.615 3982.917 22.539
2383 976.354 3962.97 24.715
2384 1039.564 3191.182 23.439
2385 739.156 1833.489 22.094
2386 3970.815 3957.593 23.241
2387 1430.958 3966.327 23.834
2388 1934.708 3990.227 23.528
2389 3200.899 3631.24 21.513
2390 1733.304 3211.26 22.731
2391 2503.193 3631.053 24.648
2392 3938.045 3986.699 24.285
2393 3621.852 2641.503 22.868
2394 3598.403 2662.46 23.287
2395 3121.9 4001.293 23.351
2396 1449.458 3220.801 24.575
2397 1847.015 3233.893 24.961
2398 3038.889 4013.475 24.394
2399 1019.857 3246.824 24.717
2400 1345.55 2658.716 22.69
2401 2794.287 2665.55 24.844
2402 2542.235 3275.769 24.093
2403 2496.145 2690.012 23.67
2404 466.061 4047.378 23.234
2405 2344.995 3285.281 23.893
2406 2123.43 2719.455 24.875
2407 151.76 3314.973 24.692
2408 2176.852 2733.307 24.05
2409 4141.376 2757.381 24.289
2410 1056.204 2775.524 24.741
2411 2764.876 3348.392 22.669
2412 2712.602 3349.496 24.141
2413 859.164 3365.325 24.479
2414 1896.707 3385.994 24.397
2415 1148.015 4044.688 18.932
2416 2006.318 1866.364 22.027
2417 2027.511 1851.165 23.22
2418 3510.805 2810.773 22.427
2419 123.1 1844.809 24.98
2420 2421.582 4014.646 22.848
2421 406.078 2808.928 23.308
2422 3325.758 4085.204 21.871
2423 3357.911 4086.969 23.812
2424 1456.659 3452.426 21.273
2425 1973.123 4084.104 23.759
2426 1525.842 3484.759 23.123
2427 2788.238 3489.728 24.465
2428 3159.862 3508.826 24.994
2429 4183.975 4034.977 22.761
2430 1434.649 1932.543 19.943
2431 659.561 3700.703 19.981
2432 624.742 3726.034 23.618
2433 648.622 3662.145 23.683
2434 2390.521 1889.863 24.36
2435 3253.691 3680.227 24.62
2436 66.941 3571.454 22.525
2437 2509.713 3557.656 24.73
2438 2664.067 2837.845 22.527
2439 3582.966 3716.149 22.534
2440 1310.07 3732.905 24.714
2441 3900.657 4062.46 21.341
2442 2077.774 3597.928 23.62
2443 2044.129 2835.425 23.599
2444 1636.319 4061.801 23.973
2445 3991.138 3784.128 24.21
2446 582.271 3794.402 24.702
2447 2083.964 3822.683 24.285
2448 1085.927 2855.588 23.357
2449 262.791 4076.565 24.961
2450 3982.647 1914.925 22.68
2451 4008.242 1929.881 24.248
2452 2438.114 3837.021 24.237
2453 1437.662 4063.039 18.455
2454 1404.405 4005.09 23.356
2455 1422.641 4022.363 24.205
2456 1402.969 4096.089 24.933
2457 100.778 4094.599 23.46
2458 4033.404 2860.964 23.347
2459 739.119 3617.654 22.353
2460 3730.029 1920.224 24.497
2461 2901.478 4012.078 24.666
2462 3624.938 4054.471 24.841
2463 793.285 3884.764 22.503
2464 3156.757 4083.665 23.353
2465 1162.232 3883.864 24.687
2466 2838.552 3893.565 24.459
2467 2702.68 4091.381 22.089
2468 4048.226 3917.238 23.304
2469 2866.241 3926.855 23.918
2470 3814.147 3942.008 24.88
2471 4103.555 3955.565 24.647
2472 1468.846 3970.306 24.144
2473 998.127 2879.076 22.182
2474 1023.463 2890.986 23.299
2475 568.092 4008.408 23.037
2476 2921.676 2888.056 24.115
2477 233.483 2907.265 24.231
2478 1281.548 4047.189 23.214
2479 3713.976 4039.693 23.964
2480 2794.686 1958.232 21.361
2481 2779.409 1983.208 22.458
2482 880.294 4060.625 24.685
2483 2168.342 1948.967 24.296
2484 3394.179 3669.871 20.639
2485 3383.787 3630.659 24.338
2486 1537.683 4085.912 23.883
2487 1290.24 2942.213 23.01
2488 3918.344 1978.248 24.82
2489 3982.768 2953.457 24.894
2490 1712.401 1992.668 24.899
2491 1685.682 4092.756 23.844
2492 837.415 3645.318 23.17
2493 55.208 2982.915 24.727
2494 2998.868 3652.227 24.615
2495 3389.526 3009.586 22.97
2496 2974.761 3036.038 23.126
2497 3906.309 3706.806 22.289
2498 1116.585 3039.644 24.363
2499 4157.985 2023.694 22.074
2500 4176.958 2038.721 23.742
2501 2345.853 2026.667 24.604
2502 362.205 3096.911 24.953
2503 1594.266 3705.589 23.232
2504 586.055 3115.922 24.503
2505 4093.092 3131.332 24.102
2506 3190.836 3158.848 24.131
2507 3977.78 2072.664 23.379
2508 3373.612 3726.029 21.258
2509 3608.733 3169.74 23.449
2510 132.277 2083.542 24.285
2511 383.048 3751.105 24.123
2512 2734.123 3763.636 23.366
2513 3843.489 2154.823 23.674
2514 3908.247 3783.619 22.977
2515 1829.026 2168.019 23.409
2516 3648.558 3223.37 21.721
2517 2209.342 3799.936 22.617
2518 1353.426 2187.413 23.526
2519 377.208 3816.979 24.602
2520 2483.777 3209.562 24.687
2521 2578.273 2184.636 24.997
2522 1013.17 3227.316 24.816
2523 2308.436 2232.304 24.051
2524 4036.492 3271.456 23.788
2525 3939.641 2249.241 24.056
2526 253.28 3281.387 23.89
2527 758.37 2276.803 24.377
2528 624.88 3303.208 23.241
2529 1733.62 3855.852 20.243
2530 3797.007 2312.42 22.389
2531 1705.639 2333.95 23.747
2532 3541.539 3315.712 22.367
2533 664.417 2343.245 23.63
2534 4182.971 3329.591 24.432
2535 2351.413 2372.877 24.534
2536 3032.266 3343.78 24.682
2537 1210.322 3360.96 24.542
2538 3006.58 2418.57 24.366
2539 773.368 3388.219 23.827
2540 3419.955 2427.575 24.764
2541 305.411 3395.451 22.768
2542 3665.98 2468.068 20.975
2543 4162.18 3869.708 22.121
2544 4192.237 3901.349 22.047
2545 1022.904 3440.682 22.268
2546 1200.299 3866.688 23.505
2547 411.107 3893.064 24.214
2548 3790.072 3909.847 23.174
2549 3416.547 2506.439 22.64
2550 3428.244 2485.978 24.014
2551 3490.536 2507.856 23.799
2552 3813.731 2515.893 24.476
2553 1711.169 3474.166 21.311
2554 1687.114 3932.264 22.608
2555 2194.432 3477.308 23.558
2556 354.767 3936.945 24.103
2557 2614.727 3483.968 24.76
2558 3369.326 3503.973 23.371
2559 2954.705 3549.989 22.307
2560 454.156 3544.383 24.949
2561 3955.927 3560.641 24.015
2562 1968.648 3588.512 23.926
2563 866.539 3594.542 24.58
2564 342.866 3621.645 23.18
2565 4031.933 2592.607 20.892
2566 3992.546 2579.564 23.802
2567 1209.183 3647.794 24.213
2568 790.081 3664.828 24.659
2569 2819.265 3992.862 21.034
2570 2089.321 2583.948 22.293
2571 120.457 3685.321 24.319
2572 3561.527 3965.98 24.724
2573 3228.533 2593.363 23.134
2574 3907.53 3996.437 24.51
2575 3953.065 2602.709 23.995
2576 2212.034 3711.387 22.997
2577 2766.611 2619.7 24.396
2578 546.905 2641.026 23.631
2579 3211.54 2672.468 24.926
2580 3385.476 2697.054 24.268
2581 781.816 3732.407 22.095
2582 1477.689 2710.684 24.563
2583 3095.54 3741.386 24.304
2584 2464.865 2734.665 24.672
2585 1709.936 3771.188 21.987
2586 2037.002 2785.181 22.998
2587 3973.738 4054.526 23.365
2588 3990.5 4040.656 23.983
2589 3988.462 4078.595 24.356
2590 972.87 3768.88 24.585
2591 1761.218 2785.396 24.383
2592 733.244 4051.775 24.517
2593 2271.559 3805.393 23.299
2594 2387.677 4090.46 22.16
2595 1225.906 2819.529 22.128
2596 1907.742 4083.685 24.967
2597 667.735 2822.125 24.564
2598 1282.261 2837.28 23.264
2599 3322.305 3834.928 20.356
2600 3029.547 3824.356 24.173
2601 1261.358 3836.456 23.47
2602 18.738 3854.746 24.265
2603 1907.292 3946.909 22.003
2604 1920.695 3890.566 22.462
2605 1904.631 3913.603 23.597
2606 3620.111 2868.135 21.508
2607 3672.312 2888.021 21.774
2608 126.252 3898.791 24.088
2609 3558.375 2862.198 23.514
2610 2447.16 3899.213 24.7
2611 3864.442 3909.641 24.355
2612 908.857 2885.539 24.74
2613 3857.098 2922.929 23.638
2614 3962.027 2924.177 24.971
2615 2520.693 3950.866 23.41
2616 2503.273 3930.532 23.656
2617 2555.285 2944.377 24.364
2618 3454.09 2980.235 24.422
2619 1576.025 3025.2 23.262
2620 733.073 3018.367 23.896
2621 1227.411 3972.851 20.048
2622 503.948 3970.206 23.972
2623 329.423 4004.206 22.97
2624 3279.922 4008.809 24.249
2625 3259.067 4024.428 24.568
2626 1564.659 4046.932 24.15
2627 2270.579 4058.651 24.92
2628 2163.743 4081.804 24.556
2629 4070.267 4094.767 23.45
2630 1220.213 3086.989 20.32
2631 1246.437 3050.584 23.203
2632 3772.79 3046.915 23.189
2633 1019.948 3065.142 24.785
2634 2482.024 3094.846 22.107
2635 2466.829 3137.239 22.582
2636 2807.034 3115.088 23.028
2637 2919.332 3135.007 22.681
2638 3500.725 3135.761 23.605
2639 4086.088 3157.189 24.735
2640 1314.074 3213.034 23.398
2641 3953.353 3232.479 24.911
2642 2957.466 3252.91 22.87
2643 346.618 3268.95 24.141
2644 3302.549 3273.499 24.894
2645 1448.502 3297.337 24.669
2646 531.895 3323.694 23.38
2647 3924.857 3332.605 24.534
2648 4029.698 3343.249 24.625
2649 50.747 3382.239 24.473
2650 3269.417 3400.576 23.603
2651 2202.879 3406.334 24.079
2652 3458.682 3473.843 23.271
2653 34.469 3469.255 23.864
2654 2679.244 3486.122 24.571
2655 2307.899 3505.91 24.755
2656 3444.226 3530.449 24.765
2657 2256.556 3558.658 23.524
2658 1781.062 3576.807 22.896
2659 256.816 3647.579 21.489
2660 270.314 3609.636 23.207
2661 247.593 3602.907 23.853
2662 309.152 3624.282 23.333
2663 1548.811 3638.005 24.42
2664 2855.25 3650.44 24.334
2665 4004.396 3676.087 23.05
2666 3501.244 3708.55 22.048
2667 519.769 3714.784 22.477
2668 1254.624 3734.069 23.349
2669 1048.436 3750.371 23.349
2670 3236.57 3779.409 23.277
2671 504.428 3773.519 24.75
2672 1166.862 3793.222 24.816
2673 3561.254 3824.46 22.791
2674 27.943 3824.719 24.693
2675 2851.672 3835.893 24.743
2676 2887.854 3889.277 23.267
2677 42.006 3907.321 23.895
2678 941.811 3919.433 24.872
2679 153.589 3969.413 21.068
2680 124.985 3993.118 23.744
2681 3239.908 3966.889 22.843
2682 573.151 3976.6 23.9
2683 2336.124 3993.608 24.84
2684 1648.117 4016.002 24.528
2685 4123.311 4029.051 24.071
2686 1656.819 4049.373 24.496
2687 2659.202 4070.564 23.965
