#   1 NUMBER                 Running object number                                     
#   2 X_IMAGE                Object position along x                                    [pixel]
#   3 Y_IMAGE                Object position along y                                    [pixel]
#   4 FLUX_SPHEROID          Spheroid total flux from fitting                           [count]
#   5 MAG_SPHEROID           Spheroid total magnitude from fitting                      [mag]
#   6 SPHEROID_REFF_IMAGE    Spheroid effective radius from fitting                     [pixel]
#   7 SPHEROID_ASPECT_IMAGE  Spheroid aspect ratio from fitting                        
#   8 SPHEROID_THETA_IMAGE   Spheroid position angle (CCW/x) from fitting               [deg]
#   9 SPHEROID_SERSICN       Spheroid Sersic index from fitting                        
#  10 CHI2_MODEL             Reduced Chi2 of the fit                                   
#  11 FLAGS_MODEL            Model-fitting flags                                       
#  12 VECTOR_ASSOC           ASSOCiated parameter vector                               
         1    795.0773    112.2077     669.4636  19.9357     7.5824 0.7801 +75.239  1.111    0.9315541   0      795.056
         2   1918.0555     52.8091     347.9913  20.6461     6.9688 0.7592 -61.053  1.116    0.8821487   0     1918.057
         3    277.0440      8.7813     132.1906  21.6970     6.7285 0.8530 +16.263  1.627    0.8541293   0      278.333
         4    424.6425    166.0865     790.3873  19.7554    10.5014 0.7936 -44.166  1.118    0.9299539   0      424.014
         5   2963.0806    128.8475     172.6739  21.4069    10.1183 0.4920 +87.299  1.248    0.9045551   0      2962.69
         6   1191.2231    129.7219     267.1925  20.9329     6.3467 0.8587 -81.222  0.982    0.9026352   0     1191.004
         7   1954.5914    164.2126     138.7092  21.6447     8.8882 0.8174 -82.773  1.226    0.9266354   0     1954.447
         8   1969.9788    145.9008     94.16009  22.0653     5.4737 0.7829 -16.730  2.913    0.9124239   0     1970.502
         9   3798.0046    187.4568     100.7549  21.9918     5.1731 0.7365 -17.553  1.055    0.8729104   0     3797.899
        10   3379.1536    263.2414     231.2101  21.0900    10.3922 0.5832 -23.540  1.292     0.900557   0     3378.133
        11    311.5016    263.3442     191.0468  21.2972     5.6735 0.8692 +40.242  1.242    0.8922425   0      311.394
        12   2043.0297    360.8461      2975.11  18.3162     7.8219 0.9482 +19.379  1.041     0.997916   0     2042.769
        13   1967.2751    324.4774     461.5901  20.3394     6.9998 0.9031 -40.626  1.016    0.8838586   0     1967.048
        14    387.4905    454.3029     7637.533  17.2926    13.9974 0.5593 -41.363  1.043     1.489924   0      386.623
        15    200.5809    395.8629     1377.542  19.1522    10.1510 0.8167 +87.512  1.053    0.9241616   0      200.227
        16    694.8844    321.7017     150.8456  21.5537     8.3386 0.5782 +30.737  1.094    0.8778747   0      693.845
        17   3502.8684    419.2187     1555.151  19.0206     8.4595 0.9021 +87.144  1.013    0.9368951   0     3502.841
        18   3163.6084    376.9453     206.9446  21.2104    10.5594 0.5218 -53.027  0.963    0.8769402   0     3163.188
        19   1705.4161    443.0252     1198.268  19.3036     7.3769 0.9893 -77.306  1.098    0.9941472   0     1705.229
        20   3900.2068    464.4952     382.2042  20.5443    10.3690 0.7022 -80.786  1.074    0.8788914   0     3900.027
        21    274.2596    428.7070     328.4338  20.7089     7.3180 0.8195 -71.452  1.013    0.9156454   0      273.729
        22   2089.2632    724.9330     4418.913  17.8867    15.6744 0.5159 -49.499  0.986    0.8997519   0     2089.169
        23   1839.6039    576.7141     674.7096  19.9272     6.0719 0.9450 -36.128  1.009    0.9216124   0     1839.505
        24   4139.5400    581.1533     123.6024  21.7699     7.6936 0.6306 +87.841  1.007    0.8545926   0      4138.29
        25   1889.8164    627.3340     430.9589  20.4139     6.1250 0.9688 +74.872  1.047    0.8883007   0      1889.73
        26    119.0158    625.2245     262.7281  20.9512    10.9948 0.5712 -14.135  1.015    0.8785228   0       119.24
        27    261.5981    664.6430     291.6711  20.8378     6.6458 0.6719 -60.210  1.203    0.8992977   0      261.835
        28   4111.3716    637.8054     98.09298  22.0209     4.8462 0.9407 +35.461  0.839    0.8453782   0     4111.101
        29   3569.9397    683.5977     308.8894  20.7755     8.6536 0.6258 +32.000  1.003      0.89143   0     3568.156
        30   3395.4800    774.1594     1287.737  19.2254     9.2272 0.8487 +71.264  0.992    0.9055592   0     3395.602
        31   1938.0933    748.0698     112.0026  21.8769     5.9288 0.9323 +16.669  1.142    0.8645599   0      1936.88
        32    373.9347    883.0923     2018.107  18.7376     7.4149 0.8626 -18.613  1.047    0.9297509   0      373.343
        33    126.6410    859.2272     418.1884  20.4466     7.0677 0.9623 -54.284  1.007    0.8932803   0      126.972
        34    954.4583    875.3614     122.1811  21.7825     7.4996 0.6788  -4.264  0.948    0.8724143   0       954.25
        35   1855.5618   1020.2379     224.8852  21.1201    10.6654 0.5394 -77.606  0.998    0.8729178   0     1855.165
        36   1041.1805    923.7382     472.5045  20.3140     7.7829 0.8844 +81.444  0.982    0.8833491   0     1041.177
        37   3438.9551    920.3145     547.0851  20.1549     7.0744 0.8095 +33.112  1.000    0.9115548   0     3438.686
        38   2460.3647   1071.5052     5787.986  17.5937    12.4116 0.8194  -1.742  0.995      1.00783   0     2460.554
        39   4049.5479   1094.9404     3860.102  18.0335    10.8016 0.6543 -51.819  0.988    0.9319897   0     4049.739
        40    986.4622   1045.2032     155.9988  21.5172     8.4108 0.7945 -56.737  1.014     0.860014   0      986.911
        41   1471.3242   1175.0194     4314.447  17.9127     8.8010 0.8325 +40.056  1.010    0.9424922   0     1471.424
        42   2556.0359   1095.0570     93.89686  22.0684     7.3537 0.6664 +89.169  0.815    0.8753878   0      2556.32
        43    416.8230   1171.3900     339.2931  20.6736     6.1647 0.8140 -30.874  1.212    0.8791611   0      415.806
        44   3985.8928   1200.7697     1272.065  19.2387     8.8300 0.8591 +68.645  0.995    0.9308917   0     3985.467
        45   2345.6511   1160.6877     326.6586  20.7148     7.5935 0.8552 +51.606  1.046    0.9097169   0     2345.897
        46   3617.2209   1162.1877     194.9969  21.2749     8.9469 0.5523 -59.250  0.985    0.8700294   0     3617.146
        47   2598.0378   1221.7372      425.657  20.4274     5.8544 0.8305 -24.263  0.954    0.8698589   0     2597.529
        48    424.5223   1388.7583     196.2148  21.2682     6.6446 0.7533 +25.589  0.969    0.8873553   0      426.267
        49   2271.8579   1438.5480     403.4867  20.4854     6.5867 0.9085 -14.049  1.050    0.8847814   0     2271.344
        50   1005.1536   1433.8148     260.1592  20.9619     5.9652 0.8521 +32.764  1.025    0.8909459   0     1006.369
        51   2886.6802   1435.2197     170.4753  21.4208     5.6864 0.9077 -85.825  0.960    0.8640953   0     2886.756
        52   2266.4805   1515.2924     376.5601  20.5604     7.0904 0.7521 +48.982  1.046    0.8983488   0     2266.673
        53   3564.1414   1551.3792     107.0596  21.9259     4.4780 0.9681 +81.006  0.910    0.8884494   0     3564.048
        54    311.3351   1593.8594     357.2245  20.6176     7.0842 0.6822 +24.077  1.016    0.8737314   0      311.126
        55   2980.4607   1593.3638     192.4292  21.2893     6.3175 0.8950 -51.351  0.956    0.8702471   0     2980.447
        56   1068.3198   1619.2603     165.2663  21.4545     7.1921 0.6433 -53.993  1.055    0.8697011   0     1069.285
        57    837.8217   1637.9880     216.8101  21.1598     8.3921 0.6303 +40.686  1.086    0.8881445   0      838.103
        58   1881.9658   1683.8986     291.0076  20.8402     6.0703 0.9402 -25.208  0.978    0.8703814   0     1881.844
        59    922.3532   1712.6061     158.5027  21.4999     9.2273 0.6969  +2.274  1.043    0.8941346   0      922.266
        60   3658.8782   1812.7080     333.6071  20.6919     8.9339 0.6298 +19.749  1.067    0.9154954   0     3658.618
        61   1434.7841   1934.1017     644.4614  19.9770     7.3438 0.8267 +15.283  0.987    0.8797595   0     1433.927
        62   3019.6746   1871.7170     164.6613  21.4585     9.9590 0.4829 -45.299  0.763    0.8820867   0     3019.296
        63   4173.4399   1897.1489     629.6778  20.0022     6.3526 0.7826 +61.159  0.950    0.9112148   0     4173.227
        64   3152.2151   1863.0256     117.8884  21.8213     9.6760 0.5035 +24.279  1.124    0.8718938   0     3151.118
        65   1635.6808   1891.3844     120.2513  21.7998     8.3752 0.6705 +77.489  0.811    0.8745319   0     1635.663
        66    169.1735   1928.6672     747.1675  19.8165     7.3392 0.7143 +46.204  1.054    0.9036007   0      167.451
        67    399.1873   1966.7482     726.1254  19.8475     6.4205 0.8147 -57.562  1.033    0.8962127   0      398.378
        68   1794.7561   1958.1123     258.7166  20.9679     6.0682 0.9231 +20.379  1.001    0.9032546   0     1794.611
        69   1663.8363   2019.1179     162.4339  21.4733     8.3144 0.6055 -74.698  0.836    0.8773478   0     1663.794
        70   4046.6335   2149.3433     1209.519  19.2935    11.1598 0.7659 -39.182  0.961    0.8901583   0     4046.379
        71   3241.5579   2140.1443     317.3267  20.7462    11.1381 0.5639 -64.961  1.035    0.8889737   0     3240.892
        72   2531.1106   2098.3538     175.9696  21.3864     5.3324 0.7853 +70.562  0.904    0.8699189   0     2531.068
        73    548.7758   2118.5842     186.8713  21.3211     5.9410 0.7911 -51.380  0.906     0.855243   0      548.881
        74   3109.5796   2195.2478     132.4217  21.6951     7.9608 0.6629  +5.176  1.116    0.8780625   0     3110.514
        75   2917.5222   2252.2617     94.84602  22.0575     4.3887 0.9988 -45.002  0.947    0.8828815   0     2917.423
        76   2850.9658   2299.2742     125.1704  21.7562     5.5992 0.8495 -59.629  1.019    0.8852735   0     2851.466
        77   2774.6226   2422.2910     268.8543  20.9262     5.4442 0.9206 +37.925  0.895    0.8834876   0     2774.819
        78    342.1220   2519.5029     845.1308  19.6827    12.2197 0.5816 +76.261  0.980      0.88411   0      342.019
        79   2010.7322   2446.7214     151.9454  21.5458     5.6361 0.8187 -18.866  1.203    0.8629941   0     2010.675
        80   3814.6365   2462.5750     109.0357  21.9061     5.4794 0.9377 -43.805  1.043    0.8629996   0      3815.77
        81    239.8980   2530.4521     287.5492  20.8532     7.5721 0.6375 +24.210  1.047    0.8797963   0      240.254
        82    526.8686   2786.6409     11457.13  16.8523    14.9907 0.5651 -38.589  0.998    0.9703401   0      526.826
        83   1801.0353   2600.1025     280.7203  20.8793     6.1192 0.6652  -7.699  0.890    0.8741508   0     1800.729
        84   2844.1741   2632.4517     294.7121  20.8265     7.5715 0.8096 +66.427  0.975    0.8741433   0     2844.306
        85    243.7438   2625.6133     246.4838  21.0205     9.4211 0.7336 -19.233  0.933    0.8821139   0      244.801
        86    493.6686   2632.5376      294.111  20.8287     7.8643 0.6920 -26.895  0.938    0.8901308   0      492.546
        87   3550.0938   2625.0032     105.4794  21.9421     5.3084 0.7976 -12.907  1.049    0.8556424   0     3548.696
        88    919.3258   2694.9897     270.1535  20.9210     7.1407 0.8917 +56.541  1.037    0.9300998   0      919.528
        89   2991.4346   2731.2793     295.0269  20.8253     6.9856 0.8522 -60.333  0.995    0.9180818   0     2991.312
        90   1292.5026   2717.4961     110.6391  21.8902     5.2978 0.9393 -65.722  1.074    0.8772486   0     1291.376
        91   3328.0972   2727.3391     94.79099  22.0581     5.4794 0.8875  +3.293  0.986    0.8751003   0     3327.914
        92    272.2746   2757.5608     220.6451  21.1408     6.0778 0.7450 +74.449  1.093    0.8696609   0      272.297
        93   3451.7273   2797.8291     219.3584  21.1471     5.8139 0.8943 +80.726  1.046    0.9014397   0     3452.402
        94    854.3724   2941.7490     1794.505  18.8651    11.5500 0.7152 +65.496  1.008     0.952051   0      854.282
        95   3041.1584   2890.3943     2572.403  18.4742     8.5167 0.9911 -46.806  0.978    0.9096855   0     3041.595
        96   3621.2048   2870.0100     137.1508  21.6570     5.8674 0.8323 -61.969  0.884    0.9057415   0     3619.456
        97   1422.3297   2946.6340     204.9242  21.2210     7.8114 0.7143 -38.988  1.111    0.8791851   0     1422.402
        98   1783.3533   3041.7983     807.9941  19.7315     7.9488 0.8598  -5.278  0.941    0.8929352   0     1783.917
        99   2265.9053   3089.5337     905.1304  19.6082    10.5371 0.7334 +38.829  0.986    0.9035195   0     2266.198
       100   2166.9106   3040.1790     248.7433  21.0106     5.4987 0.9234 +29.441  1.185     0.869889   0     2165.619
       101   1365.0688   3058.9619     189.0736  21.3084     7.9874 0.7778 -64.965  0.912     0.882333   0     1364.052
       102   3531.2749   3047.5835     113.9197  21.8585     6.9037 0.7907 +65.013  0.963    0.8864943   0      3531.31
       103   1220.4524   3087.3071     464.3768  20.3328     8.3319 0.7206 +71.941  1.001    0.8834279   0     1221.118
       104    219.9782   3062.4473     96.29411  22.0410     4.6944 0.9374 +47.265  0.940    0.8716577   0      219.898
       105   1846.2026   3129.6885     909.1984  19.6034    11.2437 0.6255  +4.232  0.990    0.9239023   0     1845.905
       106   3326.2422   4087.6565     105.5569  21.9413     8.4029 0.6030 -68.277  0.882    0.8685733   0     3325.568
       107   1437.2064   4063.4565     2524.792  18.4944    11.4420 0.8809 +22.695  0.961    0.9772971   0     1436.922
       108   2719.2710   3883.1458     132.5745  21.6938     9.2368 0.6144 +37.100  0.593    0.8829458   0     2719.727
       109   1712.2362   3468.5388     158.1687  21.5022     6.6191 0.8500 +42.439  0.927    0.8778538   0     1711.944
       110   4031.3547   3762.2817     100.2923  21.9968     6.1899 0.6923 +24.265  0.782    0.8696026   0     4032.003
       111   3551.4514   3377.2378     115.1585  21.8468     6.2202 0.6687 +46.000  0.900    0.8597235   0     3551.786
       112   1118.6116   3828.1797     98.46532  22.0168     5.5197 0.7617 +30.639  0.928    0.8919505   0     1117.097
       113   3373.4258   3726.2205     188.5462  21.3115     5.4047 0.7581 -25.805  0.954     0.890888   0      3374.01
       114   1710.0511   3771.1343     98.22659  22.0194     6.8768 0.7376 +84.899  0.891    0.8913875   0      1710.41
       115   1562.9670   3594.6897     116.0884  21.8380     8.0045 0.6742 -17.809  1.013    0.8882872   0     1564.909
       116   3394.2148   3670.3330     331.7216  20.6981     7.1883 0.8986 -77.599  0.927    0.9038488   0      3394.33
       117    258.6260   3633.2483     112.0504  21.8765     7.0259 0.7804 +69.451  1.950    0.9277958   0      257.511
       118   3201.2659   3631.5146     144.0144  21.6040     7.7012 0.6190 +60.833  0.940    0.8720436   0     3200.943
       119   2588.4707   3559.2668     498.4883  20.2559    10.2708 0.5931 -69.746  1.010    0.8898619   0     2588.019
       120   1173.4014   3570.7319     122.4416  21.7802     6.1023 0.7646 -12.054  0.971    0.8611242   0     1173.533
       121   1435.0085   3576.8879     180.1209  21.3611     5.4749 0.8996 -22.321  1.080    0.8828662   0     1435.907
       122   3371.8611   3369.6331     537.5475  20.1740     9.5056 0.6501 +76.025  0.981    0.8879099   0       3371.7
       123   1457.5079   3452.3254     189.3371  21.3069     7.5003 0.6172  +1.170  0.997    0.8856961   0     1458.495
       124   3790.6238   3566.9819     100.9661  21.9896     5.6953 0.6868 +27.820  0.567    0.9013309   0     3791.231
       125   1986.3795   3796.5415      102.468  21.9735     7.7497 0.7125 -72.342  1.145    0.8789585   0     1986.203
       126   1060.5708   3373.3369     110.1351  21.8952     7.1386 0.6849 +64.682  0.855    0.8733666   0     1061.698
       127   1527.3997   3402.3291     138.8979  21.6433     6.4820 0.7866  +5.177  0.951    0.8584981   0     1526.721
       128   2873.7061   3259.1274     194.0129  21.2804     5.6940 0.9329 +26.251  0.991    0.8830089   0     2873.176
       129    398.7977   3285.4260     649.3311  19.9688     7.9506 0.7952 -84.471  1.008    0.9081139   0      398.149
       130   3195.4468   3301.1050     736.8856  19.8315    11.2009 0.5981 +27.407  0.960    0.8994982   0     3196.458
       131   1733.4926   3855.7615     495.3736  20.2627     7.0955 0.9604 -89.107  0.945    0.8974214   0     1733.482
       132   3779.9866   3222.5090     561.4276  20.1268     8.0825 0.7555 -46.055  1.029     0.892352   0     3779.795
       133   2749.7756   3280.5559     195.3056  21.2732     8.5008 0.6401 -19.113  0.889    0.8844106   0     2748.604
       134   3471.8425   3287.1411     135.3389  21.6714     5.2006 0.8860 +26.097  0.826    0.8733989   0     3470.939
       135   3388.6235   3281.7834     269.7672  20.9225     6.0682 0.9174 +48.638  0.917    0.8730609   0     3387.367
       136   3322.4138   3834.8743     453.8307  20.3578     8.9057 0.6512 -67.244  0.996     0.876529   0     3322.451
       137    350.3629   3203.3557     95.78527  22.0468     7.7608 0.6956 +43.042  0.798    0.8739902   0      350.567
       138   2016.4045   4049.9834     227.9022  21.1056     6.8821 0.7708 -41.265  1.444    0.9004073   0     2017.359
       139   1227.2123   3972.8838     603.7148  20.0479     7.8162 0.8073  -1.303  0.978     0.887233   0     1227.402
       140   2031.6871   3667.7031     156.1085  21.5164     6.2514 0.6656 -79.550  0.933    0.8791382   0     2031.645
       141    149.0781   3973.6052     181.3505  21.3537     5.5238 0.9110 -84.524  1.160    0.9216561   0      147.963
       142   3049.2371   3948.6748     349.2232  20.6422     9.3717 0.7547 -84.188  1.090    0.8936974   0     3048.796
       143   3928.0383   3879.0273     887.9752  19.6290     8.0358 0.7735 -11.712  1.038    0.8917956   0     3928.051
       144    616.9717   3976.5610      112.893  21.8683     6.2335 0.7602 -28.506  1.105    0.8778428   0      616.832
