1 122.585 29.205 22.155
2 277.993 11.165 22.02
3 590.02 10.292 24.749
4 997.293 13.363 20.79
5 1398.291 10.905 23.447
6 1993.657 13.484 23.368
7 2208.374 20.03 19.032
8 2723.564 12.25 23.445
9 3324.302 13.738 24.255
10 3445.691 12.929 24.883
11 3571.615 7.391 24.432
12 3699.636 25.696 24.129
13 3985.635 9.312 23.086
14 641.263 11.705 24.679
15 2395.381 12.068 24.621
16 713.789 19.784 23.619
17 1108.308 40.803 23.381
18 1919.584 52.662 20.648
19 1795.567 28.307 23.799
20 4142.209 27.78 24.273
21 2942.282 28.323 24.404
22 3151.478 37.829 22.992
23 2316.452 31.461 24.391
24 2449.984 40.49 23.307
25 449.491 33.254 23.728
26 2345.138 43.268 24.5
27 1207.572 50.164 22.639
28 3605.491 51.853 22.621
29 978.126 40.703 23.623
30 3825.011 38.682 24.243
31 2017.806 38.1 24.883
32 2408.798 43.366 24.188
33 3561.292 47.028 24.325
34 3591.316 39.847 24.604
35 3987.765 50.478 22.948
36 1410.369 55.158 22.763
37 1681.461 48.266 22.485
38 1779.535 52.604 24.167
39 3387.406 55.279 24.833
40 2747.456 48.267 24.267
41 3074.077 50.757 24.744
42 537.942 47.327 24.768
43 1327.161 57.278 24.079
44 1460.06 57.479 23.876
45 2471.029 62.147 24.232
46 794.637 108.849 19.949
47 2709.463 60.238 24.317
48 3425.022 55.891 24.76
49 1363.888 65.904 24.616
50 3424.337 70.53 23.857
51 3362.181 73.332 24.455
52 3745.296 68.142 23.918
53 2386.298 76.616 23.307
54 2108.318 80.975 22.242
55 1059.995 72.662 24.566
56 1476.739 70.906 23.961
57 2922.471 75.076 22.823
58 3575.683 72.871 23.823
59 4154.941 69.096 24.618
60 1972.954 70.216 24.74
61 2586.838 67.9 24.886
62 3906.889 94.164 22.943
63 2009.424 104.175 22.653
64 3331.659 82.143 23.684
65 3164.151 84.415 24.686
66 733.838 90.499 23.362
67 3466.819 92.452 24.156
68 3645.047 102.521 22.169
69 251.014 96.759 23.37
70 2734.872 97.257 23.338
71 58.226 98.138 24.085
72 1269.469 95.433 23.867
73 1229.355 102.296 23.996
74 1781.474 103.451 23.078
75 3230.302 97.447 24.749
76 3008.831 103.146 22.917
77 2095.192 110.112 22.819
78 2576.899 104.731 24.627
79 3260.696 116.865 21.745
80 2959.123 126.661 21.474
81 464.278 109.455 24.16
82 945.178 107.284 24.934
83 1440.853 112.671 24.191
84 556.103 119.121 22.534
85 2242.861 109.2 24.541
86 2672.205 109.443 23.834
87 2857.739 109.851 24.579
88 3133.198 118.28 22.766
89 1115.175 118.35 23.945
90 473.471 125.533 22.857
91 1190.982 129.941 21.034
92 869.934 125.445 22.624
93 1585.11 118.613 23.487
94 3827.934 117.385 24.794
95 168.245 123.79 23.666
96 1875.678 118.01 24.242
97 400.397 130.078 23.845
98 821.36 126.716 24.622
99 425.8 167.785 19.878
100 1026.059 127.276 24.318
101 120.826 133.998 22.643
102 934.856 140.043 23.519
103 2250.53 129.341 24.459
104 3658.679 131.315 24.846
105 1966.956 143.562 22.221
106 3369.193 134.729 23.608
107 57.051 132.752 24.914
108 3862.498 136.347 24.318
109 1693.053 136.82 24.018
110 1813.482 162.232 22.428
111 3934.459 136.31 24.986
112 2026.931 149.326 22.836
113 3951.316 169.439 23.085
114 3147.155 142.713 24.677
115 2455.027 145.17 24.943
116 2334.815 155.202 23.419
117 826.256 149.285 24.389
118 2926.467 169.483 22.935
119 4082.11 146.956 24.968
120 855.475 152.428 23.876
121 156.653 162.465 24.3
122 2097.636 154.321 24.185
123 1101.054 161.586 23.176
124 2871.597 160.98 23.713
125 3166.085 161.114 23.799
126 3511.969 176.646 22.047
127 1139.803 155.812 24.962
128 1953.328 166.76 21.914
129 3380.763 181.316 21.429
130 3714.034 170.535 22.624
131 326.03 159.961 24.451
132 587.449 170.855 22.995
133 2958.903 163.062 24.294
134 1046.177 169.022 23.824
135 1984.37 167.722 23.812
136 3482.908 165.06 24.173
137 2328.219 188.698 22.437
138 1368.776 168.026 23.864
139 3966.614 174.345 23.516
140 4180.979 172.619 23.964
141 3901.725 175.889 23.597
142 4112.374 181.523 23.609
143 244.397 173.866 23.547
144 1641.886 174.954 24.867
145 2685.214 174.903 23.827
146 2527.326 184.112 24.052
147 2992.869 174.565 24.247
148 3650.941 173.588 24.967
149 3797.336 187.207 22.062
150 1401.061 187.057 22.547
151 3193.925 180.102 23.746
152 1243.573 200.241 22.382
153 3974.888 187.556 22.956
154 1204.533 180.077 24.998
155 136.931 188.258 24.913
156 4069.122 196.951 22.723
157 1453.168 188.136 24.781
158 3112.725 199.239 23.188
159 43.55 189.8 23.859
160 2284.257 193.459 24.315
161 3143.21 188.403 24.417
162 2467.954 199.51 24.365
163 776.007 198.172 23.927
164 1941.389 210.637 23.12
165 4140.905 203.477 23.189
166 4189.087 194.899 24.423
167 347.924 199.474 24.298
168 2399.372 230.9 22.521
169 1492.506 216.453 21.483
170 2266.101 207.84 24.13
171 1199.347 219.44 22.223
172 896.977 216.935 22.169
173 1410.784 204.433 24.967
174 2934.189 226.286 22.129
175 1389.78 213.124 23.73
176 3165.557 221.291 23.163
177 3592.241 212.903 24.369
178 1333.401 223.711 23.252
179 1764.185 241.141 22.071
180 2110.15 225.964 24.196
181 1902.219 230.921 22.605
182 2675.581 214.402 24.828
183 2730.482 222.913 24.985
184 936.87 234.389 23.442
185 3906.4 235.223 22.9
186 3255.004 236.698 23.621
187 1805.887 234.645 21.914
188 1862.689 252.93 22.58
189 3102.937 234.62 24.325
190 760.216 230.559 24.407
191 3115.496 231.216 24.631
192 3506.868 226.769 24.785
193 1103.257 234.792 24.484
194 1037.343 228.948 24.884
195 3215.302 233.782 24.583
196 311.715 260.729 21.236
197 174.473 245.505 23.963
198 211.475 235.017 24.962
199 2874.333 236.68 24.518
200 426.09 238.53 24.79
201 1146.126 238.44 24.226
202 3767.994 233.491 24.619
203 516.006 268.173 23.293
204 3375.773 264.353 21.16
205 2516.629 247.879 23.333
206 377.341 261.756 22.145
207 4108.064 246.374 24.9
208 3926.793 251.714 24.301
209 4011.651 248.057 24.511
210 1432.284 249.385 24.665
211 1001.664 253.637 23.85
212 695.669 264.099 23.417
213 2966.164 260.737 24.255
214 782.027 252.976 24.518
215 1373.777 256.972 24.796
216 1653.888 273.541 22.809
217 3563.408 256.347 24.57
218 1148.667 257.13 24.158
219 2058.64 250.555 24.966
220 3317.099 264.568 22.872
221 1469.187 260.911 24.159
222 1503.515 260.357 24.623
223 2754.326 272.815 22.887
224 1967.625 259.924 24.931
225 2879.627 263.372 24.414
226 941.965 266.005 23.559
227 962.58 267.852 24.721
228 2021.794 297.48 22.848
229 1561.038 266.346 24.889
230 2710.81 265.821 24.372
231 2838.613 271.414 23.567
232 610.669 280.415 23.396
233 1392.958 273.279 24.692
234 2913.174 293.199 22.574
235 3937.596 285.291 22.638
236 1244.365 281.168 23.854
237 3249.978 285.688 22.895
238 1754.74 285.731 23.659
239 274.468 292.982 23.168
240 459.434 311.575 22.921
241 1348.228 287.576 22.726
242 1589.292 289.394 22.582
243 1966.719 323.89 20.329
244 4083.99 291.023 24.455
245 65.841 296.364 23.153
246 2689.481 291.217 24.021
247 2532.528 289.504 24.962
248 480.568 296.505 24.328
249 894.181 295.996 24.802
250 1396.888 299.419 23.848
251 1477.549 301.126 24.052
252 2342.902 302.436 24.844
253 2861.502 305.161 24.225
254 926.803 308.212 24.211
255 2042.925 361.197 18.384
256 2605.299 306.541 24.081
257 3588.022 307.787 23.189
258 695.604 322.836 21.526
259 2816.26 305.725 24.659
260 2724.581 330.627 22.336
261 2297.413 310.6 23.68
262 3071.918 336.324 23.281
263 3235.556 324.499 23.73
264 3341.54 318.04 24.554
265 4167.684 311.596 24.765
266 3990.537 322.112 22.632
267 1466.654 322.537 24.041
268 2117.211 324.4 23.561
269 251.125 318.273 24.772
270 1351.806 319.352 24.366
271 1805.031 320.801 24.943
272 3500.31 324.814 24.48
273 4074.193 347.837 22.497
274 2688.587 324.447 24.42
275 1614.716 329.944 24.167
276 2180.316 323.129 24.999
277 3734.174 339.434 24.042
278 628.701 338.981 23.676
279 1933.304 328.662 24.241
280 1666.261 337.448 24.173
281 2095.035 341.857 23.975
282 2976.488 379.069 20.37
283 199.293 394.581 19.271
284 3599.117 338.138 24.936
285 2325.56 344.954 23.461
286 3904.675 343.434 24.012
287 1337.837 343.318 23.871
288 2418.181 362.786 21.217
289 1813.876 348.172 24.822
290 386.932 452.813 17.298
291 68.933 356.977 22.571
292 2358.021 353.374 24.57
293 302.293 354.248 24.117
294 3163.549 379.025 21.272
295 3977.878 351.007 24.44
296 983.976 354.358 24.454
297 1723.592 356.81 24.562
298 2911.818 364.683 23.974
299 3500.253 420.386 18.993
300 1688.102 379.535 22.144
301 2233.597 360.469 24.947
302 499.246 424.535 21.28
303 1822.341 372.825 24.725
304 2491.562 365.471 24.942
305 2589.583 371.827 23.625
306 229.698 371.09 24.888
307 342.958 377.537 23.135
308 4131.686 370.566 24.123
309 3744.794 370.619 24.782
310 30.201 375.582 24.963
311 1756.795 381.965 24.016
312 2390.638 383.174 23.102
313 2554.016 378.602 23.323
314 1413.083 392.459 22.946
315 3410.586 380.029 24.162
316 4051.579 381.265 22.981
317 1239.511 387.118 23.531
318 1008.468 387.924 24.707
319 2656.944 399.089 23.462
320 2920.941 405.804 22.177
321 2591.611 391.168 22.502
322 297.416 399.687 23.155
323 3630.599 390.872 24.431
324 1157.622 387.174 24.908
325 1067.467 396.037 22.968
326 273.707 432.633 20.662
327 2478.044 398.392 24.016
328 3750.009 398.812 23.812
329 2322.802 400.745 24.772
330 779.924 403.704 24.813
331 4073.582 413.084 23.466
332 4035.124 407.103 23.289
333 1705.051 443.337 19.369
334 2739.22 416.659 23.2
335 3554.243 417.102 24.589
336 3966.328 406.755 24.918
337 882.981 412.908 24.543
338 2283.717 412.012 24.279
339 1404.056 419.257 22.875
340 1871.956 439.183 22.069
341 225.83 439.26 22.281
342 3825.445 417.925 24.944
343 635.759 425.586 24.126
344 1267.041 428.738 24.951
345 3020.336 430.184 24.179
346 50.394 430.659 24.792
347 3901.238 464.103 20.68
348 3287.966 433.808 24.716
349 1147.644 438.505 24.254
350 2944.212 435.162 24.913
351 1816.155 460.185 22.779
352 2252.318 441.438 24.336
353 4067.973 445.936 23.826
354 1618.796 446.083 23.787
355 2600.261 448.07 22.965
356 3623.786 443.424 24.36
357 3871.155 448.513 24.748
358 4152.717 451.382 23.68
359 826.346 442.01 24.477
360 2041.177 456.847 23.999
361 1391.281 452.99 22.911
362 1482.762 454.457 23.672
363 672.293 471.666 22.037
364 1415.482 453.921 24.742
365 2356.422 449.681 24.656
366 3685.125 456.517 24.299
367 1755.359 460.245 23.191
368 2836.121 458.896 24.139
369 2506.181 455.205 24.258
370 2676.199 456.616 24.728
371 3071.739 468.385 24.277
372 162.205 461.87 24.862
373 4174.11 466.365 23.991
374 1990.027 473.903 22.948
375 760.351 467.228 24.657
376 789.171 472.151 23.853
377 1930.043 484.647 21.72
378 3527.386 490.425 24.018
379 4083.264 493.765 23.203
380 2553.284 507.656 21.693
381 1556.725 495.214 22.712
382 2456.597 486.367 24.75
383 2660.295 491.189 25
384 1721.198 499.793 23.363
385 3491.897 497.18 24.343
386 1485.725 495.924 24.903
387 704.863 499.512 24.656
388 934.111 500.059 24.891
389 419.923 505.79 24.132
390 3109.894 506.097 24.537
391 2500.299 517.854 23.174
392 3160.501 519.354 23.043
393 519.812 521.025 23.001
394 558.687 511.8 23.568
395 2974.13 506.819 24.932
396 885.976 510.238 23.065
397 1317.863 512.422 23.813
398 2155.695 516.879 22.779
399 744.538 511.297 24.884
400 104.801 510.299 24.206
401 3982.22 514.006 24.466
402 1943.357 519.602 23.143
403 814.628 520.623 24.286
404 3243.037 514.302 24.858
405 1597.315 528.323 23.47
406 3219.631 537.84 22.965
407 2663.517 527.644 23.794
408 3291.098 531.653 23.102
409 1198.822 532.973 23.694
410 1744.625 543.19 21.354
411 3947.699 535.672 24.613
412 294.798 546.865 22.428
413 1226.613 536.151 24.213
414 59.157 543.453 23.389
415 3866.649 545.84 23.645
416 1361.421 558.258 23.173
417 249.587 543.914 23.809
418 3794.269 563.489 23.665
419 1013.324 570.364 22.231
420 501.708 558.512 22.707
421 948.789 548.6 24.299
422 2036.957 552.676 24.085
423 2354.868 552.086 23.872
424 3813.086 553.115 24.931
425 2407.572 548.576 24.92
426 1839.541 577.341 19.96
427 3048.479 571.08 23.746
428 3405.833 563.52 23.594
429 3636.81 558.716 23.822
430 759.933 567.405 23.376
431 1538.612 564.561 23.709
432 2984.799 558.648 24.041
433 1439.188 576.363 22.162
434 3167.22 560.885 24.782
435 3584.596 565.065 24.193
436 148.284 580.128 24.089
437 2091.719 565.564 22.931
438 2547.487 574.058 23.968
439 4139.477 582.513 21.891
440 2019.972 570.458 24.559
441 3907.33 587.264 22.934
442 1977.089 577.018 23.643
443 3563.446 566.94 24.132
444 80.627 576.949 23.737
445 3357.692 577.058 22.762
446 673.539 588.185 22.532
447 3950.819 572.286 24.92
448 4042.804 586.937 23.396
449 2762.294 582.447 24.432
450 1048.512 589.513 22.87
451 1496.638 585.328 22.789
452 2510.741 579.35 24.547
453 3151.745 590.291 23.189
454 3637.974 581.328 22.982
455 942.401 605.552 22.922
456 2326.449 599.678 21.691
457 1767.097 605.427 21.424
458 3647.874 594.045 23.641
459 2111.208 592.128 24.536
460 2647.586 588.443 24.605
461 2160.821 592.389 24.303
462 4022.762 599.119 22.974
463 3693.196 592.313 24.72
464 2883.111 595.073 24.739
465 294.692 599.547 23.958
466 540.516 595.451 24.166
467 3754.559 607.135 23.99
468 1890.001 626.957 20.47
469 2783.993 604.948 24.463
470 1341.669 620.505 21.792
471 120.044 625.228 21.078
472 3125.083 607.637 23.838
473 4050.507 609.999 23.896
474 2891.552 626.15 23.841
475 325.241 610.688 24.245
476 1731.796 617.125 23.678
477 3401.85 615.596 24.347
478 623.705 658.784 21.683
479 704.668 619.59 24.509
480 3706.9 620.935 24.054
481 329.236 623.986 23.64
482 353.802 629.174 24.781
483 516.163 636.099 23.055
484 4109.495 639.1 22.084
485 1544.314 634.784 24.763
486 1626.064 643.192 22.86
487 2089.973 723.638 17.95
488 3275.804 640.15 23.327
489 191.142 638.221 24.788
490 2197.287 646.676 23.744
491 2506.834 637.887 24.336
492 2725.183 656.246 22.197
493 2812.91 645.343 21.902
494 261.834 664.503 20.922
495 677.111 652.146 22.738
496 3513.912 643.803 24.549
497 2388.387 650.895 23.487
498 1741.226 650.7 24.426
499 2289.978 661.607 23.422
500 1278.188 665.3 22.964
501 1405.116 667.22 23.661
502 3469.699 653.641 24.916
503 1128.8 696.792 20.878
504 2589.977 668.523 22.253
505 3570.9 687.277 20.778
506 1061.518 678.333 23.034
507 846.571 663.351 24.511
508 428.575 678.823 22.119
509 1015.456 682.931 21.679
510 337.158 668.821 22.638
511 3599.331 663.05 24.343
512 168.629 679.042 22.195
513 1431.468 675.523 23.431
514 1728.547 669.314 24.184
515 4116.504 679.775 23.185
516 3535.146 670.73 24.044
517 3608.283 681.366 23.24
518 654.734 680.455 22.773
519 3072.267 693.194 23.03
520 1506.444 672.384 24.729
521 2834.36 682.737 24.333
522 2525.945 679.059 23.874
523 2635.698 683.164 24.914
524 15.468 689.76 24.732
525 3340.101 687.09 23.486
526 1553.499 692.434 22.894
527 2722.401 697.127 23.156
528 1765.535 705.135 23.029
529 2495.926 701.941 23.682
530 1428.513 710.336 22.965
531 1831.952 712.353 22.967
532 1865.505 696.397 24.852
533 1621.799 702.737 24.758
534 1224.555 700.032 24.172
535 871.198 699.104 24.928
536 463.185 705.927 23.698
537 1976.477 711.891 24.363
538 1800.341 708.431 24.056
539 849.519 706.058 24.969
540 1536.093 705.863 23.967
541 2586.457 720.443 22.372
542 1335.756 704.167 24.98
543 1733.7 708.987 24.687
544 90.083 717.744 23.259
545 474.796 719.192 22.623
546 2416.819 718.452 24.545
547 550.618 721.117 23.392
548 577.822 740.16 21.948
549 2250.201 727.265 23.712
550 356.428 739.968 22.988
551 3394.61 774.655 19.319
552 3501.246 727.234 24.912
553 3428.721 738.542 24.396
554 4057.873 738.489 23.704
555 32.688 734.445 24.554
556 1937.636 747.589 22.061
557 1974.287 735.383 24.427
558 3065.79 761.083 22.488
559 1134.734 753.151 22.483
560 1786.021 739.978 24.973
561 483.544 749.146 23.321
562 1651.375 743.85 23.903
563 2588.326 739.557 24.378
564 2624.119 749.27 23.741
565 3246.34 772.832 22.064
566 3728.223 770.941 22.045
567 821.021 744.335 24.246
568 2828.845 754.804 22.704
569 2877.148 751.848 24.001
570 2542.283 745.463 24.993
571 3177.288 754.978 23.935
572 1049.628 754.159 24.042
573 2288.381 751.373 24.909
574 1987.838 761.637 24.448
575 2791.354 753.141 24.872
576 3903.729 762.386 23.167
577 1755.027 764.655 22.832
578 2326.941 768.415 22.297
579 1296.205 765.528 24.756
580 1774.885 767.07 23.152
581 270.725 761.606 23.943
582 1968.673 763.95 24.277
583 1273.816 762.049 24.708
584 80.263 767.451 23.99
585 115.029 768.495 23.342
586 2237.932 781.912 23.263
587 3451.306 773.085 23.026
588 820.824 769.212 24.519
589 640.189 764.343 24.821
590 2579.259 776.689 23.497
591 720.265 794.342 22.157
592 3100.65 769.379 24.554
593 2576.865 789.221 23.619
594 2138.836 780.055 24.412
595 4177.457 774.704 24.829
596 360.499 780.651 24.275
597 2537.176 784.735 23.266
598 3506.041 789.834 23.534
599 3701.587 782.907 24.173
600 1403.392 780.32 24.799
601 2079.048 784.03 23.81
602 2372.133 786.106 24.17
603 3260.4 792.342 24.326
604 2257.816 786.648 24.052
605 1501.278 794.213 23.485
606 3119.498 791.076 23.743
607 3178.758 787.718 24.604
608 2483.571 803.186 23.766
609 3433.309 798.815 23.352
610 2792.506 815.44 23.207
611 667.025 805.366 23.791
612 1609.767 794.095 24.055
613 4166.181 797.458 24.562
614 385.806 796.432 24.542
615 2864.63 798.556 24.678
616 3023.276 807.213 23.753
617 1783.958 807.65 23.933
618 2410.884 835.72 21.658
619 510.828 806.347 24.419
620 3948.285 813.602 24.732
621 1589.352 810.41 24.44
622 3326.828 819.427 24.359
623 127.229 858.356 20.457
624 2731.022 815.81 24.918
625 2968.871 821.467 22.988
626 1978.217 814.575 24.793
627 3005.913 813.966 24.967
628 372.737 881.494 18.745
629 259.717 832.436 23.14
630 4156.383 829.156 23.178
631 2009.778 827.019 24.838
632 1727.149 822.168 24.932
633 2927.238 834.047 22.132
634 3248.122 825.495 24.839
635 2584.013 826.281 24.64
636 2118.502 835.872 23.68
637 2950.101 833.623 24.569
638 3836.954 825.961 24.56
639 3991.635 829.809 24.048
640 3677.722 831.732 24.872
641 3213.931 839.863 23.37
642 3456.254 832.013 24.74
643 1469.48 838.302 23.493
644 1053.817 836.687 24.316
645 3130.056 841.828 24.029
646 1710.282 846.363 23.997
647 2274.103 837.179 24.875
648 545.37 844.865 24.392
649 1324.305 839.136 24.916
650 29.694 868.765 22.111
651 955.831 877.052 21.554
652 3337.174 852.689 24.591
653 1384.851 849.547 24.634
654 446.706 864.411 23.235
655 877.125 858.298 24.097
656 909.345 859.641 24.27
657 3293.216 858.99 24.986
658 3064.252 872.46 23.906
659 3195.031 867.687 23.389
660 3562.209 884.005 22.968
661 2921.445 869.298 22.985
662 3475.997 867.007 24.62
663 2544.311 871.673 24.494
664 2165.746 876.255 24.016
665 698.174 882.54 23.513
666 2794.254 888.031 22.547
667 82.962 877.921 24.435
668 1211.6 880.267 23.834
669 2335.901 880.9 23.978
670 3437.747 920.266 20.174
671 1227.659 884.603 24.146
672 1479.485 887.064 23.405
673 1634.382 896.72 23.121
674 82.807 899.314 22.262
675 1041.344 924.032 20.372
676 219.419 885.29 24.742
677 2988.465 886.981 24.63
678 3101.192 895.648 23.821
679 1682.561 886.877 24.983
680 2762.733 891.894 24.58
681 1349.851 890.973 23.962
682 2101.169 891.101 24.167
683 1814.501 894.005 24.555
684 2411.337 894.509 24.478
685 1292.071 898.997 22.748
686 491.506 894.909 24.202
687 3334.114 909.921 23.482
688 1454.884 901.455 24.38
689 428.49 918.586 21.687
690 289.267 902.242 24.63
691 783.812 902.784 23.896
692 2045.309 898.332 24.967
693 4047.541 903.199 24.299
694 3723.472 903.502 24.81
695 2683.364 915.861 23.371
696 2930.343 901.1 24.717
697 4187.682 914.615 23.741
698 334.099 914.979 24.177
699 254.554 915.128 23.47
700 3870.79 918.362 23.133
701 678.954 916.176 24.252
702 491.222 920.169 24.53
703 530.004 916.896 24.074
704 1319.367 927.425 23.907
705 3324.476 951.265 21.924
706 1754.85 917.1 24.287
707 598.601 947.965 19.972
708 3202.982 918.733 24.089
709 651.926 931.353 23.617
710 2839.594 922.545 23.208
711 804.447 919.335 24.747
712 1401.329 922.545 24.368
713 2367.405 935.339 23.395
714 3616.44 927.037 24.904
715 3717.758 929.422 24.903
716 568.406 936.85 24.33
717 3909.76 933.711 24.434
718 172.034 941.354 23.95
719 941.081 937.686 23.45
720 2314.994 951.277 23.57
721 991.255 942.004 24.224
722 1708.939 947.371 24.003
723 3202.931 944.209 24.458
724 531.904 958.086 22.196
725 1635.97 946.547 24.712
726 3396.81 954.914 24.184
727 3142.355 946.688 24.909
728 2655.649 957.567 24.014
729 1927.188 960.495 24.232
730 463.314 963.396 23.095
731 4081.453 954.58 24.275
732 745.891 952.091 24.9
733 1175.495 956.515 23.947
734 2698.656 955.577 24.903
735 3554.866 954.605 24.803
736 1401.934 955.813 24.768
737 1867.3 960.161 24.708
738 1914.551 964.087 24.736
739 3759.208 958.634 24.824
740 4167.511 965.022 24.885
741 1743.19 964.203 24.935
742 3666.611 970.039 24.949
743 858.867 977.817 23.507
744 2459.491 1071.224 17.644
745 3235.697 982.416 24.793
746 1455.866 975.828 24.664
747 2551.891 998.053 23.117
748 3573.824 975.654 24.931
749 443.365 984.376 24.201
750 2042.628 982.936 24.332
751 874.65 980.071 24.359
752 3002.484 990.136 23.541
753 274.64 989.288 23.758
754 1962.566 985.351 24.386
755 4167.152 997.261 22.532
756 1149.02 994.826 23.163
757 307.678 995.483 23.8
758 396.305 992.486 24.411
759 2480.632 998.22 24.422
760 1853.643 991.695 24.062
761 1348.523 994.644 24.699
762 68.422 993.942 24.601
763 1612.937 1011.658 23.372
764 3638.49 991.602 24.543
765 585.651 999.452 23.245
766 1854.484 1021.726 21.308
767 2363.93 1017.111 22.313
768 3421.65 1006.503 22.791
769 3258.496 1002.104 24.496
770 364.417 1006.698 24.303
771 739.161 998.793 24.952
772 3922.918 1006.883 23.184
773 922.907 1003.383 24.736
774 2302.549 1005.049 24.922
775 542.481 1005.255 24.906
776 1576.365 1009.314 24.228
777 806.149 1018.867 23.128
778 1530.743 1009.35 24.937
779 3180.167 1010.339 24.861
780 991.909 1016.702 23.572
781 1273.488 1010.326 24.992
782 2669.914 1012.474 24.804
783 4048.127 1096.672 18.036
784 1739.702 1015.362 23.536
785 2721.76 1014.737 24.811
786 1439.666 1024.162 23.812
787 16.441 1023.717 23.297
788 288.314 1022.67 24.744
789 3232.916 1021.448 24.881
790 3080.366 1027.044 24.604
791 757.437 1036.148 22.633
792 1898.239 1031.369 24.517
793 1806.405 1026.805 24.441
794 342.297 1031.51 24.73
795 3030.777 1029.22 24.87
796 3129.2 1029.312 24.735
797 3272.648 1031.067 24.897
798 60.86 1035.711 24.441
799 3496.156 1036.54 23.527
800 986.511 1044.67 21.635
801 3918.129 1040.806 23.63
802 2005.971 1037.019 24.504
803 1808.038 1045.134 23.082
804 1125.81 1041.973 23.625
805 543.173 1045.138 24.464
806 18.479 1044.557 23.503
807 508.797 1046.992 24.003
808 1059.363 1049.806 23.964
809 163.64 1048.452 24.616
810 2975.808 1063.745 22.306
811 475.016 1064.938 22.667
812 1958.487 1047.018 24.632
813 572.188 1056.406 23.142
814 2210.565 1065.689 23.156
815 1197.044 1059.805 23.488
816 1879.661 1059.201 24.648
817 1358.12 1064.886 24.478
818 2906.824 1063.397 24.028
819 1413.957 1063.253 24.545
820 3962.801 1065.946 23.405
821 4189.823 1063.572 24.979
822 297.297 1079.292 21.888
823 2557.396 1095.692 21.699
824 11.821 1075.156 22.49
825 1776.768 1078.514 22.95
826 529.959 1070.387 24.64
827 3256.345 1078.605 22.459
828 893.335 1075.379 23.303
829 763.408 1074.012 24.797
830 927.304 1074.556 23.665
831 2607.763 1097.308 21.942
832 3626.933 1076.517 23.974
833 3931.513 1118.698 22.26
834 1015.909 1083.731 23.242
835 1152.358 1083.342 24.144
836 1384.591 1095.37 23.079
837 3212.128 1091.352 23.781
838 1425.353 1095.636 23.597
839 1716.762 1090.798 24.22
840 3770.681 1087.936 24.357
841 109.903 1111.722 22.69
842 728.024 1090.027 24.529
843 686.04 1088.213 24.864
844 1668.951 1095.831 24.412
845 2731.723 1105.054 23.823
846 1074.163 1099.826 24.2
847 468.064 1098.073 24.489
848 3332.581 1112.258 23.058
849 574.158 1102.017 23.63
850 952.393 1097.726 24.98
851 2351.41 1115.636 23.613
852 2641.979 1104.07 23.8
853 346.061 1100.149 24.329
854 1526.725 1101.309 24.996
855 1471.895 1175.19 17.953
856 3083.097 1113.096 24.246
857 887.305 1115.628 24.329
858 1788.187 1131.641 23.061
859 3981.373 1114.604 24.779
860 3813.616 1119.077 24.181
861 638.268 1117.816 24.858
862 2229.452 1129.277 24.374
863 3019.246 1137.957 23.693
864 200.816 1140.325 22.298
865 2572.876 1140.761 23.71
866 773.541 1132.151 23.21
867 2347.757 1159.744 20.72
868 2495.516 1131.683 24.248
869 4177.602 1126.73 24.967
870 45.136 1138.63 24.342
871 2080.733 1131.385 24.855
872 530.784 1146.227 23.382
873 1159.36 1136.788 24.761
874 1014.146 1140.639 24.635
875 1524.219 1145.619 24.544
876 1862.652 1141.375 24.985
877 3617.163 1164.125 21.357
878 1623.043 1146.869 24.895
879 416.756 1173.838 20.663
880 3242.732 1145.472 24.189
881 4105.03 1151.039 24.618
882 1420.719 1152.945 24.7
883 3505.232 1153.791 24.324
884 3160.868 1150.542 24.443
885 882.474 1160.74 23.63
886 845.374 1157.205 24.314
887 1818.8 1164.202 23.512
888 1692.453 1162.311 24.078
889 3897.462 1170.517 22.859
890 4154.351 1159.778 23.066
891 2829.627 1161.452 23.67
892 2158.444 1165.842 22.64
893 3985.251 1201.103 19.322
894 2015.167 1163.473 24.924
895 1874.114 1185.293 23.389
896 726.959 1169.379 24.789
897 2253.762 1169.492 24.783
898 202.277 1170.775 24.893
899 1386.725 1187.351 23.836
900 322.685 1182.061 23.96
901 943.62 1173.416 24.449
902 2530.226 1207.345 22.869
903 231.48 1186.061 23.916
904 2863.738 1182.405 24.273
905 1351.777 1204.89 21.895
906 3864.823 1190.568 24.268
907 2893.719 1209.57 21.733
908 839.397 1198.431 22.624
909 1632.968 1201.026 23.454
910 1824.082 1191.086 23.962
911 2688.77 1207.747 22.372
912 2058.593 1197.599 24.63
913 2596.429 1222.307 20.44
914 506.573 1193.211 24.743
915 283.694 1209.317 23.677
916 3433.324 1201.89 23.728
917 4027.676 1215.332 23.653
918 1192.552 1207.77 24.66
919 924.751 1206.101 24.658
920 3901.172 1208.5 24.779
921 632.857 1217.711 22.368
922 2820.966 1208.551 24.896
923 3564.193 1216.078 24.544
924 2667.156 1237.059 21.106
925 3218.457 1226.541 22.922
926 2032.633 1218.573 24.874
927 1514.332 1224.888 24.01
928 2928.476 1220.205 24.136
929 3857.283 1226.346 23.419
930 60.424 1224.642 24.242
931 3192.777 1239.562 22.117
932 1281.698 1235.59 24.482
933 2351.854 1227.334 24.955
934 3012.427 1228.938 24.922
935 3280.438 1223.492 24.768
936 3432.449 1228.709 24.965
937 2544.655 1232.667 24.175
938 3945.665 1233.329 23.135
939 4070.364 1227.86 24.665
940 740.412 1233.625 24.561
941 3157.878 1233.571 24.602
942 417.289 1234.557 24.983
943 809.537 1259.648 21.669
944 574.856 1236.165 23.304
945 2403.289 1239.754 22.846
946 454.477 1243.81 22.709
947 674.114 1244.694 24.656
948 700.163 1240.764 24.215
949 3714.264 1241.753 24.343
950 588.539 1248.121 23.587
951 1542.868 1252.122 23.169
952 1994.925 1270.001 21.252
953 1453.536 1255.167 22.597
954 846.992 1248.905 24.361
955 1863.856 1257.486 23.069
956 1415.912 1268.284 22.846
957 732.907 1265.504 23.904
958 3755.24 1261.373 23.527
959 82.917 1263.699 24.009
960 612.896 1261.999 24.799
961 3218.382 1267.377 23.625
962 3584.521 1275.551 22.798
963 2610.654 1274.318 22.924
964 572.351 1289.613 21.836
965 3782.932 1276.026 24.844
966 4163.858 1278.824 23.602
967 893.253 1298.428 23.509
968 311.559 1281.94 23.413
969 3467.016 1284.376 23.208
970 163.797 1287.267 23.613
971 1099.913 1279.515 24.197
972 201.651 1284.93 24.313
973 488.129 1289.357 23.543
974 2321.209 1282.829 24.051
975 56.862 1291.489 24.704
976 966.113 1286.117 24.504
977 445.708 1294.106 24.434
978 3331.818 1295.349 24.481
979 1031.629 1325.739 22.537
980 630.491 1300.995 24.436
981 3530.344 1299.931 24.443
982 3577.386 1305.425 23.361
983 3040.944 1297.133 24.986
984 3738.841 1298.597 24.789
985 730.722 1322.763 23.239
986 326.01 1329.483 22.205
987 1962.755 1310.441 24.96
988 357.738 1324.01 22.625
989 2271.606 1304.183 24.642
990 4117.185 1307.225 24.503
991 3938.858 1306.061 24.535
992 3117.583 1316.219 22.43
993 960.268 1321.647 23.417
994 570.389 1314.322 24.31
995 3928.771 1313.808 24.482
996 2036.847 1315.94 24.887
997 2175.686 1319.049 23.952
998 58.829 1319.571 24.356
999 2363.87 1324.491 24.497
1000 3419.677 1329.433 23.44
1001 3871.211 1318.176 24.855
1002 1525.725 1329.445 23.496
1003 3005.988 1322.902 24.254
1004 28.425 1327.572 23.61
1005 1675.214 1336.941 21.672
1006 2291.473 1327.236 24.123
1007 693.251 1333.921 24.157
1008 889.892 1346.8 22.728
1009 3280.269 1342.542 22.66
1010 4190.396 1344.78 23.4
1011 134.897 1349.302 23.514
1012 592.394 1346.788 22.772
1013 1476.215 1346.193 24.147
1014 3661.837 1339.72 24.144
1015 3316.217 1351.85 24.013
1016 4007.461 1351.32 23.894
1017 3172.141 1350.891 24.72
1018 1337.726 1354.464 22.687
1019 2710.608 1356.257 24.562
1020 3078.019 1362.677 22.629
1021 3235.156 1354.475 24.527
1022 1162.714 1352.262 24.717
1023 1258.695 1363.879 23.085
1024 4096.803 1353.223 24.652
1025 3577.279 1358.699 24.746
1026 1864.212 1367.433 23.853
1027 3335.323 1372.135 22.435
1028 181.62 1364.532 23.681
1029 2733.336 1364.38 24.968
1030 996.469 1370.86 24.759
1031 3428.569 1374.93 22.758
1032 741.998 1371.194 24.048
1033 892.028 1380.802 23.045
1034 3751.108 1374.229 23.855
1035 1219.005 1393.568 22.204
1036 1291.6 1371.789 24.908
1037 4092.793 1377.768 23.159
1038 426.417 1388.774 21.32
1039 827.12 1382.248 23.499
1040 2621.195 1389.942 23.649
1041 1602.812 1376.549 24.915
1042 3681.997 1377.049 24.675
1043 2644.044 1383.232 24.418
1044 2166.672 1386.191 24.555
1045 3521.696 1389.281 22.799
1046 3998.147 1400.904 22.886
1047 254.121 1393.364 23.853
1048 1461.675 1387.689 24.686
1049 3600.797 1392.192 23.205
1050 166.916 1395.099 23.772
1051 2280.567 1386.54 24.763
1052 3163.886 1388.731 24.771
1053 2826.075 1411.663 23.135
1054 1768.461 1389.732 24.664
1055 2221.862 1394.189 23.529
1056 3882.747 1395.116 24.416
1057 3339.777 1403.537 22.824
1058 3375.254 1399.029 24.57
1059 2514.314 1402.515 24.797
1060 1087.479 1404.502 24.526
1061 347.414 1415.154 23.182
1062 585.937 1402.97 24.718
1063 2584.03 1404.42 24.978
1064 883.778 1417.062 23.127
1065 3058.243 1407.696 24.593
1066 1567.588 1404.683 24.76
1067 2638.001 1410.275 23.48
1068 3153.404 1411.721 24.385
1069 2276.281 1441.679 20.49
1070 316.317 1412.536 24.959
1071 1006.401 1434.142 21.034
1072 2714.662 1424.674 22.854
1073 858.168 1420.919 23.298
1074 828.729 1418.273 24.823
1075 1062.524 1437.641 22.579
1076 1391.362 1417.502 24.611
1077 2120.02 1415.573 24.794
1078 3689.563 1420.439 24.772
1079 249.637 1436.33 22.21
1080 3718.195 1474.907 21.192
1081 2455.476 1428.627 24.562
1082 952.417 1432.351 22.579
1083 2886.976 1435.683 21.599
1084 2036.028 1444.091 23.136
1085 301.087 1432.24 24.561
1086 3159.965 1436.525 23.376
1087 4104.492 1433.788 24.541
1088 74.312 1441.672 24.206
1089 926.817 1456.371 22.912
1090 3501.491 1435.163 24.047
1091 1916.581 1438.125 24.604
1092 1373.678 1439.252 24.93
1093 1725.477 1436.489 24.01
1094 423.398 1460.998 22.684
1095 510.303 1442.056 24.742
1096 3894.769 1451.104 22.895
1097 273.598 1451.115 23.478
1098 753.367 1449.374 24.005
1099 225.249 1462.259 22.799
1100 2912.751 1450.892 24.738
1101 652.766 1459.224 23.014
1102 1685.849 1444.91 24.635
1103 4017.23 1445.858 24.36
1104 4062.414 1449.633 24.554
1105 2462.517 1472.217 22.2
1106 829.986 1453.925 24.21
1107 1976.797 1458.873 23.587
1108 3461.029 1459.845 24.611
1109 3939.986 1464.965 24.386
1110 138.335 1468.386 23.629
1111 1336.03 1459.953 24.298
1112 1127.032 1463.995 24.295
1113 3252.78 1468.796 24.172
1114 3612.926 1476.228 23.459
1115 3899.456 1492.482 19.641
1116 3924.261 1463.262 24.963
1117 3039.462 1472.979 24.353
1118 465.141 1481.462 22.354
1119 2521.754 1486.664 23.956
1120 735.278 1471.158 24.918
1121 2783.728 1476.022 23.644
1122 3831.394 1476.612 24.545
1123 874.372 1475.651 24.663
1124 1726.719 1485.88 23.111
1125 4057.123 1482.763 24.549
1126 2654.043 1487.68 23.051
1127 311.57 1480.79 24.804
1128 1792.744 1488.437 22.839
1129 817.397 1491.335 23.344
1130 2557.52 1492.233 22.451
1131 2267.729 1517.416 20.595
1132 1066.643 1492.117 23.387
1133 2489.551 1490.272 23.697
1134 3074.955 1488.684 24.495
1135 3389.019 1499.373 23.53
1136 836.996 1489.107 23.881
1137 1702.003 1500.549 22.881
1138 3315.997 1486.013 24.879
1139 3480.655 1490.666 24.625
1140 4167.409 1493.888 24.791
1141 576.996 1503.912 24.897
1142 806.602 1516.945 22.744
1143 259.405 1509.505 24.116
1144 227.143 1523.692 23.358
1145 1593.816 1507.09 24.928
1146 2427.914 1517.595 23.678
1147 4101.636 1510.474 24.782
1148 2871.186 1525.962 21.925
1149 2710.982 1510.607 24.556
1150 1007.322 1515.942 23.817
1151 1724.314 1512.175 23.999
1152 3108.929 1524.06 23.095
1153 1404.31 1527.32 23.519
1154 3419.822 1524.401 24.123
1155 4184.309 1520.075 24.584
1156 1879.798 1537.924 23.87
1157 39.069 1526.209 24.613
1158 737.246 1527.328 24.274
1159 3918.921 1539.554 21.496
1160 551.409 1531.313 23.922
1161 1121.149 1528.42 24.415
1162 3168.059 1534.618 24.596
1163 3583.979 1535.358 23.561
1164 459.984 1531.695 24.584
1165 3002.8 1536.013 24.644
1166 675.904 1529.536 24.955
1167 2651.745 1536.034 24.5
1168 374.747 1539.221 24.706
1169 2218.028 1536.187 24.78
1170 3411.476 1540.417 23.946
1171 66.687 1538.334 24.905
1172 2894.649 1542.852 24.784
1173 3564.367 1551.178 22.069
1174 523.156 1543.08 24.266
1175 3363.048 1557.875 23.739
1176 2673.492 1545.235 24.546
1177 1305.771 1547.841 24.942
1178 2380.946 1551.954 24.28
1179 1423.412 1553.068 24.002
1180 3185.883 1549.594 24.393
1181 3294.599 1558.999 23.987
1182 1180.8 1555.882 22.71
1183 3809.013 1568.625 21.914
1184 3671.553 1558.617 24.688
1185 4016.001 1563.373 24.504
1186 1126.866 1551.718 24.47
1187 2973.622 1563.053 23.043
1188 3478.093 1556.754 24.614
1189 310.894 1592.542 20.683
1190 533.918 1562.74 24.609
1191 1919.014 1563.683 24.803
1192 1334.898 1564.671 24.153
1193 1980.987 1569.764 23.439
1194 3093.465 1572.002 23.526
1195 1769.841 1574.297 24.331
1196 3642.561 1572.114 24.78
1197 2437.515 1574.885 24.244
1198 2741.575 1580.038 24.574
1199 4178.529 1578.042 24.763
1200 2482.195 1576.182 24.14
1201 3114.888 1586.178 23.469
1202 354.595 1599.057 22.767
1203 841.786 1579.014 24.274
1204 3852.546 1574.911 24.852
1205 1207.607 1594.328 22.737
1206 2978.084 1596.228 21.343
1207 1851.007 1586.589 24.045
1208 3519.953 1578.908 24.928
1209 1716.02 1588.191 23.947
1210 1424.71 1595.877 23.722
1211 3556.894 1589.745 23.937
1212 2590.181 1592.539 22.615
1213 456.3 1593.634 24.66
1214 2054.951 1597.356 24.085
1215 3767.792 1602.081 23.746
1216 3621.358 1597.947 24.938
1217 1068.395 1619.907 21.641
1218 810.305 1614.955 23.494
1219 3074.142 1616.776 23.356
1220 2292.715 1624.15 22.428
1221 651.008 1614.902 23.549
1222 3882.258 1623.847 22.844
1223 3352.475 1622.649 22.858
1224 462.698 1630.238 23.879
1225 1173.895 1622.688 22.948
1226 2198.21 1619.05 24.873
1227 80.382 1618.261 23.8
1228 918.044 1629.485 23.674
1229 838.369 1639.568 21.281
1230 1363.825 1618.728 24.471
1231 2325.861 1622.478 24.964
1232 3019.359 1630.996 24.515
1233 1400.987 1634.305 23.974
1234 1769.669 1629.193 24.818
1235 3936.415 1634.292 23.571
1236 1162.026 1633.695 24.779
1237 1183.529 1657.807 20.642
1238 730.609 1640.109 24.7
1239 3325.182 1639.034 24.526
1240 2973.205 1653.614 23.123
1241 1603.494 1658.152 23.088
1242 998.601 1647.513 24.442
1243 1152.411 1653.788 23.799
1244 1103.383 1658.975 24.152
1245 409.82 1657.006 23.502
1246 1433.384 1657.851 23.976
1247 3369.807 1650.663 24.824
1248 1880.303 1684.782 20.872
1249 3516.802 1659.802 24.069
1250 2149.049 1675.068 23.021
1251 2248.723 1672.815 23.324
1252 1581.34 1667.638 23.473
1253 27.812 1666.533 24.169
1254 1545.443 1684.426 23.416
1255 3731.07 1669.662 23.15
1256 633.955 1666.69 24.865
1257 1249.783 1677.168 22.509
1258 2798.5 1672.81 24.22
1259 595.309 1676.376 23.001
1260 3768.157 1677.112 24.284
1261 2708.887 1678.647 24.829
1262 1787.934 1683.176 24.491
1263 2181.873 1687.679 23.491
1264 3204.956 1682.764 24.899
1265 3468.573 1700.845 23.478
1266 1446.407 1694.452 24.602
1267 4050.051 1691.93 24.148
1268 170.693 1729.774 19.758
1269 915.728 1711.028 21.457
1270 2752.123 1695.386 24.191
1271 15.551 1693.785 24.777
1272 2233.978 1710.124 23.631
1273 805.641 1718.022 22.655
1274 100.911 1717.854 23.392
1275 283.546 1699.259 24.894
1276 3702.486 1718.87 23.377
1277 2127.431 1714.216 24.334
1278 2663.472 1721.58 22.38
1279 2935.741 1706.116 24.892
1280 3924.244 1711.578 24.398
1281 1738.514 1725.099 23.621
1282 2366.808 1714.481 24.988
1283 2748.408 1717.884 24.284
1284 3012.169 1717.422 24.644
1285 211.5 1717.61 23.685
1286 1096.596 1723.601 23.098
1287 4071.58 1717.097 24.082
1288 132.199 1720.394 24.191
1289 3183.765 1718.177 23.907
1290 2695.143 1720.88 24.307
1291 3742.9 1716.708 24.954
1292 1562.85 1720.7 24.381
1293 3057.883 1734.862 22.609
1294 1259.237 1730.281 24.246
1295 3850.86 1726.064 24.074
1296 2091.503 1730.758 24.063
1297 3381.444 1731.049 23.902
1298 1419.501 1738.441 22.86
1299 3287.572 1736.821 22.972
1300 729.633 1746.681 23.266
1301 623.258 1736.072 24.494
1302 1823.162 1740.898 23.889
1303 2176.19 1737.189 24.418
1304 2762.632 1741.742 23.797
1305 503.895 1739.489 23.743
1306 3097.355 1736.55 24.533
1307 16.955 1748.606 23.07
1308 2935.515 1748.768 22.677
1309 270.328 1756.621 23.205
1310 403.987 1746.495 24.883
1311 2868.333 1760.774 23.877
1312 474.031 1748.946 24.184
1313 1749.117 1782.331 20.917
1314 3491.256 1776.983 22.492
1315 3903.305 1752.757 24.773
1316 322.277 1771.048 21.461
1317 2319.526 1755.46 23.421
1318 2981.881 1754.705 24.44
1319 3128.018 1755.511 24.716
1320 3813.406 1762.195 23.264
1321 3260.437 1759.624 24.629
1322 1268.524 1763.507 23.888
1323 3642.154 1760.266 24.721
1324 62.452 1762.317 24.373
1325 3374.974 1769.407 24.165
1326 1375.567 1772.072 23.928
1327 4120.343 1767.304 24.601
1328 1061.983 1765.115 24.667
1329 1676.552 1770.676 24.025
1330 1809.002 1776.743 24.066
1331 2000.486 1772.392 23.836
1332 407.621 1770.516 24.904
1333 1076.846 1778.122 24.277
1334 2037.194 1776.853 23.751
1335 295.382 1786.246 23.92
1336 435.81 1770.646 24.866
1337 1441.358 1785.38 23.874
1338 3894.636 1784.161 24.193
1339 1333.047 1791.236 22.795
1340 3561.85 1773.118 24.964
1341 3530.04 1779.699 24.353
1342 1227.827 1779.104 24.298
1343 2572.909 1781.558 24.353
1344 1886.607 1780.036 24.373
1345 2803.343 1783.274 24.347
1346 560.138 1797.912 23.826
1347 2844.22 1790.458 22.882
1348 2500.696 1785 24.518
1349 2882.003 1792.268 23.683
1350 3658.296 1812.117 20.792
1351 1525.44 1790.601 24.1
1352 635.039 1799.927 23.958
1353 602.242 1788.902 24.864
1354 1600.193 1800.429 23.8
1355 1534.03 1807.656 22.851
1356 3385.724 1800.766 24.573
1357 38.761 1803.608 23.293
1358 1105.107 1807.471 23.367
1359 520.583 1797.819 24.735
1360 3577.733 1811.83 23.004
1361 3265.736 1804.327 24.151
1362 1266.717 1800.656 24.977
1363 2421.618 1809.145 23.312
1364 1388.697 1826.854 23.086
1365 722.966 1822.493 23.331
1366 2930.887 1824.311 22.411
1367 3034.332 1815.725 23.574
1368 838.856 1823.069 23.018
1369 614.706 1826.999 23.687
1370 1454.04 1820.765 22.647
1371 3850.679 1831.114 22.828
1372 1210.066 1823.976 23.372
1373 2365.392 1819.181 23.812
1374 2550.153 1817.986 24.063
1375 741.09 1828.118 23.802
1376 1006.541 1824.109 23.923
1377 2644.809 1828.988 24.462
1378 2018.852 1832.894 24.192
1379 1594.707 1827.734 24.734
1380 945.918 1827.799 24.813
1381 1896.869 1858.379 23.011
1382 2110.684 1835.299 24.211
1383 3392.439 1826.645 24.931
1384 821.658 1839.891 22.199
1385 3459.205 1834.283 24.014
1386 2971.957 1834.705 24.548
1387 384.586 1839.516 23.466
1388 1136.178 1834.62 24.52
1389 589.558 1840.686 24.135
1390 3312.514 1841.688 24.209
1391 1661.978 1837.729 24.528
1392 1182.971 1847.668 24.737
1393 2364.86 1841.045 24.234
1394 3351.232 1845.54 24.843
1395 1843.148 1839.646 24.908
1396 2012.344 1865.169 21.858
1397 2921.392 1862.647 20.974
1398 839.626 1853.263 23.616
1399 3149.393 1862.113 21.95
1400 754.43 1850.121 23.526
1401 2785.285 1848.646 24.793
1402 1633.757 1886.666 21.792
1403 1758.866 1852.734 23.807
1404 3029.072 1875.191 21.294
1405 4081.229 1878.84 21.599
1406 1111.258 1855.015 24.357
1407 3793.991 1867.936 22.684
1408 778.704 1864.326 23.598
1409 3919.559 1862.063 24.153
1410 1495.708 1858.33 24.541
1411 3735.427 1860.643 23.995
1412 507.781 1865.869 22.528
1413 2308.778 1859.282 23.499
1414 1578.88 1863.083 24.703
1415 2414.261 1864.309 24.727
1416 3334.29 1859.129 24.919
1417 234.03 1866.087 24.454
1418 2346.135 1883.059 23.132
1419 4172.486 1896.901 20.067
1420 682.999 1864.44 24.331
1421 470.89 1868.845 24.856
1422 3281.861 1878.704 23.928
1423 2586.307 1883.562 23.609
1424 801.547 1877.469 23.37
1425 2776.955 1874.845 23.964
1426 3966.823 1875.174 24.589
1427 2522.6 1887.366 23.33
1428 1518.478 1876.364 24.628
1429 331.648 1888.274 23.28
1430 3187.781 1878.744 24.979
1431 3482.901 1879.108 24.559
1432 987.412 1892.617 23.055
1433 1428.593 1887.356 24.323
1434 2385.477 1897.617 23.747
1435 668.144 1888.419 24.344
1436 168.41 1929.454 19.86
1437 284.963 1889.096 24.702
1438 1003.385 1889.968 24.627
1439 145.792 1903.832 24.281
1440 1151.938 1906.536 22.617
1441 766.819 1896.998 24.586
1442 2689.157 1899.707 22.591
1443 3466.096 1909.039 23.514
1444 1217.109 1898.037 24.665
1445 2821.844 1899.215 24.754
1446 3206.882 1900.073 24.946
1447 3701.727 1907.533 24.036
1448 3935.664 1919.273 23.238
1449 4045.708 1918.162 23.605
1450 1434.54 1934.842 20.042
1451 3984.111 1915.038 22.824
1452 2502.145 1925.62 22.475
1453 3010.334 1915.399 23.935
1454 3545.02 1903.837 24.991
1455 2273.567 1925.415 22.837
1456 3838.811 1910.42 24.355
1457 844.626 1917.747 23.963
1458 1288.312 1921.287 22.976
1459 3729.33 1920.593 24.868
1460 325.749 1914.493 24.758
1461 3638.275 1923.546 23.905
1462 4114.801 1926.5 23.787
1463 1713.797 1945.36 22.26
1464 2956.438 1929.433 24.221
1465 3022.237 1946.194 21.611
1466 3429.959 1935.532 24.575
1467 919.546 1930.822 24.6
1468 2337.794 1935.656 24.134
1469 286.716 1933.184 24.952
1470 2795.131 1957.344 21.481
1471 4003.685 1936.235 24.684
1472 77.037 1935.936 23.666
1473 398.326 1966.899 19.917
1474 683.771 1947.587 22.962
1475 1529.27 1943.762 24.685
1476 2549.235 1948.912 23.556
1477 1955.159 1944.897 24.304
1478 786.839 1944.241 23.977
1479 1798.665 1958.53 21.023
1480 1181.498 1950.876 24.221
1481 1223.704 1945.329 24.482
1482 1892.015 1978.162 21.523
1483 2634.862 1950.154 24.493
1484 3262.024 1958.506 23.609
1485 3458.277 1953.03 24.138
1486 2168.479 1949.333 24.479
1487 3391.212 1951.519 24.763
1488 1617.174 1951.308 24.169
1489 4125.588 1952.856 24.933
1490 491.139 1955.503 24.798
1491 3958.101 1979.502 22.653
1492 2239.168 1984.456 22.446
1493 2684.147 1967.394 23.904
1494 3380.084 1976.491 23.353
1495 3910.017 1971.138 24.187
1496 63.215 1969.614 22.94
1497 579.909 1967.179 24.818
1498 849.217 1970.74 24.27
1499 2297.194 1986.025 21.652
1500 4170.5 1980.275 23.744
1501 811.426 1984.085 23.418
1502 2708.726 1975.686 24.673
1503 2779.669 1984.606 22.584
1504 677.486 1982.479 23.333
1505 3472.93 1977.724 24.192
1506 1522.652 1974.669 24.98
1507 442.091 1977.896 24.601
1508 3767.428 1979.534 24.033
1509 3284.438 1983.282 24.267
1510 172.816 1984.884 24.294
1511 3246.751 1985.933 24.631
1512 14.042 1987.158 24.446
1513 994.357 1985.86 23.483
1514 129.795 1990.249 24.456
1515 1264.974 1985.868 24.275
1516 462.57 1993.466 24.861
1517 3705.722 1998.832 23.785
1518 3356.01 1987.45 24.909
1519 1236.673 1990.845 24.104
1520 46.707 2005.803 24.187
1521 758.461 1998.239 24.626
1522 1025.387 1997.226 24.745
1523 1663.548 2019.145 21.549
1524 3800.071 1996.601 24.985
1525 1961.421 2014.348 23.593
1526 2710.78 2008.718 23.004
1527 2875.906 2000.458 24.947
1528 2762.559 2004.071 24.522
1529 1114.442 2012.762 24.34
1530 2013.934 2010.817 24.556
1531 4118.77 2016.997 24.588
1532 1281.623 2012.447 24.174
1533 3277.313 2015.619 24.404
1534 362.215 2009.956 24.939
1535 1217.285 2023.214 23.238
1536 2349.393 2022.657 24.121
1537 3816.856 2021.201 23.404
1538 4158.442 2025.407 22.155
1539 201.921 2010.582 24.978
1540 3774.687 2017.422 23.184
1541 2686.464 2035.086 21.731
1542 159.947 2034.115 22.347
1543 2206.12 2019.518 24.411
1544 2472.43 2024.607 24.481
1545 946.808 2036.205 23.339
1546 521.869 2027.698 24.779
1547 76.613 2028.007 24.771
1548 717.607 2020.914 24.996
1549 4067.066 2031.32 24.255
1550 2946.437 2035.191 23.469
1551 1039.766 2045.454 23.671
1552 4183.45 2035.785 23.951
1553 566.066 2040.889 24.35
1554 3414.108 2033.912 24.006
1555 3629.867 2033.38 24.834
1556 196.56 2032.102 24.792
1557 860.009 2040.653 23.842
1558 1868.115 2036.659 24.593
1559 2518.338 2035.364 24.981
1560 248.307 2043.972 24.394
1561 1487.142 2041.832 24.504
1562 491.277 2054.922 23.975
1563 995.083 2042.791 24.686
1564 4121.399 2052.757 24.985
1565 1991.312 2061.956 23.427
1566 2141.056 2053.675 24.313
1567 3109.086 2052.987 24.197
1568 2840.927 2055.651 24.915
1569 3444.869 2063.229 24.118
1570 1944.813 2071.542 23.557
1571 3975.278 2073.687 23.333
1572 1589.197 2058.7 24.515
1573 3401.649 2057.662 24.748
1574 1886.857 2073.354 22.201
1575 1617.319 2076.724 23.546
1576 2079.593 2070.275 24.06
1577 2428.476 2064.596 24.832
1578 171.195 2071.103 23.293
1579 1493.688 2075.683 22.672
1580 3071.7 2084.228 23.271
1581 56.353 2066.474 24.386
1582 367.214 2080.04 23.454
1583 1686.615 2071.097 23.198
1584 2727.913 2080.156 23.494
1585 3169.285 2084.266 22.593
1586 4170.299 2080.802 23.001
1587 2942.214 2095.346 22.315
1588 3588.198 2084.085 23.474
1589 3703.795 2075.159 24.992
1590 1791.617 2077.512 24.834
1591 731.527 2090.308 24.223
1592 2530.371 2098.621 21.513
1593 2551.642 2085.927 24.201
1594 3749.174 2109.089 21.854
1595 133.216 2089.646 24.666
1596 2808.964 2106.365 22.869
1597 3650.367 2099.65 23.359
1598 4046.701 2148.485 19.342
1599 548.018 2117.644 21.344
1600 1606.051 2104.561 21.801
1601 2144.668 2097.379 24.77
1602 162.374 2099.526 24.489
1603 47.008 2107.36 23.676
1604 3869.449 2101.494 24.305
1605 883.819 2107.568 22.984
1606 1359.619 2105.036 24.665
1607 3239.785 2140.487 20.895
1608 3917.345 2120.412 23.92
1609 3406.521 2112.4 24.755
1610 849.504 2128.548 23.286
1611 1815.216 2117.908 24.137
1612 3830.892 2149.611 22.903
1613 1321.519 2124.968 24.407
1614 1646.593 2127.62 24.17
1615 2207.101 2126.371 24.785
1616 3957.672 2129.594 24.191
1617 4141.136 2136.452 24.242
1618 3572.994 2138.255 23.993
1619 408.423 2141.764 23.326
1620 964.07 2141.974 23.313
1621 360.617 2136.553 24.271
1622 1257.799 2141.564 23.645
1623 2301.301 2137.662 24.861
1624 2379.294 2146.508 24.529
1625 1217.089 2155.064 22.136
1626 3002.194 2156.778 23.471
1627 1515.829 2149.398 24.352
1628 2888.176 2146.165 24.335
1629 1808.953 2150.515 24.937
1630 2172.56 2148.191 24.864
1631 3609.381 2156.03 23.982
1632 486.206 2159.495 23.192
1633 185.823 2155.475 24.475
1634 3899.355 2152.433 24.508
1635 3391.076 2157.138 23.867
1636 1235.72 2166.509 23.858
1637 1829.994 2170.063 23.815
1638 4188.165 2172.903 24.393
1639 1517.088 2166.166 23.886
1640 3692.829 2169.562 24.481
1641 2802.688 2170.089 23.583
1642 3954.951 2173.489 23.695
1643 473.378 2169.44 23.233
1644 2340.744 2176.571 23.317
1645 2891.644 2167.261 24.672
1646 3069.825 2173.947 23.401
1647 1717.124 2192.567 22.24
1648 2924.244 2187.41 22.563
1649 1265.285 2180.882 23.523
1650 2137.874 2179.4 24.464
1651 99.505 2185.636 22.796
1652 2114.958 2178.449 24.542
1653 354.074 2180.32 24.706
1654 441.265 2212.461 21.966
1655 2574.305 2184.26 24.719
1656 1359.986 2191.229 23.356
1657 2154.794 2197.132 23.06
1658 3395.482 2207.819 22.143
1659 3109.803 2196.275 21.842
1660 781.293 2190.073 24.414
1661 305.351 2186.773 24.922
1662 922.205 2194.281 24.681
1663 2272.244 2201.285 24.152
1664 3223.567 2204.376 24.598
1665 2421.112 2203.985 23.878
1666 2955.283 2201.68 22.947
1667 47.324 2211.021 24.21
1668 1394.649 2209.506 24.778
1669 3306.736 2209.642 24.867
1670 3725.094 2207.822 24.363
1671 981.713 2222.985 23.859
1672 1601.301 2212.293 24.917
1673 3989.49 2226.461 23.421
1674 1240.791 2230 23.906
1675 2634.173 2238.868 21.529
1676 1942.198 2219.449 23.462
1677 1472.325 2222.544 24.33
1678 3418.621 2229.091 22.919
1679 2246.336 2232.178 22.68
1680 738.735 2232.281 23.872
1681 2319.754 2231.018 24.176
1682 3208.06 2234.237 24.847
1683 4031.19 2235.961 24.745
1684 3940.49 2238.627 24.027
1685 542.944 2235.197 24.815
1686 2072.49 2252.71 22.4
1687 3823.485 2248.411 24.242
1688 2913.606 2253.754 22.169
1689 3006.629 2251.253 22.783
1690 3435.139 2253.651 23.501
1691 2130.306 2273.892 23.078
1692 3229.855 2253.108 24.052
1693 1200.972 2250.451 24.218
1694 98.133 2259.367 22.947
1695 1891.42 2253.505 24.591
1696 3168.517 2255.344 23.959
1697 2295.086 2250.824 24.849
1698 31.295 2265.677 22.565
1699 1777.932 2260.674 23.763
1700 4061.419 2259.161 24.388
1701 609.712 2258.59 24.743
1702 1812.73 2268.359 24.737
1703 1934.553 2274.43 22.923
1704 1223.953 2269.461 23.611
1705 1433.092 2285.332 22.938
1706 651.009 2270.533 24.575
1707 2658.066 2282.872 23.521
1708 3059.974 2271.958 24.73
1709 4156.449 2275.222 24.2
1710 915.677 2275.855 24.683
1711 1735.114 2294.368 23.245
1712 2770.455 2283.798 22.64
1713 150.053 2292.729 23.198
1714 1249.213 2289.433 22.052
1715 807.546 2281.301 22.982
1716 2851.004 2297.867 21.902
1717 2713.199 2286.408 23.715
1718 443.222 2290.799 23.083
1719 515.911 2287.299 23.419
1720 2021.244 2284.593 23.343
1721 3854.604 2285.397 24.772
1722 757.565 2277.205 24.963
1723 3254.548 2292.455 24.029
1724 2517.155 2315.638 21.742
1725 306.71 2304.936 20.733
1726 1558.529 2294.762 22.941
1727 2929.28 2289.627 22.978
1728 1633.883 2298.298 22.207
1729 1087.622 2313.543 20.892
1730 2067.442 2291.152 24.543
1731 1806.783 2297.728 24.843
1732 3885.473 2297.172 24.099
1733 49.802 2301.607 24.548
1734 966.867 2298.816 24.901
1735 2793.308 2301.274 24.876
1736 2462.953 2318.315 23.199
1737 3803.228 2319.069 22.414
1738 1133.048 2312.281 24.311
1739 1557.928 2324.174 23.57
1740 2900.655 2314.143 24.563
1741 3652.799 2311.795 24.973
1742 487.886 2313.804 23.947
1743 3716.778 2313.063 24.741
1744 2216.254 2340.936 21.566
1745 3484.18 2318.303 24.761
1746 3623.281 2326.501 23.92
1747 56.678 2338.934 23.073
1748 665.843 2336.176 23.525
1749 3724.91 2349.068 21.777
1750 2729.735 2328.66 23.975
1751 2947.859 2343.891 24.042
1752 2145.966 2336.904 23.854
1753 1428.8 2330.326 24.846
1754 4133.432 2340.211 21.877
1755 1703.6 2334.379 23.766
1756 4185.333 2345.152 23.308
1757 224.205 2341.172 24
1758 3585.561 2339.335 24.151
1759 1946.729 2338.673 24.932
1760 1819.624 2347.688 23.986
1761 2432.113 2352.097 22.972
1762 869.475 2342.37 24.359
1763 1022.089 2358.958 22.472
1764 488.065 2346.201 24.538
1765 1480.983 2372.325 23.208
1766 3963.164 2347.71 24.553
1767 1680.661 2347.827 24.737
1768 3862.145 2356.663 23.193
1769 270.122 2378.852 22.606
1770 784.508 2357.386 22.604
1771 2302.608 2348.911 24.964
1772 3661.277 2347.419 24.859
1773 1766.227 2350.356 24.651
1774 1298.191 2364.119 24.682
1775 3821.775 2360.658 24.056
1776 3787.732 2373.059 23.067
1777 847.381 2363.334 24.463
1778 503.093 2375.71 23.964
1779 2163.295 2360.006 24.949
1780 3631.077 2369.208 24.371
1781 1204.944 2365.072 24.404
1782 1797.076 2370.603 24.12
1783 3033.896 2372.266 24.039
1784 299.996 2380.349 23.835
1785 3914.279 2396.907 23.291
1786 3156.94 2375.063 24.446
1787 2054.279 2386.934 23.442
1788 2218.491 2383.559 23.714
1789 1045.247 2416.927 21.227
1790 1083.681 2390.418 22.787
1791 1774.121 2392.356 23.143
1792 2789.578 2392.817 23.386
1793 1452.129 2391.672 23.692
1794 2390.684 2394.593 24.799
1795 1750.528 2405.658 23.976
1796 1328.173 2392.051 24.704
1797 381.604 2391.07 24.711
1798 938.831 2394.203 23.986
1799 3046.259 2403.154 24.161
1800 3301.226 2406.969 23.82
1801 3200.313 2401.884 24.819
1802 2087.351 2404.001 24.62
1803 2774.432 2421.835 21.037
1804 2835.189 2401.815 24.857
1805 2626.02 2409.451 24.304
1806 2168.128 2407.467 24.593
1807 793.338 2408.296 24.09
1808 4127.083 2414.058 24.833
1809 2600.406 2415.135 24.75
1810 525.315 2417.328 23.953
1811 2490.329 2417.939 24.136
1812 1556.526 2423.499 24.376
1813 2186.101 2417.585 24.986
1814 234.459 2422.551 23.928
1815 3006.739 2419.053 24.425
1816 621.099 2435.107 23.896
1817 4066.04 2420.679 24.514
1818 3367.833 2435.196 23.028
1819 3413.283 2427.411 24.447
1820 58.928 2432.013 23.936
1821 1645.063 2429.962 23.451
1822 3115.116 2434.73 24.901
1823 4170.086 2429.255 24.622
1824 2011.502 2447.435 21.631
1825 355.141 2438.726 23.483
1826 2739.131 2442.778 22.858
1827 716.743 2452.455 22.672
1828 1337.379 2441.293 24.398
1829 1887.247 2440.048 23.917
1830 2146.429 2439.782 23.948
1831 3667.376 2467.983 21.076
1832 3310.409 2449.054 23.458
1833 3457.177 2444.549 24.944
1834 6.981 2463.468 23.1
1835 1028.238 2450.916 24.214
1836 3813.473 2466.842 21.893
1837 1373.509 2461.358 23.186
1838 3329.177 2469.052 22.403
1839 2836.527 2459.086 24.414
1840 2677.034 2452.983 24.737
1841 3032.206 2460.822 22.423
1842 4024.505 2459.178 24.373
1843 4124.611 2455.155 24.956
1844 151.564 2456.841 24.855
1845 1485.938 2457.674 24.164
1846 3287.052 2461.823 23.046
1847 3464.981 2457.03 24.897
1848 3841.62 2462.031 24.688
1849 388.852 2490.506 23.132
1850 1678.225 2466.197 24.704
1851 538.384 2471.679 23.351
1852 1342.24 2471.394 23.892
1853 1768.477 2473.045 23.685
1854 3017.081 2474.824 23.814
1855 186.438 2471.258 24.403
1856 340.852 2521.612 19.739
1857 1391.617 2488.334 22.336
1858 2413.192 2468.078 24.926
1859 3750.369 2493.416 22.465
1860 1041.018 2488.575 24.128
1861 2143.83 2478.917 24.632
1862 1217.194 2483.791 23.79
1863 1819.993 2487.473 24.647
1864 2867.531 2502.183 23.101
1865 3427.359 2484.905 24.07
1866 4196.567 2500.68 23.299
1867 2477.725 2496.272 23.568
1868 3499.006 2504.167 23.713
1869 450.08 2505.074 23.442
1870 1286.868 2497.216 24.435
1871 3021.041 2499.501 24.531
1872 4146.253 2503.984 24.047
1873 3418.655 2508.32 22.823
1874 3629.209 2500.295 24.385
1875 2774.351 2509.909 23.935
1876 3538.585 2505.042 24.907
1877 241.268 2530.057 20.945
1878 988.915 2503.466 24.918
1879 3914.611 2518.218 23.743
1880 127.919 2514.891 24.318
1881 1874.462 2519.013 24.19
1882 4012.864 2529.635 23.351
1883 3381.799 2514.468 24.723
1884 3113.531 2523.384 24.515
1885 1525.534 2522.078 24.367
1886 3760.047 2529.236 24.514
1887 471.465 2529.252 24.891
1888 3041.958 2548.436 23.376
1889 2439.182 2552.907 22.675
1890 3195.941 2537.65 24.508
1891 1860.832 2542.373 24.006
1892 3487.254 2555 23.365
1893 3549.785 2542.463 23.749
1894 3621.795 2544.899 24.656
1895 1039.662 2549.061 22.554
1896 2398.626 2594.157 19.03
1897 379.319 2543.964 24.888
1898 26.889 2548.574 23.81
1899 1916.496 2551.586 23.828
1900 4170.72 2553.627 24.418
1901 645.598 2550.08 24.758
1902 2042.228 2572.784 21.465
1903 4029.313 2591.468 20.913
1904 2307.927 2569.6 23.633
1905 3332.417 2577.242 22.06
1906 413.833 2576.415 23.852
1907 1547.05 2567.365 24.704
1908 2660.047 2572.216 23.004
1909 111.522 2566.712 24.722
1910 2261.493 2566.2 24.061
1911 1137.898 2571.51 24.612
1912 2089.91 2581.22 22.501
1913 2951.1 2575.552 24.205
1914 3745.511 2569.333 24.945
1915 923.524 2581.98 22.362
1916 568.076 2584.008 23.916
1917 828.974 2600.702 22.166
1918 3228.51 2591.798 23.209
1919 1799.077 2600.114 20.957
1920 993.322 2583.409 24.268
1921 1638.954 2581.908 24.787
1922 1716.705 2597.754 23.304
1923 2479.108 2612.576 23.333
1924 1918.734 2589.578 24.018
1925 2997.876 2595 23.56
1926 707.771 2583.992 24.881
1927 1495.938 2597.102 24.071
1928 3381.206 2596.97 24.602
1929 974.905 2603.521 23.513
1930 3464.832 2597.266 24.335
1931 1099.309 2594.696 24.583
1932 2562.885 2601.322 24.003
1933 446.429 2602.912 23.715
1934 240.809 2625.086 21.108
1935 2898.257 2602.213 24.259
1936 494.188 2632.521 20.884
1937 163.402 2602.212 24.755
1938 622.741 2607.492 24.384
1939 1207.334 2609.438 24.734
1940 2844.799 2634.105 20.878
1941 3954.171 2602.35 24.461
1942 401.66 2607.102 23.997
1943 3141.996 2607.889 24.96
1944 776.228 2635.555 22.125
1945 1116.86 2613.669 23.911
1946 1574.249 2617.244 23.558
1947 3726.717 2623.702 22.259
1948 3768.778 2612.66 24.633
1949 3800.551 2608.843 24.007
1950 3549.529 2625.542 21.978
1951 2087.279 2612.338 24.898
1952 3108.968 2618.72 23.54
1953 3476.76 2629.656 21.663
1954 2765.185 2618.902 24.451
1955 2984.543 2624.29 24.257
1956 2272.992 2631.772 23.194
1957 153.533 2624.069 24.468
1958 1978.001 2627.276 23.746
1959 927.818 2637.719 22.12
1960 2126.747 2625.164 24.802
1961 2690.662 2636.224 23.639
1962 545.913 2637.443 23.984
1963 2554.349 2633.443 24.149
1964 3144.329 2641.639 23.531
1965 3859.698 2643.197 22.668
1966 427.651 2637.566 24.895
1967 2230.112 2645.588 23.822
1968 3620.376 2642.971 23.163
1969 2918.444 2646.65 23.707
1970 4010.059 2646.79 24.528
1971 3082.655 2650.607 23.447
1972 4075.676 2647.061 24.214
1973 174.161 2645.335 24.464
1974 3032.823 2647.176 24.68
1975 3187.744 2647.458 23.675
1976 1201.635 2651.772 23.898
1977 99.706 2646.719 24.62
1978 1790.951 2664.136 22.866
1979 2329.987 2647.801 24.479
1980 1891.304 2650.032 24.72
1981 32.206 2654.052 24.931
1982 3596.492 2661.006 23.28
1983 1348.195 2660.069 22.762
1984 1505.406 2655.707 24.365
1985 3562.083 2655.763 24.808
1986 596.129 2675.108 22.642
1987 2797.083 2661.325 24.407
1988 1440.619 2663.099 24.536
1989 931.849 2663.129 24.131
1990 1750.931 2670.537 23.604
1991 842.428 2670.95 24.643
1992 429.923 2674.873 23.013
1993 1393.472 2674.628 23.962
1994 1851.519 2675.137 23.811
1995 300.571 2670.674 24.728
1996 4064.803 2674.398 24.229
1997 3208.405 2675.01 24.507
1998 922.552 2696.493 20.908
1999 527.128 2786.462 16.899
2000 2296.301 2688.708 24.11
2001 688.124 2686.577 24.45
2002 3486.463 2689.909 23.189
2003 4127.249 2684.779 24.467
2004 577.321 2698.339 24.098
2005 739.077 2698.032 22.688
2006 979.769 2709.784 22.034
2007 2513.695 2699.512 23.352
2008 454.989 2704.512 23.564
2009 2252.17 2695.156 24.72
2010 3683.685 2693.958 24.932
2011 3384.499 2696.797 24.61
2012 2401.452 2703.089 24.568
2013 2767.538 2719.715 22.711
2014 834.283 2703.064 24.497
2015 2430.298 2702.361 24.941
2016 4174.947 2718.256 22.447
2017 1292.259 2718.188 22.001
2018 1991.474 2712.999 23.161
2019 2899.004 2720.357 23.143
2020 3055.083 2729.556 22.698
2021 3822.756 2711.433 24.423
2022 2990.734 2733.474 20.806
2023 3867.362 2708.473 24.812
2024 3115.363 2717.606 23.286
2025 3168.54 2712.184 24.497
2026 3328.958 2727.528 22.048
2027 1719.204 2717.083 24.517
2028 2948.437 2728.783 22.64
2029 782.766 2720.314 24.203
2030 1169.71 2717.876 24.973
2031 866.206 2720.49 24.829
2032 703.386 2726.075 23.976
2033 1356.458 2734.571 22.853
2034 1413.907 2728.472 24.89
2035 2672.541 2733.219 22.637
2036 4052.016 2736.862 23.23
2037 1535.061 2737.442 22.988
2038 125.213 2734.405 23.054
2039 2174.763 2732.55 24.371
2040 271.483 2757.623 21.19
2041 3907.467 2738.434 24.07
2042 2313.124 2772.364 21.422
2043 2473.547 2735.867 24.403
2044 1547.773 2779.047 20.647
2045 1671.277 2752.491 23.843
2046 2094.331 2745.438 24.622
2047 902.213 2743.83 23.806
2048 2418.989 2754.076 24.499
2049 2591.177 2755.592 23.839
2050 632.593 2754.994 23.664
2051 2565.98 2765.036 23.723
2052 3474.887 2757.777 23.614
2053 1790.923 2757.206 23.872
2054 2773.832 2753.951 24.777
2055 375.853 2766.401 23.97
2056 3523.938 2763.232 23.981
2057 1242.571 2762.798 24.972
2058 3624.88 2767.792 23.945
2059 2852.896 2771.375 23.616
2060 3019.544 2770.104 24.553
2061 413.078 2786.862 22.835
2062 3096.876 2774.842 23.288
2063 1633.566 2782.458 22.786
2064 3309.383 2772.831 24.114
2065 2041.747 2788.368 23.112
2066 1474.853 2776.684 24.727
2067 1768.832 2795.579 23.557
2068 3452.573 2797.094 21.298
2069 4021.364 2782.216 24.883
2070 2706.733 2788.888 23.669
2071 348.114 2788.843 23.613
2072 3536.629 2796.167 23.669
2073 3426.273 2813.738 22.764
2074 3805.252 2791.152 23.9
2075 2471.813 2805.626 22.166
2076 3025.61 2795.463 23.986
2077 1460.587 2798.346 23.684
2078 1710.929 2794.745 24.873
2079 3098.606 2810.125 22.828
2080 3580.567 2796.561 24.905
2081 3125.884 2807.634 22.756
2082 3508.084 2807.469 23.072
2083 2240.362 2807.382 24.713
2084 2070.548 2799.901 24.775
2085 2798.625 2797.972 24.984
2086 2396.995 2820.502 22.306
2087 2843.956 2799.73 24.79
2088 2942.216 2804.596 24.388
2089 3606.888 2811.853 23.583
2090 1228.681 2821.793 22.327
2091 1889.513 2808.725 24.047
2092 1964.6 2822.411 23.321
2093 1041.144 2809.477 24.574
2094 107.446 2810.743 24.34
2095 2321.343 2813.816 23.723
2096 1687.133 2815.177 23.353
2097 3354.084 2811.366 23.688
2098 2277.69 2809.639 24.536
2099 2541.727 2823.584 23.271
2100 4127.969 2817.698 23.44
2101 206.139 2819.775 24.231
2102 59.051 2829.426 23.227
2103 306.82 2842.892 22.97
2104 3573.745 2823.244 24.453
2105 2510.937 2820.693 24.146
2106 657.367 2843.056 22.893
2107 351.031 2826.469 24.784
2108 1282.595 2836.782 23.348
2109 3445.732 2826.376 24.999
2110 3253.098 2836.53 23.747
2111 3056.037 2843.738 22.835
2112 727.467 2831.106 24.176
2113 259.981 2831.931 24.332
2114 2046.09 2838.115 23.791
2115 1043.94 2846.041 23.506
2116 3004.447 2850.416 23.659
2117 1196.344 2835.759 24.607
2118 1708.137 2839.117 24.553
2119 3496.955 2836.411 24.279
2120 941.698 2839.273 24.599
2121 2446.112 2847.618 24.053
2122 2656.302 2840.139 24.025
2123 3041.533 2891.561 18.551
2124 2674.833 2843.149 23.463
2125 1097.685 2851.173 23.704
2126 217.605 2851.568 22.487
2127 1866.222 2847.242 24.856
2128 3735.805 2847.821 24.797
2129 3127.867 2856.495 23.303
2130 3678.44 2886.132 22.024
2131 623.442 2854.507 24.55
2132 2849.241 2858.393 22.687
2133 3618.705 2869.665 21.632
2134 4033.762 2859.067 23.617
2135 821.751 2890.303 22.947
2136 3367.81 2854.561 24.59
2137 3424.968 2867.51 24.429
2138 427.963 2886.702 22.001
2139 478.153 2897.601 22.144
2140 3460.383 2860.559 24.23
2141 3559.155 2865.521 23.741
2142 854.563 2940.715 18.968
2143 3652.686 2881.436 23.372
2144 1005.361 2884.026 21.942
2145 1067.001 2869.674 24.773
2146 1116.577 2886.009 21.885
2147 1284.555 2875.81 23.476
2148 2777.39 2868.848 23.979
2149 3391.667 2867.619 24.697
2150 142.755 2877.334 22.744
2151 1543.554 2871.86 24.926
2152 1741.495 2882.076 23.341
2153 19.874 2884.134 23.678
2154 2588.451 2882.18 24.401
2155 3730.014 2877.474 24.593
2156 2482.017 2882.406 23.458
2157 4185.821 2897.764 22.609
2158 546.293 2893.716 23.826
2159 1561.637 2880.846 24.829
2160 3234.74 2882.896 24.372
2161 1726.385 2891.727 24.179
2162 2920.632 2884.217 24.799
2163 1415.965 2884.518 24.963
2164 730.885 2884.862 24.889
2165 2362.64 2902.22 20.707
2166 3146.229 2893.979 23.083
2167 1924.31 2901.723 23.438
2168 908.334 2888.019 24.569
2169 314.4 2892.307 24.588
2170 3407.216 2904.735 22.778
2171 4149.205 2915.415 23.098
2172 3198.065 2895.893 24.809
2173 3887.466 2900.101 24.874
2174 9.785 2906.7 23.557
2175 3151.911 2912.713 23.364
2176 1344.247 2911.044 23.986
2177 2871.469 2919.436 22.609
2178 2174.949 2911.331 24.993
2179 1450.387 2911.359 24.126
2180 694.449 2916.014 23.898
2181 1677.685 2917.233 23.851
2182 2034.491 2918.508 22.839
2183 2626.407 2914.111 24.502
2184 2925.316 2914.783 24.422
2185 2321.376 2924.154 23.324
2186 3585.695 2918.027 24.123
2187 3359.424 2929.989 23.591
2188 2947.207 2936.838 23.337
2189 3213.557 2923.285 24.934
2190 3316.796 2933.43 24.289
2191 1203.296 2927.446 24.775
2192 1895.295 2948.709 22.688
2193 1421.037 2946.209 21.437
2194 1447.979 2927.571 24.327
2195 2298.406 2931.955 23.39
2196 2990.901 2933.152 24.911
2197 3856.385 2936.412 24.566
2198 8.041 2942.212 23.473
2199 2570.903 2949.455 22.936
2200 1290.9 2943.45 23.063
2201 2382.537 2943.238 23.372
2202 2894.896 2948.18 24.528
2203 3820.681 2946.809 23.708
2204 3016.912 2952.927 21.829
2205 3546.433 2950.238 23.325
2206 2079.094 2947.791 24.552
2207 4004.036 2972.074 22.338
2208 1707.353 2947.126 24.71
2209 1475.7 2957.257 24.027
2210 1238.534 2954.424 24.862
2211 34.464 2954.581 24.475
2212 380.061 2954.443 24.757
2213 345.781 2956.95 24.657
2214 943.448 2955.403 24.865
2215 3374.991 2963.22 23.526
2216 2652.843 2962.719 22.892
2217 1319.789 2966.699 24.604
2218 3135.487 2967.342 24.663
2219 3768.278 2970.572 23.434
2220 1742.215 2971.04 23.914
2221 2605.775 2977.582 23.378
2222 1426.388 2967.341 24.593
2223 901.175 2977.669 23.587
2224 1171.454 2975.696 24.466
2225 1259.446 2977.093 23.425
2226 635.218 2975.725 24.497
2227 3455.558 2984.219 24.419
2228 3946.664 2978.532 24.591
2229 440.558 2982.506 24.913
2230 3683.402 2987.078 24.211
2231 994.939 2998.508 23.515
2232 3257.733 2991.959 24.202
2233 4161.06 2995.868 24.938
2234 1472.86 3004.149 23.424
2235 2299.621 3005.117 23.558
2236 2167.015 3037.601 20.914
2237 3135.037 3001.859 24.613
2238 3394.886 3011.143 23.57
2239 492.881 3005.978 24.243
2240 1782.622 3041.399 19.753
2241 3379.516 3012.083 24.088
2242 3841.674 3004.678 23.772
2243 2710.092 3008.796 22.958
2244 3439.02 3009.155 23.457
2245 1909.814 3011.495 23.836
2246 1571.425 3022.104 23.338
2247 2393.447 3011.481 24.414
2248 2796.45 3016.053 23.135
2249 4097.169 3026.858 22.515
2250 1985.882 3014.031 24.378
2251 2894.069 3020.783 24.317
2252 2950.248 3019.061 24.177
2253 181.191 3017.739 23.507
2254 210.356 3023.294 23.677
2255 733.774 3017.882 24.319
2256 2172.053 3015.803 24.725
2257 4008.417 3031.913 23.951
2258 2436.61 3034.892 22.432
2259 2263.712 3087.9 19.633
2260 3774.878 3041.197 23.016
2261 266.162 3026.937 24.386
2262 1114.405 3033.358 24.809
2263 3531.512 3047.194 21.833
2264 3940.627 3026.81 24.34
2265 1170.52 3023.597 24.586
2266 333.528 3034.97 24.344
2267 2546.398 3030.431 23.707
2268 830.8 3026.717 24.917
2269 4153.138 3035.363 23.052
2270 2623.358 3036.669 23.508
2271 1002.495 3039.12 24.064
2272 2973.542 3037.842 23.137
2273 43.095 3050.639 23.371
2274 391.691 3041.721 24.111
2275 1437.948 3039.136 24.381
2276 282.448 3042.257 24.61
2277 1375.664 3062.751 21.185
2278 2301.345 3044.805 24.832
2279 217.311 3062.484 21.989
2280 477.95 3048.841 24.7
2281 1069.03 3053.367 24.431
2282 4172.53 3051.428 23.795
2283 2569.205 3051.865 24.383
2284 1221.619 3085.895 20.327
2285 2390.968 3067.368 22.99
2286 2992.192 3067.433 23.888
2287 2869.777 3064.747 24.191
2288 3473.774 3087.182 21.083
2289 377.503 3075.136 22.193
2290 1717.249 3077.584 22.443
2291 1826.703 3070.766 24.628
2292 1019.437 3069.888 24.603
2293 1558.217 3077.5 23.435
2294 1796.695 3082.114 23.839
2295 3348.932 3084.133 23.975
2296 2482.093 3094.947 22.223
2297 3331.373 3088.23 23.419
2298 3882.618 3077.627 24.916
2299 3532.721 3076.366 24.755
2300 2573.581 3078.907 24.585
2301 2857.056 3087.675 24.763
2302 715.411 3083.882 24.001
2303 554.82 3100.327 22.262
2304 4038.776 3086.3 24.683
2305 1840.181 3083.601 24.778
2306 1536.225 3082.47 24.571
2307 2958.471 3099.431 23.644
2308 1847.201 3130.136 19.662
2309 2760.683 3095.237 24.968
2310 3112.388 3099.289 24.023
2311 167.304 3107.045 22.587
2312 840.319 3109.059 23.596
2313 1735.726 3108.561 23.21
2314 706.353 3101.469 24.016
2315 2347.311 3111.026 23.573
2316 1667.527 3104.917 24.895
2317 287.217 3110.106 23.239
2318 2070.814 3108.877 24.562
2319 2423.632 3121.394 22.453
2320 3180.489 3103.577 24.532
2321 2053.127 3109.299 24.001
2322 2804.848 3114.926 23.115
2323 1585.69 3118.68 22.591
2324 771.043 3115.09 24.217
2325 53.993 3117.726 23.7
2326 1280.626 3116.247 23.81
2327 1910.303 3117.343 24.09
2328 2911.296 3129.791 23.238
2329 1973.495 3119.307 24.97
2330 3498.183 3131.96 23.655
2331 431.759 3124.942 24.327
2332 1296.962 3126.42 23.468
2333 4160.929 3122.135 24.936
2334 3414.863 3125.996 24.577
2335 2467.661 3136.747 22.771
2336 396.322 3130.663 24.479
2337 785.312 3136.969 22.525
2338 3919.466 3134.543 24.031
2339 3567.423 3135.382 24.731
2340 1156.279 3135.704 23.329
2341 1217.771 3144.783 24.27
2342 2937.682 3132.692 24.692
2343 3179.1 3134.49 24.911
2344 2511.831 3143.079 23.803
2345 3705.726 3142.09 24.11
2346 981.432 3148.189 23.643
2347 107.18 3148.386 23.963
2348 955.909 3153.524 24.392
2349 3288.77 3160.669 22.942
2350 2302.815 3157.264 24.929
2351 2696.327 3159.798 23.202
2352 344.789 3175.021 22.28
2353 2909.887 3182.882 22.887
2354 3189.288 3156.637 24.305
2355 4084.009 3157.559 24.849
2356 20.915 3159.876 24.642
2357 3327.777 3159.783 24.417
2358 887.318 3162.228 23.771
2359 431.681 3157.836 24.673
2360 1129.357 3167.085 24.36
2361 3939.33 3191.968 22.678
2362 1287.197 3173.17 23.556
2363 2533.956 3169.42 24.385
2364 2020.501 3170.614 24.33
2365 772.349 3167.047 24.729
2366 3612.439 3170.618 23.699
2367 291.222 3174.669 23.746
2368 3764.796 3179.126 22.642
2369 2721.917 3186.786 23.636
2370 1038.203 3187.283 23.843
2371 115.489 3205.194 23.093
2372 1841.337 3192.361 23.641
2373 540.807 3198.721 23.077
2374 1611.729 3193.791 24.578
2375 2572.5 3196.654 24.352
2376 231.241 3206.761 23.37
2377 3779.679 3223.244 20.232
2378 982.03 3198.39 24.514
2379 2311.104 3207.698 24.285
2380 3220.346 3199.552 23.942
2381 351.079 3205.321 22.225
2382 1734.715 3209.126 22.907
2383 3053.584 3199.959 24.902
2384 3641.107 3221.938 22.097
2385 1933.675 3221.305 22.099
2386 2483.098 3209.986 24.657
2387 1343.675 3220.485 22.842
2388 3337.977 3222.335 22.967
2389 2735.667 3219.281 24.592
2390 3478.952 3219.362 24.254
2391 1010.278 3225.817 24.633
2392 1454.782 3219.732 24.481
2393 1983.472 3222.201 24.765
2394 4166.351 3226.464 23.975
2395 3668.905 3231.099 23.302
2396 399.861 3233.935 23.243
2397 653.183 3229.377 23.78
2398 3020.496 3227.364 24.893
2399 1297.598 3247.355 22.723
2400 199.875 3230.148 24.72
2401 3870.448 3234.101 24.688
2402 3956.097 3234.788 24.708
2403 43.773 3236.645 24.828
2404 1847.406 3238.941 24.449
2405 1249.022 3248.194 22.54
2406 1669.09 3239.452 24.362
2407 1781.242 3261.031 22.397
2408 2874.612 3258.341 21.318
2409 2403.028 3246.7 23.818
2410 3155.461 3243.26 24.342
2411 3581.878 3249.394 23.897
2412 2957.341 3253.816 23.098
2413 4159.355 3250.957 24.536
2414 397.017 3285.25 20.025
2415 1731.694 3257.942 22.841
2416 2747.132 3279.121 21.355
2417 36.511 3258.172 22.846
2418 3164.156 3275.138 23.507
2419 3388.94 3281.034 20.931
2420 1450.907 3261.324 24.634
2421 4040.028 3274.128 23.735
2422 2193.282 3271.72 22.572
2423 3197.112 3304.383 19.932
2424 3468.333 3288.778 21.554
2425 502.709 3273.098 24.51
2426 2535.219 3290.831 23.391
2427 193.696 3286.711 23.02
2428 965.887 3289.062 23.354
2429 2775.325 3279.395 24.84
2430 539.649 3281.608 24.908
2431 3993.96 3284.214 24.73
2432 2342.567 3286.066 24.221
2433 255.502 3283.32 24.026
2434 1777.609 3292.918 22.681
2435 2929.442 3288.203 23.969
2436 2877.874 3300.436 22.532
2437 3632.678 3289.799 24.6
2438 721.732 3298.32 24.128
2439 150.555 3310.367 23.866
2440 624.16 3299.293 23.524
2441 3685.574 3300.059 23.522
2442 1451.383 3301.599 24.567
2443 3546.032 3310.136 22.615
2444 3127.246 3307.273 23.301
2445 1297.003 3308.035 23.734
2446 3743.097 3312.756 24.602
2447 1910.674 3314.486 24.621
2448 1508.718 3307.986 24.537
2449 3297.5 3314.188 23.501
2450 3642.146 3308.88 24.986
2451 4177.647 3324.065 23.982
2452 1843.697 3333.806 23.55
2453 923.745 3330.904 22.282
2454 2825.916 3325.645 23.972
2455 3532.174 3327.126 23.763
2456 564.356 3321.062 24.608
2457 1676.519 3334.463 23.299
2458 531.361 3327.947 23.576
2459 3380.64 3326.354 24.211
2460 3855.756 3347.176 22.773
2461 4101.183 3350.006 21.38
2462 387.375 3332.067 23.978
2463 2559.986 3332.72 24.651
2464 2347.519 3330.533 24.232
2465 105.686 3337.922 22.931
2466 675.844 3329.466 24.837
2467 1203.105 3331.464 23.555
2468 2764.109 3347.605 22.734
2469 3370.505 3368.516 20.228
2470 1751.274 3342.028 24.189
2471 2709.865 3346.004 23.699
2472 1062.056 3370.581 21.938
2473 3033.626 3340.685 24.88
2474 4027.61 3342.872 24.482
2475 2438.095 3353.479 22.636
2476 3483.929 3353.929 23.767
2477 176.364 3355.713 23.882
2478 1710.748 3362.296 23.816
2479 159.843 3382.264 21.271
2480 9.358 3353.983 24.832
2481 4154.873 3383.018 21.751
2482 3071.138 3374.335 21.889
2483 3807.461 3359.528 24.865
2484 625.766 3379.059 23.372
2485 2577.128 3364.388 24.462
2486 2669.556 3363.728 24.847
2487 3551.511 3377.815 21.998
2488 1511.624 3366.613 24.809
2489 865.236 3367.296 24.47
2490 2931.585 3371.635 24.442
2491 248.309 3367.281 24.905
2492 775.335 3385.173 23.152
2493 691.704 3376.817 24.246
2494 1654.632 3378.233 23.545
2495 1566.678 3378.53 24.539
2496 2182.811 3373.228 24.921
2497 3436.361 3379.379 24.419
2498 732.049 3385.997 23.911
2499 46.884 3383.917 24.275
2500 572.634 3388.481 23.176
2501 1892.809 3388.914 24.25
2502 2039.529 3384.898 24.697
2503 3266.974 3400.711 23.518
2504 4007.561 3408.834 21.347
2505 304.039 3395.552 22.833
2506 2874.385 3389.306 24.595
2507 3604.785 3404.501 22.242
2508 552.732 3395.656 23.808
2509 1526.711 3402.895 21.801
2510 3321.815 3397.27 23.758
2511 1402.885 3401.263 23.648
2512 2831.201 3445.255 22.309
2513 3956.494 3399.806 24.401
2514 686.937 3404.867 23.389
2515 3910.717 3411.278 23.051
2516 3181.743 3446.307 21.967
2517 471.524 3415.52 23.573
2518 1763.789 3405.566 24.152
2519 1292.309 3407.973 24.778
2520 423.436 3408.79 23.266
2521 2203.618 3405.916 24.154
2522 3381.268 3418.272 23.478
2523 1643.237 3412.857 24.895
2524 3687.243 3416.888 24.452
2525 1045.672 3421.879 24.02
2526 2799.829 3419.419 24.865
2527 3707.075 3417.705 24.935
2528 2946.9 3418.74 24.472
2529 29.223 3422.621 23.574
2530 3003.471 3425.866 24.029
2531 1399.411 3419.259 24.436
2532 1212.49 3435.466 23.316
2533 3212.697 3441.088 23.22
2534 4182.257 3431.953 24.964
2535 1017.399 3443.813 22.747
2536 2493.832 3442.026 24.366
2537 1346.615 3442.259 23.396
2538 444.566 3448.366 23.104
2539 1460.033 3454.072 21.355
2540 854.811 3443.691 24.823
2541 2256.462 3455.157 23.466
2542 1712.08 3468.152 21.628
2543 3701.984 3452.002 24.412
2544 4053.824 3458.428 23.474
2545 830.916 3453.51 23.796
2546 3458.797 3471.09 23.159
2547 2188.731 3452.964 24.904
2548 500.414 3456.938 24.827
2549 710.918 3462.57 24.308
2550 3123.053 3463.528 24.676
2551 3755.952 3460.797 23.854
2552 1629.846 3468.521 24.89
2553 4092.812 3461.668 24.999
2554 3081.12 3466.989 24.614
2555 313.47 3491.278 20.885
2556 2518.497 3481.777 23.489
2557 3515.178 3497.136 22.159
2558 4141.523 3476.029 24.479
2559 34.086 3470.327 24.272
2560 786.115 3473.038 24.644
2561 3657.082 3486.541 22.521
2562 2111.535 3474.951 24.538
2563 2197.514 3478.995 23.783
2564 1526.665 3483.433 23.18
2565 408.292 3481.446 24.905
2566 3257.491 3489.385 23.608
2567 3727.538 3497.858 22.02
2568 3045.107 3489.315 24.178
2569 2678.751 3484.931 24.595
2570 3866.447 3496.924 22.994
2571 2621.512 3489.722 24.124
2572 1875.181 3494.3 24.238
2573 2787.707 3491.998 24.659
2574 1451.732 3502.995 24.559
2575 573.021 3495.147 24.892
2576 1854.108 3503.964 23.586
2577 3706.536 3505.954 23.865
2578 3804.925 3502.604 24.567
2579 3368.289 3504.105 23.364
2580 150.64 3534.806 22.635
2581 1703.102 3510.001 23.942
2582 433.826 3510.444 24.139
2583 2693.129 3512.005 24.656
2584 2270.947 3517.288 24.556
2585 2530.017 3516.955 23.313
2586 2017.073 3521.624 23.442
2587 1812.481 3515.668 24.961
2588 4029.816 3518.093 24.642
2589 1232.649 3531.859 24.201
2590 1649.64 3531.349 22.251
2591 2607.57 3527.487 23.444
2592 15.615 3539.967 23.445
2593 193.944 3533.228 24.196
2594 2587.372 3562.766 20.316
2595 304.081 3538.771 24.141
2596 2947.832 3543.961 23.939
2597 1880.781 3549.947 23.852
2598 738.998 3544.473 24.74
2599 2965.386 3558.183 22.628
2600 713.707 3543.081 24.875
2601 3752.376 3541.718 24.883
2602 3151.927 3548.121 24.187
2603 3382.04 3543.302 24.777
2604 1173.149 3570.836 21.863
2605 2689.08 3552.304 24.192
2606 3243.395 3558.584 22.951
2607 448.871 3550.837 24.851
2608 3958.192 3554.316 23.95
2609 909.835 3553.173 24.755
2610 3340.657 3556.724 24.453
2611 1435.365 3576.638 21.413
2612 3791.927 3568.793 21.714
2613 1783.039 3575.962 22.795
2614 501.759 3561.956 24.386
2615 2127.778 3559.564 24.516
2616 2255.377 3562.295 24.226
2617 1365.967 3600.743 21.043
2618 1928.979 3563.418 24.758
2619 66.922 3573.864 22.802
2620 3695.17 3570.551 24.499
2621 235.973 3566.966 24.723
2622 1561.955 3594.168 21.845
2623 1868.343 3580.498 22.931
2624 3185.66 3582.695 23.206
2625 2036.117 3572.93 24.966
2626 2317.902 3596.119 22.599
2627 364.654 3584.332 22.846
2628 3461.243 3614.227 22.077
2629 610.022 3586.781 22.947
2630 1977.35 3588.086 23.532
2631 178.689 3582.836 24.799
2632 517.838 3585.74 24.059
2633 551.535 3585.527 23.479
2634 3998.591 3586.886 23.86
2635 2655.521 3586.47 24.777
2636 897.876 3589.752 23.978
2637 3433.76 3589.822 23.803
2638 3646.236 3590.305 24.141
2639 392.566 3591.121 24.687
2640 3524.136 3625.454 22.008
2641 2076.063 3596.822 24.109
2642 2462.471 3593.746 24.885
2643 246.053 3602.209 24.017
2644 310.608 3617.665 23.422
2645 3760.376 3604.352 23.174
2646 744.272 3615.557 22.682
2647 727.456 3610.974 24.816
2648 2492.826 3602.498 24.967
2649 267.763 3609.004 23.518
2650 3903.21 3603.545 24.768
2651 2052.482 3624.645 23.949
2652 2816.738 3603.266 24.644
2653 2458.938 3611.906 23.126
2654 166.469 3613.852 24.122
2655 4055.15 3624.71 21.817
2656 2017.278 3615.419 24.72
2657 3583.808 3614.968 24.838
2658 3200.533 3633.589 21.651
2659 1277.293 3617.451 24.549
2660 53.06 3623.98 24.349
2661 342.756 3622.521 23.487
2662 841.783 3651.161 22.517
2663 1739.468 3621.468 23.542
2664 3821.575 3626.97 23.579
2665 3418.017 3625.453 24.568
2666 715.703 3625.44 24.422
2667 2682.122 3629.29 22.815
2668 1131.783 3630.536 23.402
2669 2721.631 3644.751 22.864
2670 258.457 3634.711 22.111
2671 1352.999 3626.149 24.902
2672 2506.169 3630.344 24.382
2673 3385.2 3632.185 24.024
2674 956.802 3636.392 24.416
2675 1951.655 3633.032 23.861
2676 2745.323 3639.291 23.87
2677 657.378 3695.309 20.09
2678 889.175 3638.494 24.093
2679 3790.726 3662.315 22.315
2680 3871.367 3641.163 23.26
2681 1696.192 3647.198 23.268
2682 3088.579 3638.234 24.697
2683 375.085 3648.356 23.202
2684 1550.066 3639.69 24.587
2685 3393.9 3670.121 20.737
2686 514.678 3652.059 23.186
2687 2824.987 3649.339 23.742
2688 2918.962 3646.75 24.825
2689 1606.439 3650.86 23.848
2690 2032.519 3668.236 21.591
2691 1264.348 3651.958 24.479
2692 2855.884 3649.723 24.649
2693 3028.021 3660.809 22.174
2694 1300.825 3652.653 24.715
2695 3489.415 3662.466 23.454
2696 256.93 3669.599 22.833
2697 4005.875 3674.699 22.973
2698 3677.205 3672.636 24.446
2699 795.315 3670.197 24.582
2700 1001.551 3679.834 23.085
2701 1260.924 3673.194 24.285
2702 3014.269 3676.969 24.347
2703 1401.356 3672.662 24.56
2704 2561.254 3679.601 23.2
2705 473.284 3679.047 24.998
2706 1076.771 3695.704 22.032
2707 3132.632 3680.954 24.801
2708 2751.352 3686.875 24.074
2709 3250.963 3679.752 24.866
2710 3902.669 3706.677 22.31
2711 118.21 3687.799 24.187
2712 3495.259 3714.313 22.067
2713 1877.035 3692.225 24.377
2714 2809.961 3698.251 24.348
2715 2490.114 3692.443 24.972
2716 1595.41 3703.901 23.374
2717 1224.94 3708.648 22.683
2718 2150.152 3703.408 24.114
2719 2212.276 3712.417 22.785
2720 2027.175 3701.707 24.314
2721 1508.249 3709.926 24.373
2722 519.687 3715.76 22.621
2723 3375.322 3728.053 21.276
2724 4127.631 3710.355 23.73
2725 3581.364 3718.524 22.97
2726 4035.089 3715.889 24.017
2727 441.082 3711.093 23.882
2728 1308.728 3731.433 23.389
2729 2540.085 3730.698 23.222
2730 625.467 3725.318 23.466
2731 1953.563 3722.104 23.495
2732 331.095 3722.095 23.679
2733 780.902 3731.161 22.312
2734 2665.728 3722.973 24.201
2735 2057.149 3722.68 23.72
2736 2586.24 3734.793 22.361
2737 1252.583 3734.142 23.529
2738 136.279 3727.856 24.646
2739 3032.03 3736.112 22.706
2740 3847.937 3728.234 24.892
2741 1547.078 3747.058 23.636
2742 921.594 3730.811 24.837
2743 1194.987 3735.318 24.516
2744 189.16 3739.767 24.78
2745 3432.291 3745.267 24.255
2746 304.204 3774.623 22.448
2747 3093.849 3741.78 24.531
2748 2373.819 3740.299 24.701
2749 2642.804 3753.445 24.136
2750 3332.983 3749.049 24.224
2751 381.037 3749.354 24.222
2752 1048.046 3748.856 23.773
2753 68.106 3748.028 24.42
2754 2267.94 3754.969 22.4
2755 4106.393 3746.915 24.911
2756 4032.254 3761.227 22.113
2757 681.729 3753.349 24.702
2758 2736.177 3762.465 23.212
2759 1755.282 3753.864 24.708
2760 2998.854 3764.44 22.952
2761 2005.26 3755.097 24.893
2762 2561.894 3761.436 23.944
2763 3239.599 3756.177 24.866
2764 890.029 3756.208 24.782
2765 934.743 3758.363 24.786
2766 2587.878 3764.652 22.631
2767 1242.37 3763.665 24.737
2768 2104.944 3760.884 24.163
2769 969.594 3765.844 24.486
2770 1709.807 3772.858 22.129
2771 3913.051 3782.83 22.997
2772 1673.958 3770.578 24.258
2773 1853.35 3766.275 24.734
2774 4122.526 3772.145 24.513
2775 1637.324 3769.485 24.939
2776 756.157 3774.503 24.871
2777 3899.567 3775.635 24.646
2778 2549.554 3777.236 24.873
2779 31.989 3778.277 24.806
2780 841.409 3778.487 24.399
2781 3986.97 3784.987 23.756
2782 503.277 3777.086 24.858
2783 1337.319 3789.227 24.164
2784 1985.388 3797.932 22.056
2785 2208.877 3799.547 22.66
2786 3139.154 3792.735 24.172
2787 3590.14 3787.875 24.664
2788 1264.546 3790.59 24.972
2789 1890.459 3796.424 23.864
2790 3007.012 3788.335 24.957
2791 2794.262 3801.882 23.526
2792 583.041 3792.344 24.862
2793 1159.748 3795.873 24.565
2794 3310.081 3797.884 24.622
2795 2451.268 3803.997 23.617
2796 2876.798 3804.289 22.944
2797 3230.906 3796.474 24.228
2798 1234.44 3803.153 24.914
2799 2270.309 3809.636 23.504
2800 3031.14 3817.708 23.781
2801 3323.888 3834.663 20.447
2802 2940.53 3801.951 24.287
2803 3782.094 3806.729 24.068
2804 1785.606 3803.498 24.829
2805 2960.916 3809.937 22.87
2806 960.276 3815.481 24.037
2807 3180.99 3821.813 23.971
2808 523.15 3818.642 24.512
2809 1123.33 3832.832 21.897
2810 1734.826 3854.929 20.363
2811 2377.253 3821.371 23.545
2812 373.754 3819.217 24.632
2813 2663.288 3826.091 23.282
2814 3562.59 3824.514 23.172
2815 1260.651 3833.127 23.474
2816 2084.514 3826.58 24.252
2817 3839.84 3829.011 23.692
2818 22.337 3840.8 23.542
2819 1966.888 3830.949 24.442
2820 2581.592 3837.449 23.313
2821 235.998 3834.271 24.86
2822 139.649 3833.464 24.598
2823 2439.944 3836.571 24.778
2824 2838.358 3841.422 24.241
2825 782.108 3842.35 24.417
2826 458.685 3838.873 24.998
2827 493.407 3847.156 24.408
2828 2129.432 3862.239 23.512
2829 4160.353 3870.715 22.31
2830 2971.664 3845.271 24.669
2831 3928.059 3879.021 19.699
2832 2719.365 3881.529 21.734
2833 3113.666 3850.357 24.804
2834 4186.86 3859.942 24.585
2835 1102.616 3858.662 24.292
2836 116.331 3871.905 23.357
2837 2962.936 3874.465 23.811
2838 1199.467 3867.496 23.9
2839 1455.44 3876.112 24.183
2840 3520.842 3865 24.723
2841 3726.436 3867.837 24.473
2842 1709.067 3872.695 24.559
2843 1873.95 3880.662 22.846
2844 62.002 3873.896 24.362
2845 802.748 3871.808 23.526
2846 1920.168 3890.769 22.455
2847 4067.799 3884.792 23.64
2848 2318.456 3872.177 24.439
2849 4096.642 3885.822 22.863
2850 4191.878 3899.649 22.07
2851 2039.722 3875.57 24.887
2852 3690.027 3877.877 24.428
2853 2386.816 3911.033 20.57
2854 2888.071 3888.217 23.411
2855 1505.257 3883.167 23.935
2856 1797.181 3879.394 24.776
2857 3180.912 3882.068 24.8
2858 2785.253 3904.739 22.717
2859 3128.657 3886.034 24.632
2860 687.851 3892.42 23.594
2861 414.872 3892.896 24.004
2862 785.996 3894.208 23.159
2863 3554.87 3902.599 22.381
2864 2520.434 3896.12 24.632
2865 2839.358 3892.595 24.978
2866 2447.122 3899.423 24.533
2867 3115.841 3908.369 23.953
2868 1785.806 3905.33 23.881
2869 1901.422 3910.99 23.575
2870 4050.644 3915.974 23.168
2871 1858.065 3908.573 23.447
2872 2585.228 3906.479 24.746
2873 3789.422 3909.216 23.124
2874 1496.643 3910.627 24.139
2875 41.01 3907.701 24.452
2876 122.058 3910.962 24.163
2877 192.904 3904.292 25
2878 263.283 3911.596 22.971
2879 2036.847 3909.797 24.255
2880 1368.904 3919.916 23.389
2881 3862.039 3910.91 24.412
2882 2306.653 3919.452 24.197
2883 3915.158 3917.1 23.153
2884 945.404 3921.723 24.508
2885 3016.4 3928.791 24.267
2886 513.635 3919.374 23.996
2887 3423.866 3949.224 22.004
2888 1681.432 3934.479 22.698
2889 2132.613 3926.344 24.689
2890 536.604 3924.436 24.747
2891 3049.709 3946.823 20.738
2892 3140.708 3932.602 22.505
2893 1011.942 3925.878 24.202
2894 3561.939 3926.256 23.882
2895 2863.482 3926.158 24.184
2896 2509.135 3939.553 22.933
2897 3178.139 3942.804 23.041
2898 3510.1 3931.793 22.972
2899 169.491 3952.066 22.48
2900 1908.326 3948.71 22.125
2901 219.015 3931.864 24.917
2902 356.732 3937.105 23.91
2903 1964.111 3946.657 23.638
2904 2442.503 3942.64 24.272
2905 3820.664 3944.272 24.521
2906 2565.3 3953.427 23.271
2907 2391.302 3950.435 22.74
2908 3869.086 3951.301 23.23
2909 1226.628 3973.421 20.131
2910 2594.104 3953.049 24.375
2911 3211.784 3950.82 24.716
2912 2039.501 3947.411 24.661
2913 1053.176 3954.318 23.811
2914 3739.64 3952.604 23.473
2915 4102.281 3958.7 24.019
2916 2818.82 3984.438 21.233
2917 3626.434 3955.296 24.657
2918 3973.216 3958.877 23.636
2919 20.356 3958.657 24.638
2920 58.48 3964.272 23.832
2921 148.105 3976.35 21.465
2922 2687.664 3975.325 22.487
2923 504.814 3970.366 24.065
2924 1430.119 3967.738 23.328
2925 3239.249 3969.031 23.035
2926 616.456 3976.421 22.062
2927 3015.562 3970.907 24.6
2928 1469.415 3972.131 24.33
2929 3370.946 3969.053 24.819
2930 2079.417 3976.965 23.026
2931 772.545 3972.579 24.06
2932 569.3 3998.62 22.865
2933 1841.251 3979.317 24.965
2934 1782.298 3980.544 24.188
2935 1066.494 3986.25 23.51
2936 2498.587 3982.87 24.564
2937 58.259 3986.844 23.876
2938 3939.28 3985.488 23.995
2939 651.182 3992.423 22.492
2940 3193.12 3990.269 24.365
2941 1932.656 3989.517 23.922
2942 1176.125 4009.362 21.944
2943 2376.326 3987.81 24.563
2944 190.96 3990.192 24.443
2945 1329.109 3992.521 24.796
2946 2275.997 3994.737 23.787
2947 128.711 3996.481 23.456
2948 1505.669 4008.373 22.252
2949 330.265 4005.894 23.333
2950 1400.021 4002.844 23.031
2951 2085.811 3993.194 24.393
2952 1144.627 4046.513 19.059
2953 1539.773 4008.09 23.764
2954 1437.029 4061.582 18.545
2955 3129.739 4002.595 23.42
2956 2486.81 3998.865 23.836
2957 1053.431 4005.339 23.598
2958 475.837 4024.207 22.684
2959 3909.768 3999.835 24.733
2960 1198.615 4007.552 24.255
2961 3664.792 4011.311 24.292
2962 1002.511 4004.476 24.856
2963 3356.892 4023.197 22.747
2964 933.34 4010.099 24.978
2965 2898.486 4008.904 24.794
2966 4044.254 4007.775 24.916
2967 2799.628 4017.064 23.946
2968 2418.769 4017.974 23.145
2969 3283.085 4019.102 24
2970 2245.603 4017.184 24.265
2971 67 4019.856 24.461
2972 1593.762 4023.31 24.562
2973 1656.43 4019.296 24.482
2974 2820.913 4028.453 23.303
2975 4182.943 4038.253 22.714
2976 3258.71 4025.052 24.606
2977 2360.007 4029.335 24.825
2978 252.31 4026.425 24.817
2979 4124.659 4028.687 24.679
2980 595.755 4026.947 24.929
2981 3896.267 4063.474 21.528
2982 2016.562 4049.519 21.176
2983 3983.968 4053.226 22.647
2984 1288.632 4034.601 24.329
2985 2312.401 4044.84 23.209
2986 3711.321 4040.15 24.174
2987 2145.728 4045.291 22.921
2988 3929.063 4051.823 23.884
2989 1563.149 4044.733 24.944
2990 734.001 4051.164 24.161
2991 975.119 4054.141 24.425
2992 1627.082 4066.362 23.1
2993 1659.743 4046.841 24.833
2994 3296.647 4049.232 24.391
2995 2266.341 4052.253 24.67
2996 1274.406 4052.206 24.605
2997 2657.506 4067.301 23.966
2998 2491.314 4058.38 24.116
2999 765.735 4058.895 24.771
3000 925.242 4062.935 24.985
3001 1764.723 4058.001 24.755
3002 1281.756 4063.917 24.635
3003 3360.787 4073.688 23.977
3004 2552.149 4069.359 24.733
3005 3325.45 4085.475 22.086
3006 2406.429 4072.789 24.999
3007 2881.481 4076.643 24.894
3008 257.814 4083.544 24.007
3009 885.307 4079.498 24.194
3010 1973.338 4083.921 24.127
3011 2162.634 4085.046 24.525
3012 2387.647 4092.394 22.377
3013 3156.611 4083.376 23.41
3014 2703.77 4090.944 22.264
3015 593.81 4082.592 24.738
3016 1538.439 4088.836 24.137
3017 3645.44 4085.277 24.055
3018 4072.299 4092.431 23.591
3019 113.277 4091.737 23.315
3020 952.39 4094.762 24.092
3021 1290.345 4088.178 24.967
3022 3347.641 4091.828 24.675
3023 1582.521 4091.503 23.614
3024 1685.625 4094.439 24.148
3025 3965.672 4093.664 24.543
3026 354.347 4094.623 24.532
