795.1 112.2 667.60170 6.694 0.79 76.3 1.1 127
1918.1 52.7 342.14140 5.921 0.76 -60.6 1.1 113
3154.0 41.5 29.69983 3.440 0.79 83.7 1 51
123.5 30.0 94.70501 6.069 0.64 66.8 1.1 111
641.9 10.3 10.82836 3.902 0.80 83.4 0.3 27
3993.5 4.7 43.31467 4.113 0.61 3.8 1.1 75
3322.8 9.6 21.32798 11.215 0.59 83.9 4.5 333
1681.7 47.5 65.70412 2.618 0.92 -15.5 1.3 53
450.6 31.7 26.97099 5.237 0.62 -35.3 3.8 215
3601.2 52.2 59.55169 4.716 0.86 13.0 1 69
2177.2 62.5 96.90578 5.448 0.73 -73.1 3 227
2962.9 128.9 166.40870 6.806 0.50 88.5 1.2 151
1409.6 56.9 44.90195 5.060 0.70 -22.4 0.7 61
2745.5 46.4 11.83231 2.809 0.69 79.4 0.7 33
2519.2 28.6 8.45141 1.607 0.08 2.3 1.6 125
3903.4 33.8 8.98598 4.267 0.46 -27.6 0.3 35
538.2 47.5 8.30682 1.954 0.44 9.5 3.1 101
424.8 165.9 774.62510 9.152 0.78 -42.6 1.1 165
1191.1 129.6 268.87120 6.125 0.86 -85.3 1.1 103
2921.6 75.0 45.48166 3.054 0.87 11.9 1 49
2381.1 68.1 33.61275 10.083 0.36 58.4 4.5 469
4156.5 68.1 14.83955 4.205 0.44 -1.7 3.1 175
3645.6 103.2 87.82254 4.865 0.88 -22.9 1 73
3260.4 116.7 149.70270 6.102 0.79 -16.0 1 99
734.0 90.7 32.76831 6.256 0.47 -10.6 1.1 115
245.5 96.0 23.20337 2.887 0.96 -4.6 1.7 63
1060.3 74.0 6.45576 2.390 0.49 58.8 0.6 31
1262.6 91.2 10.98993 2.278 0.75 -88.3 1 37
2673.0 107.4 24.12945 4.582 0.71 70.9 1 67
550.3 112.3 42.71018 2.303 0.76 10.4 3.2 121
2743.7 99.6 23.43139 8.337 0.79 11.1 4.5 259
3475.6 90.7 7.88480 2.281 0.24 61.9 4.5 205
1583.4 118.1 23.17715 3.630 0.70 -2.1 1.4 73
123.7 133.5 53.07800 2.469 0.76 -9.7 1.5 65
3382.0 178.9 161.27260 6.112 0.93 80.9 1 91
3371.9 135.8 21.37734 4.640 0.80 -60.3 0.9 59
1694.2 136.4 16.94989 3.476 0.69 17.2 0.6 39
57.0 133.9 6.69321 0.998 0.82 11.7 2.3 37
3717.4 174.4 53.94142 3.486 0.75 51.7 1.8 101
587.7 170.6 41.41417 2.550 0.94 0.4 1 39
3797.9 187.5 101.90210 4.433 0.77 -13.5 0.9 67
3705.0 161.2 33.85085 9.143 0.64 27.8 3.5 283
1366.5 168.6 16.96931 3.170 0.90 -50.6 0.7 35
2685.9 173.5 26.50900 4.022 0.81 43.8 1.2 69
244.7 174.1 27.76100 2.948 0.94 -75.2 1.6 65
1100.9 163.2 27.18201 5.712 0.58 68.4 0.8 75
1045.8 169.7 16.97632 2.757 0.99 74.8 1.3 47
1805.4 233.6 105.78440 4.195 0.85 1.4 1 63
1491.7 216.6 153.32760 5.537 0.93 45.6 1.1 91
3898.8 174.7 24.72369 4.700 0.65 12.5 1.6 107
2994.6 173.7 11.36722 0.897 0.24 8.6 4 117
2748.9 165.0 7.35183 2.145 0.78 -35.3 1.7 49
4071.2 197.4 47.76083 3.985 0.83 -41.9 0.8 49
43.4 190.4 23.46245 3.448 0.88 62.8 1.2 57
1246.8 202.5 59.53103 2.737 0.90 20.9 1.1 49
896.5 213.7 79.91488 2.566 0.95 31.7 1.5 63
1197.1 220.5 88.83732 9.818 0.57 8.8 1.4 207
1642.8 180.4 7.98029 2.818 0.47 17.8 3.9 137
4190.4 195.5 9.78117 2.873 0.63 -42.6 0.3 23
1939.4 212.0 27.01372 3.277 0.87 84.9 0.8 39
2524.7 195.0 6.27561 1.549 0.17 -39.5 0.4 27
311.4 263.3 199.60570 5.520 0.89 43.9 1.3 109
1534.9 209.8 12.33603 3.127 0.51 -15.3 4.5 215
3592.1 213.0 13.14523 3.599 0.57 48.1 0.7 45
1705.4 443.1 1211.12700 7.371 1.00 77.2 1.1 131
3901.6 235.2 32.86578 3.270 0.86 69.8 1.1 55
1851.7 227.1 11.23402 2.915 0.38 -73.0 1.2 69
2043.1 360.8 2959.97600 7.594 0.94 19.3 1 137
760.7 235.2 31.90120 30.798 0.78 -89.4 4.5 447
429.3 238.3 5.34229 0.978 0.35 -83.6 2.5 57
3248.1 283.0 48.05040 3.904 0.64 -82.9 0.9 61
1967.3 324.3 451.03700 6.602 0.90 -37.4 1 103
2753.9 272.7 42.26360 3.129 0.98 -82.0 1.1 51
1433.8 247.6 6.04142 0.465 0.69 -72.1 4.5 51
200.6 395.9 1372.42900 9.144 0.82 86.8 1 163
4110.0 249.7 6.06321 2.258 0.72 79.4 1 35
2593.1 247.9 5.33936 0.827 0.34 -51.1 4.5 135
1874.1 270.1 18.25010 2.548 0.63 84.6 2.8 105
1503.8 264.3 12.59381 4.869 0.38 -87.2 4.5 269
3940.2 286.7 47.53368 3.725 0.80 13.8 1.1 63
1348.5 287.1 50.53594 2.222 0.98 40.8 1.2 41
387.6 454.2 7617.78300 10.425 0.56 -41.4 1 249
2830.3 270.1 12.56410 2.610 0.43 47.4 1.5 73
3560.2 258.2 6.76985 1.299 0.24 58.8 4.5 191
614.0 271.3 12.57362 2.854 0.61 59.6 0.3 23
1754.7 285.4 22.97892 3.558 0.80 25.8 1.4 71
275.6 293.6 27.27857 4.019 0.54 65.8 1.1 75
695.0 321.7 147.54200 6.010 0.54 31.2 1.1 121
64.5 297.4 30.93895 2.843 0.83 12.2 1 43
1396.3 296.5 12.13744 2.214 0.85 68.7 1.2 37
3163.8 376.8 218.95800 7.964 0.54 -53.4 1 147
3502.9 419.1 1575.52100 8.138 0.90 85.9 1 143
2727.5 331.7 63.00454 3.749 0.76 89.1 1 61
2418.7 363.1 214.55960 6.303 0.68 33.3 1.1 119
458.7 323.2 20.64273 4.635 0.56 -15.4 1.3 93
1351.9 315.9 8.35296 2.903 1.00 13.9 1.8 59
2122.8 327.6 11.38853 1.509 0.28 -32.1 3.7 131
1339.3 343.4 19.41681 2.991 0.73 -30.5 0.4 25
3902.7 342.5 11.01379 2.198 0.22 -23.8 1.8 105
1682.4 375.7 72.98676 5.954 0.87 78.6 0.9 81
274.2 428.9 335.29500 6.690 0.82 -73.0 1 113
2392.9 384.4 64.32713 13.844 0.45 -65.1 4.5 553
2233.6 359.3 6.83797 2.462 0.52 43.0 0.8 39
3900.1 464.6 380.86970 8.574 0.72 -79.6 1 145
1241.0 386.3 22.35310 4.448 0.29 -66.1 1 105
394.2 387.4 49.92453 2.129 0.66 -88.2 4.5 189
1321.0 365.4 6.07708 1.757 0.40 -7.5 2 67
1066.5 395.9 45.22280 3.545 0.78 -68.9 1.3 71
295.0 392.5 19.34069 2.138 0.67 14.9 0.7 29
3628.6 390.1 8.57135 2.832 0.64 -45.6 0.3 21
4034.1 406.2 29.64353 3.437 0.62 9.2 1.1 63
2662.8 405.2 13.71221 3.646 0.52 -71.7 0.6 45
2477.0 401.3 8.29950 1.202 0.40 28.4 3.7 93
3464.6 451.9 66.07940 5.185 0.83 62.0 1 75
635.8 424.2 11.15147 4.579 0.53 -9.1 0.3 37
2551.7 509.7 146.55100 7.605 0.57 -71.9 1 133
1618.6 444.7 15.17159 1.675 0.64 83.4 1.9 57
233.0 449.4 57.44440 17.780 0.45 33.2 4.5 655
1481.4 454.6 18.99269 2.215 0.78 -21.5 0.9 35
2253.3 440.8 8.22717 3.290 0.39 72.1 1.7 97
1991.1 475.1 44.78240 4.927 0.58 -23.2 0.9 81
2505.1 456.3 11.45708 2.353 0.86 66.6 0.7 27
4067.7 449.6 14.07875 5.085 0.82 -72.4 3.1 139
2037.7 460.6 6.61945 0.533 0.02 76.1 0.9 57
790.3 474.4 13.66855 2.975 0.85 73.1 0.3 21
4086.9 489.8 24.59356 3.600 0.87 -79.0 0.8 45
2457.4 486.0 10.00329 3.543 0.73 3.2 1 49
2153.0 514.1 43.69478 3.042 0.93 19.4 1.1 51
1839.6 576.7 676.94700 5.928 0.96 -28.8 1 99
559.0 512.5 21.86411 5.330 0.44 -81.5 0.3 45
4139.4 581.1 129.02490 6.337 0.61 -86.5 1 111
3174.0 522.4 22.98104 2.616 0.73 -56.4 0.9 39
3292.5 532.7 40.12937 3.869 0.62 -2.5 0.8 57
814.4 518.3 8.68198 0.770 0.05 -64.5 2.2 123
865.7 514.8 10.51102 2.993 0.81 -33.5 0.6 29
2662.4 529.3 14.72590 3.248 0.76 45.6 0.3 23
2089.2 725.0 4439.44300 11.319 0.51 -49.4 1 259
1015.2 571.8 73.36456 4.601 0.50 60.9 1.2 103
297.6 549.5 38.04574 2.616 0.82 -8.8 0.8 35
3872.2 543.1 25.34928 6.974 0.78 -34.5 0.4 51
1438.5 577.5 86.21613 4.410 0.97 13.7 0.9 59
2327.8 596.3 147.51300 5.745 0.94 -6.2 1 83
3358.2 577.0 54.05527 3.262 0.66 -65.8 1.1 65
1889.8 627.3 435.32080 6.036 0.99 58.1 1 95
760.2 568.5 24.33045 3.263 0.68 -7.1 1.1 59
119.1 625.4 284.42200 8.852 0.57 -13.6 1 167
3563.6 566.6 17.12004 2.490 0.67 -36.3 1.3 53
1497.5 584.9 52.51939 3.779 0.75 -35.0 0.9 55
675.8 590.8 59.93136 4.255 0.95 35.0 1.3 79
1050.2 583.2 33.54076 3.183 0.91 -76.8 0.6 33
3588.0 566.7 7.30322 2.056 0.37 -86.1 3.1 111
3793.1 562.8 29.82891 13.686 0.26 -88.3 1.1 285
3148.8 588.3 30.38557 5.576 0.89 7.9 1.4 95
1978.7 576.4 18.62810 6.396 0.74 -23.9 0.5 51
3908.9 596.0 22.83605 2.582 0.76 -54.5 0.5 25
2764.8 583.9 22.61035 23.865 0.45 38.5 4.5 487
941.8 608.2 36.77903 2.820 0.80 -68.0 0.8 39
3124.3 607.9 22.79570 2.663 0.85 -14.4 0.8 35
2859.0 587.3 7.51639 3.392 0.76 -21.7 4.5 155
261.6 664.6 289.75020 5.388 0.70 -60.0 1.2 113
2814.2 644.4 116.47280 5.824 0.64 -32.6 0.7 73
4111.9 638.1 101.14450 4.928 0.92 68.8 0.8 63
521.6 635.8 28.91357 3.969 0.86 -51.0 0.7 43
1624.7 642.8 41.99162 5.089 0.53 -55.0 1 89
2725.7 656.4 97.42155 6.312 0.64 20.0 1.1 117
3402.1 616.4 10.49181 5.602 0.38 17.5 4.5 269
2891.3 631.4 13.80383 3.592 0.99 -20.4 1.7 69
676.5 651.8 46.32982 2.657 0.88 -22.8 1.5 61
2588.9 670.6 81.44455 4.303 0.90 85.0 0.9 61
3295.3 631.7 10.04659 2.402 0.14 26.9 4.5 303
334.6 666.7 53.22495 3.534 0.78 -72.2 1.3 75
429.8 678.5 90.80819 5.401 0.97 -34.2 1.1 83
2508.2 637.5 9.38643 1.326 0.08 -79.7 1.9 119
3395.5 774.2 1289.11400 8.474 0.85 70.8 1 143
165.6 681.8 73.25693 2.419 0.94 -25.4 1.4 55
4123.9 675.2 32.37681 3.882 0.84 76.4 2 103
1553.5 691.3 54.50055 5.526 0.76 -48.6 1.8 133
3076.2 698.1 38.30087 6.498 0.36 64.9 0.8 113
3339.3 687.1 22.54911 3.354 0.78 -52.0 0.7 39
2529.4 676.1 14.97009 2.535 0.84 19.8 1.1 41
2587.4 722.0 83.60637 4.166 0.53 87.1 1.3 105
2723.1 697.5 39.27794 2.979 0.96 21.4 1.2 51
1510.5 669.0 10.23840 4.832 0.36 26.5 4.5 257
2834.1 685.1 10.77488 2.942 0.68 32.8 0.3 21
1832.7 714.4 40.85698 4.071 0.56 54.2 0.9 65
575.0 737.2 114.55290 6.186 0.64 41.6 1.2 119
1535.4 704.4 50.03119 15.839 0.61 -29.0 4.3 449
1799.8 707.5 16.51111 1.969 0.62 46.2 4 121
86.3 719.1 39.30740 8.352 0.83 -83.6 4 265
1938.0 748.0 109.80250 5.495 0.90 33.5 1 81
551.4 720.8 49.76559 7.401 0.59 37.8 4.5 399
4059.6 738.8 22.91389 3.994 0.83 58.9 1.3 71
2295.5 719.5 4.35709 0.081 0.03 -87.7 4.5 153
344.5 737.1 27.48286 8.733 0.55 11.9 4.5 363
2829.3 756.1 48.04601 2.614 0.90 -8.1 0.9 39
3071.4 747.2 23.44611 3.573 0.47 -80.7 4.5 225
2623.8 751.6 19.06397 3.497 0.87 82.7 1.4 65
24.6 728.8 9.43057 3.290 0.21 -0.5 1.8 135
1651.4 741.6 18.79495 4.735 0.31 -42.2 3.7 257
1973.3 735.1 23.91206 23.208 0.77 -64.1 4.5 379
2875.4 753.1 21.50999 4.399 0.60 -13.2 1.4 93
2327.6 768.0 70.42932 2.504 0.98 5.7 1.1 43
1047.6 752.6 11.64614 2.626 0.76 18.2 0.6 29
3069.7 777.2 35.43999 3.158 0.82 -63.7 1 49
715.8 797.3 85.68130 6.517 0.61 39.2 1 113
114.3 768.2 17.72676 1.566 0.26 -1.5 4.5 221
259.7 765.3 6.94538 0.282 0.03 -80.4 3 107
3100.8 767.6 9.84760 2.511 0.68 13.2 4.1 117
126.5 859.1 423.86800 7.057 0.97 -56.0 1 107
2257.2 784.0 25.71195 8.002 0.38 -6.3 4.5 399
3118.9 790.9 20.01180 2.734 0.78 24.7 0.5 27
2370.8 785.2 11.32585 2.534 0.81 26.9 1.1 41
2927.9 832.9 108.06520 6.153 0.83 -23.4 0.8 79
287.6 782.2 6.85738 0.577 0.02 -79.4 2.1 139
1613.6 794.4 15.75245 4.861 0.66 79.7 2.4 133
2969.2 818.6 38.11985 4.066 0.75 88.2 0.6 43
2481.4 810.2 13.92722 3.232 0.74 -56.3 0.9 45
263.9 827.3 30.33930 3.990 0.55 -73.6 0.9 65
509.2 805.4 9.31151 2.055 0.25 -84.3 3.3 147
313.2 819.1 22.27140 4.289 0.47 0.9 1.9 131
1041.4 923.9 478.46130 7.383 0.90 79.1 1 117
30.2 869.3 82.85240 5.848 0.83 29.0 1 85
3127.7 843.8 16.12190 3.154 0.78 -78.5 0.9 41
1385.2 848.2 12.30123 3.089 0.66 2.3 0.3 23
2277.8 835.1 7.42254 2.358 0.45 16.3 4.1 129
599.2 947.5 698.89500 7.114 0.65 -28.4 1 131
2921.9 869.2 36.05952 3.447 0.90 -62.2 1.5 71
3439.2 920.0 548.48070 6.347 0.82 31.2 1 103
450.7 867.2 23.62893 2.368 0.91 -27.0 0.8 31
878.9 860.3 19.90931 4.092 0.96 16.9 4.5 173
908.3 861.3 28.59309 14.437 0.70 7.4 4.5 359
698.4 882.1 24.74480 2.815 0.88 81.0 1.2 49
2163.5 875.0 20.92229 4.391 0.75 -65.9 1.2 73
2543.5 869.8 11.80346 3.354 0.70 -34.4 1.6 71
2792.2 890.2 56.51569 2.491 0.84 -81.1 1.7 69
1291.9 898.7 52.76789 2.369 0.82 -83.4 1 41
1477.8 885.7 22.32220 3.513 0.91 -54.6 1.5 67
1633.5 897.4 35.29730 3.477 0.66 -50.1 0.9 53
2987.5 886.0 12.14177 2.602 0.69 -35.6 0.7 33
1346.7 888.2 13.21657 3.425 0.57 -30.7 0.7 43
3093.3 891.3 7.47926 0.777 0.08 -89.4 2 85
2102.5 890.4 15.97555 4.148 0.80 27.5 1.6 83
219.5 883.8 9.20376 2.285 0.05 -76.6 4.4 401
3871.0 920.5 41.46874 6.865 0.75 84.2 0.8 83
2839.3 922.5 37.30470 4.761 0.60 39.5 0.8 67
1451.6 905.2 9.27243 2.966 0.82 8.6 0.3 21
2460.3 1071.5 5784.94600 11.225 0.82 -1.6 1 209
3201.7 917.5 24.39172 3.866 0.72 80.9 4 173
2667.3 921.7 14.73897 3.205 0.61 -62.7 1 53
3324.5 954.8 111.61480 5.907 0.90 -28.2 1 87
1403.4 921.3 11.69391 2.729 0.61 53.1 0.9 43
1855.5 1020.5 224.94230 7.846 0.55 -76.3 1 139
1175.7 958.1 21.69516 3.938 0.80 18.6 0.3 27
173.2 947.5 13.54424 1.891 0.47 41.1 4 131
4049.5 1095.0 3857.79500 8.744 0.66 -51.7 1 181
3142.8 945.8 6.94504 2.048 0.84 -76.1 1.4 39
1920.0 966.3 16.60409 4.665 0.51 7.2 0.3 37
4166.4 996.4 57.82177 4.147 0.85 63.2 1 65
1148.6 995.5 39.90789 5.204 0.62 23.1 1.3 103
1963.2 984.8 9.21862 1.337 0.79 21.3 4.5 107
275.2 988.2 16.65945 3.596 0.77 -56.8 1.4 67
804.9 1021.0 41.17591 5.222 0.40 -83.1 0.9 97
2365.6 1012.9 55.39897 3.413 0.89 27.9 0.8 43
3428.4 1005.0 35.64834 3.242 0.81 34.0 0.7 39
2556.1 993.4 22.27534 3.896 0.54 -17.5 0.7 51
596.6 996.8 12.44144 4.005 0.85 50.6 0.3 25
738.0 999.1 9.33736 2.724 0.44 67.9 1 53
1739.6 1014.5 21.94439 3.390 0.55 -0.1 0.3 27
992.9 1018.1 32.68095 5.586 0.89 69.9 3.7 193
757.4 1036.6 74.80055 5.541 0.81 6.6 1.2 97
2132.9 1018.4 10.12417 4.315 0.77 -5.3 3.4 129
2977.3 1062.6 80.72969 5.163 0.94 29.4 1 71
3031.9 1028.9 13.41790 3.026 0.08 -51.4 4.5 539
2007.0 1034.4 11.03303 2.908 0.89 4.0 2 69
1471.3 1175.1 4316.41300 8.028 0.83 40.4 1 155
571.5 1057.5 36.42073 3.439 0.71 -12.6 0.8 47
3920.0 1040.1 5.27523 0.696 0.10 -85.3 0.7 25
3254.5 1076.6 69.24747 3.913 0.81 -86.6 0.8 53
1958.5 1046.5 12.54059 3.267 0.66 82.4 1.2 57
11.4 1075.0 69.80579 2.465 0.94 85.6 1.5 59
3963.0 1065.6 23.42819 2.674 0.66 -40.2 0.7 37
2906.1 1062.8 18.46485 4.717 0.49 -43.3 4.1 219
1773.4 1072.9 35.26236 5.221 0.61 -7.2 0.7 65
930.5 1070.9 19.60195 2.391 0.86 11.3 0.5 21
3626.4 1078.1 18.41191 2.967 0.95 -31.6 2.4 87
1149.8 1077.9 8.34468 1.262 0.36 -4.7 3.5 97
3214.6 1091.1 16.89912 3.941 0.65 -7.6 1 63
576.2 1097.8 15.91331 3.385 0.63 -1.9 1.2 65
3985.9 1200.7 1270.48700 8.166 0.85 67.9 1 141
2895.1 1091.7 9.56773 2.783 0.33 -66.2 4.5 235
3617.1 1162.6 193.66530 6.475 0.56 -58.6 1 121
113.9 1117.4 37.66265 3.463 0.88 75.0 1.3 65
3931.5 1138.7 37.94817 4.432 0.66 -67.3 0.8 63
417.0 1171.3 331.65830 5.401 0.86 -28.5 1.1 101
1779.0 1110.4 29.44813 8.622 0.40 68.2 2.1 253
3820.4 1115.7 9.60799 1.146 0.69 53.0 4.5 101
2572.3 1143.7 13.09118 3.194 0.49 -84.6 0.3 27
3242.7 1144.4 15.75137 1.520 0.71 68.3 4.5 123
2158.3 1165.3 60.64854 3.251 0.75 -32.6 0.8 47
4155.3 1159.3 38.30050 4.887 0.58 -8.6 0.3 39
3019.0 1145.0 16.55720 4.806 0.39 -16.0 0.7 69
2828.5 1161.3 31.68929 4.271 0.54 31.6 4.5 245
1008.8 1143.2 8.05911 1.512 0.18 69.6 1.7 81
1820.1 1161.8 21.09609 2.400 0.65 -61.7 1 45
3493.0 1145.9 21.24114 23.218 0.36 28.2 4.5 529
2598.1 1221.9 427.83910 5.425 0.83 -29.7 1 95
1353.7 1207.0 103.37740 5.889 0.59 -78.7 1.1 115
3509.0 1155.8 12.00586 3.561 0.50 -61.8 3.5 153
942.9 1171.4 10.35351 1.988 0.43 48.1 1.8 71
2251.0 1168.3 7.31041 2.081 0.38 -54.9 2.1 81
322.8 1183.3 19.47146 3.517 0.72 71.3 1.6 79
2865.9 1182.0 15.23980 3.239 0.67 -26.2 1 51
632.5 1219.1 78.29501 4.093 0.97 -27.9 1 59
1886.6 1190.1 7.27226 2.304 0.37 60.8 0.9 47
3431.3 1201.0 20.15592 3.786 0.45 -4.1 1.7 111
284.3 1210.7 22.67907 3.489 0.74 75.9 0.7 41
925.3 1208.8 7.75140 3.367 0.76 -64.2 0.8 39
3861.9 1225.0 22.01676 2.731 0.94 13.5 0.9 35
454.3 1244.6 52.60193 3.845 0.98 -29.7 0.9 51
699.1 1239.8 13.54431 3.119 0.88 -28.5 0.5 27
4069.3 1226.6 4.76346 0.258 0.10 -22.4 2.6 45
1860.6 1258.7 37.66264 2.910 0.85 69.2 0.9 41
83.8 1261.2 20.10658 3.109 0.65 -50.4 1.3 65
2609.1 1274.2 41.10748 3.665 0.54 18.0 0.6 47
3221.4 1267.1 24.48773 4.771 0.86 34.2 0.9 59
675.2 1248.7 6.54376 1.243 0.13 77.5 3.4 145
312.6 1281.1 30.67999 3.562 0.59 36.4 1.1 65
3465.7 1284.0 30.06441 2.153 0.82 -48.2 1.1 39
4165.2 1279.8 21.88117 3.199 0.80 48.4 0.4 27
2321.0 1282.1 15.09507 3.534 0.80 76.4 0.3 25
3116.8 1316.1 71.95558 3.923 0.80 -40.5 1 61
1675.6 1334.8 149.54720 5.023 0.67 -6.2 1 87
4114.8 1305.0 10.37267 2.819 0.99 28.3 0.3 19
2268.8 1305.6 9.63992 1.519 0.19 -21.7 2.1 97
3282.1 1341.4 59.15288 5.978 0.90 -24.5 1 79
1525.6 1329.7 30.23986 3.815 0.79 36.1 1 59
28.9 1326.4 30.48099 4.460 0.61 -67.9 2.3 143
2291.8 1328.0 18.88353 4.267 0.50 -64.2 0.6 53
1045.6 1340.3 42.87074 5.264 0.89 32.0 1 73
58.1 1320.6 31.45673 11.631 0.87 -88.0 4.5 313
3005.1 1321.9 15.24679 4.093 0.55 -81.5 1.7 103
592.2 1346.9 53.14273 3.155 0.85 88.5 1.2 57
891.8 1344.6 50.33661 4.549 0.65 -44.1 1.7 121
2171.5 1321.8 10.64805 3.972 0.85 -2.6 0.4 29
1340.1 1353.8 58.45650 2.633 0.60 -13.8 1.3 65
660.4 1326.1 5.23685 1.067 0.46 55.7 2.7 57
3661.4 1338.4 10.30714 2.901 0.62 67.3 0.8 41
694.2 1336.8 11.58337 3.650 0.89 -4.1 0.4 29
4004.7 1350.0 13.38764 3.443 0.67 -51.6 0.9 47
184.9 1364.8 17.42836 3.093 0.54 -21.3 0.3 25
1862.6 1371.0 17.66247 3.045 0.71 20.0 0.3 23
2886.5 1435.6 173.12470 5.548 0.91 78.8 1 83
3234.3 1355.5 5.93204 1.111 0.63 8.0 2.6 49
2271.9 1438.7 395.98830 6.147 0.95 -6.8 1 95
741.4 1370.5 18.15704 3.664 0.56 -12.8 1.3 79
3341.2 1403.3 54.42340 4.514 0.88 62.6 1.1 69
1005.5 1434.3 255.90000 5.464 0.85 21.2 1 91
2220.4 1391.5 25.25968 3.163 0.73 -76.8 1 51
2645.0 1386.0 22.64701 7.955 0.94 15.4 4.5 261
1768.7 1389.9 11.27790 2.850 0.72 -64.0 0.5 29
2170.4 1386.2 11.52496 4.513 0.87 2.1 0.3 29
253.3 1395.1 11.93177 1.274 0.27 71.7 0.9 33
3996.8 1398.7 36.98587 7.395 0.54 77.3 2.3 217
2816.1 1399.1 10.72087 2.883 0.67 4.5 1.4 59
948.1 1433.0 98.12373 10.522 0.61 -34.7 3.9 431
1977.4 1460.1 30.64181 4.388 0.52 -82.0 0.8 63
2266.3 1515.4 370.25090 5.990 0.74 49.2 1 105
311.5 1593.9 354.03930 5.830 0.67 24.5 1 111
2318.9 1457.0 21.80359 5.555 0.87 60.4 0.7 57
3065.4 1446.4 12.11033 5.061 0.17 44.1 4.5 371
465.9 1481.3 79.17583 4.473 1.00 -63.1 1.4 85
3608.7 1475.1 20.62204 2.447 0.64 61.5 0.7 35
1127.8 1465.0 11.12291 1.337 0.46 -11.7 1.8 51
874.7 1475.4 7.17244 2.607 0.71 52.4 0.6 27
3878.2 1519.4 62.55879 3.996 0.74 -52.6 1.9 117
259.1 1506.8 10.32839 0.628 0.07 58.4 2.4 97
1006.6 1517.0 17.58650 2.520 0.96 27.7 0.7 27
3108.2 1522.4 44.73076 4.298 0.77 26.4 2.6 149
2429.3 1517.0 18.79669 3.875 0.79 -39.4 0.4 29
3564.3 1551.5 107.70440 4.577 0.94 -68.8 1.2 77
1598.5 1506.7 12.92369 4.783 0.41 21.0 2.8 175
1180.5 1556.6 60.96061 3.921 0.63 58.4 0.9 63
739.6 1523.7 12.65284 3.916 0.67 3.0 1.1 63
3584.0 1535.6 34.70613 7.191 0.58 -32.6 3.8 279
41.5 1528.2 16.08429 8.524 0.92 41.8 4.5 227
2650.9 1534.0 9.27848 1.815 0.62 86.3 0.8 27
2980.7 1593.7 189.38140 5.828 0.83 -51.8 0.9 87
377.6 1540.2 12.48921 5.409 0.69 -81.2 4 175
1883.3 1541.3 11.28019 2.830 0.98 -60.8 1 39
1423.9 1550.8 16.12761 2.823 0.98 -69.9 2.8 89
3187.1 1551.6 12.85315 3.482 0.84 21.5 0.3 23
1125.4 1552.5 8.11850 1.739 0.46 -89.3 4.5 129
2438.1 1576.2 15.66142 4.382 0.38 66.2 0.3 41
1206.6 1593.2 54.36652 3.603 0.66 76.4 0.7 49
2589.7 1591.4 66.15443 2.910 0.92 -87.7 1.1 49
1068.3 1619.5 162.52920 5.807 0.66 -51.6 1 101
838.0 1638.3 220.27320 6.683 0.68 45.0 1 113
841.4 1581.0 14.06884 2.806 0.20 -47.9 1.6 121
1768.4 1570.3 10.65827 3.439 0.34 16.0 2.9 157
3852.8 1573.8 5.36386 0.843 0.49 0.1 2.4 43
3689.3 1580.4 9.06409 2.195 0.16 84.3 4.5 255
2055.1 1596.7 17.29129 3.118 0.56 -83.4 0.9 49
353.2 1604.2 39.21817 2.581 0.91 -19.9 0.9 39
3352.4 1622.3 47.57707 3.594 0.76 -78.1 0.8 47
3070.8 1620.7 22.04643 2.820 0.70 -62.7 0.6 31
80.4 1618.1 18.66320 3.245 0.63 67.9 4.5 227
1362.6 1619.2 10.80539 2.490 0.56 -13.1 1.3 55
1882.0 1683.9 290.18400 5.797 0.96 -8.8 1 89
3937.4 1633.5 24.26354 3.447 0.73 39.9 0.9 51
1400.7 1630.4 13.52085 2.067 0.42 -63.4 4.5 161
3021.9 1631.1 12.86478 3.667 0.23 9.9 3.7 241
1250.9 1678.2 61.74336 4.485 0.94 -16.8 1 63
3369.1 1651.0 12.02654 2.622 0.25 -13.9 3.3 177
4173.9 1645.6 5.59450 1.297 0.31 -22.8 1.3 41
1429.6 1658.0 11.53787 2.815 0.71 -27.9 0.5 27
28.1 1667.5 14.32545 2.868 0.60 -47.8 0.4 27
3728.8 1670.6 30.49632 4.264 0.57 -20.6 1.8 121
2246.7 1678.7 24.61544 4.805 0.62 67.8 0.7 61
633.7 1666.9 17.26197 6.658 0.28 -8.6 4.5 377
3765.5 1678.5 20.96659 5.941 0.47 16.2 4.5 311
2800.8 1674.4 13.41866 2.346 0.17 61.2 3.4 209
4048.2 1689.3 13.51154 3.123 0.73 15.4 0.3 23
804.8 1721.0 58.63633 4.972 0.71 -24.6 0.6 53
1561.2 1695.7 15.91540 5.028 0.37 45.6 3 209
868.6 1696.8 13.11999 2.098 0.21 36.3 4.5 277
93.6 1706.5 13.73466 3.538 0.56 -58.0 1 57
4071.6 1717.6 22.77065 4.514 0.82 -87.7 1.1 67
3056.7 1735.6 64.44227 3.550 0.86 16.5 1.4 75
3702.6 1715.0 13.98443 2.952 0.78 -69.8 0.8 39
2932.5 1705.4 6.11977 1.920 0.28 27.8 0.4 23
1088.2 1726.8 28.19756 2.650 0.70 -20.9 0.6 31
1420.8 1740.1 52.35769 5.241 0.45 41.1 1 101
3183.6 1718.5 14.48706 2.961 0.40 44.2 2.9 143
3922.8 1711.8 19.89345 11.646 0.48 -70.9 4.5 389
2937.6 1748.6 61.78275 3.817 0.83 -67.1 0.9 53
3288.2 1739.5 41.08971 4.351 0.67 -11.4 0.9 65
17.7 1745.8 34.17875 5.741 0.96 68.9 0.6 49
1749.0 1783.2 271.19080 5.869 0.84 22.5 1 99
1118.3 1716.2 5.41578 0.751 0.14 -29.1 0.4 15
2762.8 1737.2 16.51242 2.921 0.82 -59.5 0.7 33
3813.8 1760.6 33.94815 4.189 0.61 88.9 1.2 83
2318.7 1753.9 31.58925 2.616 0.75 -71.4 1.3 55
3658.8 1812.6 336.12770 7.156 0.66 19.1 1 133
2175.6 1736.7 8.88770 1.031 0.09 -7.8 1 53
3902.6 1753.5 10.90735 1.941 0.23 67.6 0.6 39
268.3 1756.4 23.23193 3.968 0.99 -19.4 0.9 49
2982.6 1754.6 12.15964 1.398 0.09 44.2 2.6 165
401.4 1745.4 5.52934 0.732 0.40 -9.7 4.5 97
62.0 1759.7 9.13281 0.900 0.09 84.6 1.9 89
1062.6 1763.4 12.59082 2.878 0.59 39.0 2 85
3261.4 1760.7 10.63119 2.885 0.68 57.1 3.1 107
2501.3 1782.6 17.80429 3.944 0.35 -60.3 2.6 173
1227.8 1780.6 15.33776 3.401 0.70 -86.4 0.7 43
1334.2 1788.9 39.75695 4.099 0.63 -8.9 0.8 59
1884.6 1779.4 10.28371 2.965 0.78 -81.4 0.3 21
429.4 1769.8 8.40986 2.671 0.38 9.1 0.9 51
399.2 1966.7 728.25420 5.802 0.82 -56.4 1 107
46.2 1799.0 29.26234 5.512 0.61 -28.9 0.4 45
1453.5 1820.6 61.48993 4.575 0.60 1.0 1 79
2421.8 1810.9 30.46243 2.994 0.99 78.0 0.9 41
2930.7 1824.1 69.79837 4.279 0.76 -12.4 0.8 59
3032.5 1814.5 20.15980 2.951 0.75 70.9 0.7 35
3019.3 1872.4 165.96780 7.222 0.50 -45.2 1 137
4173.5 1897.1 639.53160 5.666 0.79 60.3 1 101
2544.5 1815.7 21.06171 4.938 0.40 23.6 2.8 201
1211.5 1824.9 24.03080 4.004 0.82 41.8 1.1 61
3152.7 1863.6 107.16140 6.392 0.60 26.5 0.9 99
385.0 1838.8 25.39343 2.389 0.79 -40.1 1 39
1662.7 1838.4 12.63995 2.782 0.73 57.7 1.4 55
1635.8 1891.8 119.00250 6.880 0.65 73.1 1 111
1136.6 1834.1 11.91012 2.149 0.27 -32.7 4.5 249
169.3 1928.6 754.30590 6.257 0.71 45.6 1.1 123
2306.7 1859.9 23.67193 2.778 0.84 66.7 0.7 33
1110.3 1857.1 11.61778 3.266 0.64 -10.3 0.6 37
2782.4 1846.6 7.90450 3.587 0.70 7.4 0.6 35
3735.0 1860.3 19.86753 5.298 0.53 -79.5 0.7 67
1435.0 1934.2 634.14810 6.604 0.82 13.5 1 111
2547.2 1864.0 16.33481 12.499 0.25 -37.1 4.5 501
2689.1 1898.7 60.85882 4.112 0.91 -37.1 0.8 49
2524.3 1890.0 34.13566 3.799 0.79 -88.8 3.5 161
3083.4 1881.0 11.20338 0.724 0.09 -21.9 3.3 141
3967.0 1873.5 8.90967 1.199 0.11 -62.9 3.2 159
3061.2 1883.4 8.19784 0.923 0.28 77.8 2.5 65
1287.3 1921.9 47.00320 5.355 0.64 -69.9 1.4 111
3983.3 1915.7 46.01828 4.049 0.72 42.7 1 67
2794.1 1959.8 176.05710 6.616 0.83 26.9 1.2 121
2389.0 1888.8 8.28991 2.759 0.41 37.5 3.4 135
766.8 1896.5 5.97654 0.212 0.44 60.2 4.5 69
3700.7 1904.5 14.87954 2.416 0.87 56.7 2.4 75
2521.4 1923.6 20.15676 2.825 0.71 58.1 0.3 21
3635.4 1921.1 18.59027 4.256 0.84 4.3 2 101
4053.6 1922.9 12.29212 2.950 0.53 48.8 0.9 49
127.1 1931.2 97.08098 49.886 0.64 8.6 4.5 845
3936.2 1927.7 21.06014 5.694 0.68 46.6 1.2 93
4117.7 1925.3 7.83191 0.640 0.05 38.6 1.9 85
286.4 1932.3 7.20212 2.342 0.62 35.6 0.5 23
1664.1 2019.2 163.76060 6.513 0.60 -71.8 0.8 101
1223.0 1947.6 10.50434 2.295 0.46 -70.9 0.7 33
790.7 1943.4 10.53951 3.898 0.56 50.0 0.3 31
62.8 1969.3 36.54293 2.545 0.99 49.2 1.1 43
2167.6 1948.5 11.91804 3.662 0.82 20.9 1.2 57
3457.8 1945.4 7.50057 2.113 0.19 6.5 4.5 231
2729.7 1963.0 6.93158 2.619 0.90 -42.4 0.5 23
678.5 1984.2 27.12406 2.593 0.84 -14.0 0.7 31
994.5 1984.4 31.96928 4.060 0.66 54.2 1.3 85
813.8 1985.4 26.87633 6.512 0.38 33.3 0.4 67
1237.1 1988.8 32.33586 9.363 0.76 -30.9 4.5 333
173.0 1987.1 9.28300 3.083 0.78 -22.8 0.8 37
3712.1 2004.9 12.28378 2.514 0.45 39.7 1.1 53
1223.7 2018.0 24.79133 3.145 0.78 -20.5 2.4 101
1282.8 2012.4 11.35502 2.932 0.80 -82.5 0.6 29
200.4 2011.4 28.68079 18.851 0.25 -77.6 4.5 681
719.1 2021.7 10.15913 3.372 0.28 75.8 4.5 283
949.6 2042.1 21.74235 2.945 0.88 -81.3 0.7 33
1886.7 2073.8 97.16166 5.524 0.66 45.7 1.1 103
4046.6 2149.4 1223.41700 9.837 0.77 -39.9 1 167
2345.9 2027.1 9.39033 2.979 0.64 -31.1 0.5 29
856.6 2042.7 19.69696 4.140 0.58 -49.4 1.4 89
3414.4 2037.8 13.44794 3.658 0.76 -57.7 0.7 39
4065.8 2029.5 10.93583 3.728 0.79 39.8 0.5 31
195.9 2029.8 21.34113 9.154 0.67 2.2 4.1 261
2531.1 2098.4 181.95790 4.873 0.78 69.8 0.9 77
3168.5 2081.8 57.70451 4.042 0.93 71.0 1.6 87
1686.8 2070.6 41.52073 2.490 0.87 -76.7 1 41
3112.9 2051.0 13.96545 3.915 0.45 -0.1 0.3 35
171.4 2072.3 30.65479 3.518 0.82 -66.2 0.9 49
3241.8 2140.1 314.41750 8.133 0.56 -68.1 0.9 145
1492.0 2077.0 55.98002 2.641 0.96 19.3 1.1 45
1048.3 2057.9 11.62873 2.877 0.87 35.2 3.3 101
1606.2 2102.1 127.93890 4.860 0.92 -52.5 1 73
548.8 2118.6 195.28990 5.449 0.79 -53.6 1 85
3075.2 2077.9 24.74448 5.471 0.63 -89.4 1.2 97
4172.2 2081.4 22.59087 3.281 0.65 -38.9 1.2 63
2727.4 2080.9 26.82874 3.336 0.80 -30.4 0.8 41
3444.6 2065.4 12.77711 1.671 0.41 -26.2 3.6 117
3593.3 2081.2 21.18863 3.474 0.69 -89.9 1 55
2804.8 2106.8 41.01003 4.098 0.90 -9.0 0.9 53
884.7 2108.2 48.01664 3.660 0.60 -5.3 0.9 59
51.1 2107.3 20.76030 3.158 0.64 -8.0 1.1 59
2588.4 2098.1 14.46917 7.243 0.49 -66.0 3.4 227
3638.7 2113.8 14.58316 3.683 0.57 -68.5 2.5 123
1218.5 2156.5 110.29420 6.764 0.66 16.0 1.2 127
1323.6 2122.8 9.05523 2.737 0.91 -36.5 0.8 33
1645.2 2124.6 13.82866 3.221 0.18 -66.4 2.6 207
3915.0 2124.9 14.70339 4.787 0.19 -58.4 4.5 449
2207.6 2126.7 6.34474 0.450 0.06 42.5 3.6 119
3390.1 2155.8 22.27489 3.204 0.94 87.0 0.9 43
2890.0 2145.7 13.21047 4.231 0.50 72.1 4.3 193
1717.1 2191.2 94.20132 4.507 0.92 -52.7 1.1 73
3611.2 2154.3 12.90795 3.384 0.64 -0.9 0.7 41
3069.6 2173.6 29.61102 3.932 0.70 19.1 0.7 47
2798.4 2170.4 31.32489 5.251 0.72 -10.0 1.9 129
100.1 2185.8 45.50843 3.253 0.89 -10.9 0.7 35
2926.9 2188.7 49.53671 2.700 0.92 7.2 0.8 33
1267.5 2183.2 27.83713 2.714 0.89 -88.9 0.9 39
3460.8 2179.5 9.57072 3.061 0.78 65.3 0.8 37
2956.1 2201.0 41.24047 2.545 0.88 -78.2 0.8 35
350.2 2178.5 7.29219 1.207 0.25 -13.5 4.5 143
3796.1 2314.0 62.86209 5.116 0.69 54.9 1 85
2269.4 2198.3 12.19701 2.541 0.54 6.6 0.5 29
1944.7 2218.5 25.11135 3.554 0.71 66.9 1 59
2246.0 2231.8 50.41568 2.914 0.85 -44.0 0.9 41
2069.9 2252.5 74.99705 3.643 0.71 -86.1 0.9 55
2917.5 2252.4 90.12021 4.253 0.88 -81.4 0.9 61
1476.4 2219.7 8.37178 3.311 0.67 38.4 0.3 25
3007.0 2251.4 52.15493 3.168 0.98 -58.6 0.9 41
117.0 2249.9 18.90382 2.293 0.69 -76.7 0.6 27
3170.3 2256.2 15.63932 2.695 0.77 84.0 0.8 33
2850.9 2299.1 126.87540 5.232 0.80 -73.9 1 85
307.0 2302.9 338.56390 5.230 0.69 -7.9 1 101
1774.6 2257.4 16.43261 4.548 0.79 35.2 2 105
2349.2 2253.4 9.65428 2.831 0.47 69.9 2.1 95
4062.1 2256.1 10.72373 1.081 0.15 -52.5 3.2 131
811.8 2280.6 30.61435 3.296 0.83 30.2 1 49
1633.3 2298.5 93.15762 5.503 0.72 -0.0 1 91
650.2 2270.3 10.26737 3.503 0.61 -2.0 1 53
758.7 2277.7 9.13073 1.758 0.41 -38.6 2.3 79
2063.8 2291.5 7.59827 2.056 0.80 -33.2 1.4 41
3888.3 2298.4 11.67429 3.212 0.89 57.9 0.5 27
1325.0 2292.7 9.37165 3.039 0.86 -61.3 1.7 63
4131.8 2340.4 122.50250 5.896 0.81 -15.4 1.1 97
966.3 2300.2 12.92661 4.594 0.81 -12.5 0.9 57
488.7 2315.3 17.86739 4.015 0.50 -11.6 1.2 81
1011.3 2315.6 8.30399 1.488 0.05 -2.6 4.5 485
1705.0 2334.1 18.39665 2.897 0.60 -34.3 1.2 57
2430.3 2340.7 37.88194 6.761 0.58 -42.4 2.6 215
1023.6 2361.6 64.72814 3.653 0.96 88.2 0.8 45
2239.4 2322.2 26.84193 19.880 0.68 -17.1 4.5 403
665.4 2342.4 20.04413 3.811 0.78 -32.5 0.9 51
785.2 2356.3 54.79442 3.645 0.58 -16.6 0.9 65
1428.9 2331.1 9.19871 1.858 0.17 56.9 4.5 209
2138.1 2341.3 15.24850 3.358 0.21 44.9 2.4 183
3863.1 2354.9 21.68583 3.971 0.77 -15.8 0.7 43
1682.4 2346.9 10.51861 2.434 0.16 -40.5 4 239
2950.4 2342.3 7.71345 2.817 0.47 -22.9 1.5 69
271.3 2383.3 54.02107 4.645 0.70 -47.8 1.3 95
1764.6 2350.4 7.64798 1.719 0.47 -42.3 2.9 85
2432.5 2363.6 53.05658 24.292 0.60 87.6 4.5 591
1083.5 2389.3 52.02312 3.470 1.00 48.2 0.8 43
2774.6 2422.1 277.08950 5.333 0.93 27.6 1 83
2789.1 2390.7 31.25455 3.119 0.72 -69.0 1 51
1774.8 2392.2 37.57516 3.592 0.73 -75.7 1 57
304.4 2379.7 32.30208 9.484 0.63 21.6 4.5 335
342.1 2519.5 847.02330 9.458 0.59 76.7 1 177
931.2 2389.8 23.02147 8.752 0.43 29.1 2.8 271
2010.8 2446.8 151.47020 5.083 0.86 -18.8 1.2 93
521.6 2414.9 14.83584 3.723 0.53 61.9 0.3 31
3367.8 2433.8 41.49029 6.040 0.70 31.6 0.4 47
2087.6 2406.0 6.67930 2.162 0.41 46.2 1 43
232.2 2420.6 18.41251 3.946 0.70 5.1 1.5 81
3007.7 2417.3 10.77404 3.546 0.72 85.5 0.3 25
2144.6 2437.3 13.50321 3.174 0.64 -77.5 0.5 31
3420.7 2426.9 13.06949 8.170 0.18 5.9 4.5 453
2836.7 2461.0 12.60659 4.067 0.53 -85.1 0.3 33
1482.8 2459.5 15.05364 2.930 0.84 26.8 0.7 31
2188.0 2455.4 7.05527 1.011 0.10 73.0 1.9 89
4024.0 2464.5 9.55904 2.437 0.26 -11.1 4.5 243
3417.5 2505.3 59.99523 5.719 0.63 90.0 1.8 151
1678.1 2464.9 15.56692 9.723 0.55 56.3 4.5 293
2868.2 2503.6 49.49366 6.095 0.68 -46.7 0.9 89
4197.3 2501.5 45.63592 2.679 0.48 -88.0 0.9 49
3748.7 2495.9 61.44674 4.540 0.49 -18.5 0.8 71
1391.5 2497.1 38.66357 5.122 0.76 -84.3 3.3 193
240.0 2530.8 283.27660 5.970 0.65 24.2 1 111
2477.7 2495.1 24.05925 2.782 0.95 70.8 0.9 37
1823.9 2486.9 9.26211 1.571 0.30 27.9 2.9 105
453.8 2497.9 17.35906 5.404 0.43 -56.3 0.3 47
3914.1 2510.1 15.48285 2.428 0.89 -74.4 2 63
3491.0 2507.0 18.47132 5.058 0.35 15.6 2.5 197
4149.8 2508.6 9.50941 2.307 0.04 -31.2 4.5 681
2040.6 2568.8 164.88670 4.678 0.96 51.5 1 69
1039.2 2548.0 59.08874 3.440 0.68 28.7 0.9 55
2437.6 2555.6 38.83189 3.071 0.82 35.8 1.3 61
1907.3 2549.3 12.46479 2.933 0.82 -39.4 0.6 31
526.9 2786.7 11454.67000 11.263 0.57 -38.6 1 263
1801.0 2600.2 282.06390 4.987 0.68 -9.0 1 93
924.0 2580.9 71.45488 3.265 0.76 -62.9 0.8 47
2306.8 2571.4 21.41317 4.395 0.48 -56.6 0.6 57
2261.7 2567.0 16.65324 3.941 0.70 35.6 3.4 147
244.2 2625.7 244.24890 8.031 0.79 -17.3 0.9 119
2844.4 2632.6 292.90110 6.757 0.84 66.2 0.9 103
2204.9 2565.0 6.62464 0.903 0.07 -19.4 4 193
3229.1 2592.9 34.86031 2.373 0.98 43.1 0.9 33
493.5 2632.7 298.92650 6.665 0.68 -25.0 1 117
3992.7 2581.4 18.25807 2.608 0.50 -30.9 3.4 141
1719.5 2594.0 34.63924 8.011 0.73 -58.9 1.4 139
3549.9 2625.2 106.33010 4.805 0.84 -18.9 1.1 83
413.5 2578.0 7.27622 2.584 0.64 15.3 0.9 37
2998.7 2597.4 26.66689 3.176 0.79 -73.1 2.1 91
446.9 2601.9 13.27280 2.594 0.68 39.0 0.8 37
3801.0 2608.8 17.49113 2.505 0.84 -75.9 0.9 33
3953.6 2602.8 13.79716 2.472 0.70 -18.4 1.1 43
403.6 2606.4 22.09957 4.296 0.73 19.0 4.5 247
778.0 2638.2 79.87511 3.905 0.98 -52.6 1 57
2271.7 2631.7 38.98358 3.573 0.75 83.3 0.9 51
1974.7 2628.5 20.79403 3.379 0.62 27.6 0.9 51
3859.6 2643.7 54.21346 2.716 0.94 3.2 0.9 39
919.3 2694.8 268.48740 6.699 0.89 58.5 1.1 109
2555.1 2634.4 13.42118 3.084 0.70 -5.5 1.1 51
3186.9 2646.7 22.13440 3.516 0.50 82.5 1.6 95
1346.8 2659.6 46.81790 3.165 0.94 -40.5 1.2 53
2991.7 2731.3 295.60740 6.424 0.85 -53.9 1 103
2919.2 2647.0 14.23710 3.837 0.55 -24.7 0.4 35
96.9 2647.1 10.35845 3.016 0.35 41.6 4.5 201
1441.9 2661.5 13.13592 2.413 0.75 -65.4 1.2 43
1747.3 2669.2 18.01469 3.258 0.94 -60.5 0.3 21
435.4 2671.4 24.38018 2.290 0.79 -38.9 0.8 33
598.7 2670.2 22.36877 3.079 0.66 -38.6 1.2 59
740.1 2697.9 55.71193 4.222 0.75 63.3 0.8 55
1292.5 2717.6 110.26250 5.152 0.94 -46.8 0.9 69
3488.7 2688.8 43.39624 4.627 0.44 -12.0 0.8 77
2497.3 2690.7 23.06661 3.192 0.36 -23.6 4.3 229
2297.1 2690.6 12.68407 3.665 0.70 -70.2 0.3 27
2947.3 2729.6 61.03675 5.028 0.80 -89.0 1 75
4126.6 2686.3 16.40950 4.564 0.17 -4.2 4.5 421
3327.8 2727.3 87.30376 4.814 0.89 44.4 0.8 59
272.5 2757.3 209.40570 5.050 0.74 70.1 1 83
4174.8 2719.3 60.31295 5.156 0.79 -0.7 0.8 67
3384.8 2698.9 11.10399 2.560 0.79 6.0 1.3 47
3064.6 2712.7 40.16544 13.629 0.47 -72.2 4.5 513
782.7 2720.2 13.57900 2.737 0.86 -79.5 0.6 27
1883.1 2708.4 7.02187 1.951 0.82 0.7 1.6 43
4050.1 2733.7 25.36483 2.809 0.98 31.8 1.1 43
854.3 2941.8 1805.67800 9.841 0.72 65.7 1 187
1108.2 2711.6 6.80932 1.698 0.13 -15.4 4.5 229
903.4 2743.4 25.56024 1.918 0.98 26.8 4.5 159
2175.1 2733.5 36.19705 25.396 0.55 -16.3 4.5 531
2466.1 2734.7 5.59609 0.677 0.09 12.7 4.2 149
3470.8 2756.5 18.81706 3.576 0.83 -42.3 0.5 33
2854.3 2770.6 24.51509 3.792 0.81 -72.5 0.7 43
3041.2 2890.3 2573.21400 8.475 0.99 -30.8 1 139
1642.4 2781.4 33.40959 2.890 0.89 -53.3 0.7 33
2471.6 2805.3 100.35520 5.661 0.98 -64.0 1 77
2960.0 2764.3 8.73218 2.426 0.58 -20.9 0.3 21
377.1 2766.2 9.43909 2.695 0.52 -14.6 0.9 45
346.4 2787.1 15.65527 2.934 0.66 -84.4 0.9 45
1224.6 2820.1 82.07186 6.563 0.61 34.1 1 111
2397.1 2820.0 72.83034 2.606 0.90 5.6 0.9 39
4123.1 2812.7 21.00270 4.409 0.80 -35.9 0.4 33
3611.7 2800.2 16.19928 3.765 0.62 -10.7 0.4 31
3578.7 2796.2 4.83658 0.115 0.14 -44.5 4.5 69
1885.3 2807.7 10.56842 2.987 0.30 15.2 3.5 175
2942.2 2800.6 11.92436 8.386 0.11 -55.9 1.2 281
105.5 2811.2 10.53991 3.832 0.69 -88.7 4.5 175
1282.5 2837.0 24.91343 4.326 0.65 -12.1 0.5 39
668.4 2821.2 8.94328 3.148 0.57 17.6 0.3 25
2849.8 2857.2 42.18022 2.340 0.82 -81.6 0.9 37
4034.2 2859.9 27.70979 4.411 0.65 84.5 0.8 57
3256.1 2833.5 14.36124 5.354 0.74 -25.0 1.7 107
2362.1 2902.2 346.67290 5.430 0.66 12.5 1 99
1116.6 2884.0 126.03850 6.253 0.72 28.1 1 101
997.3 2877.9 92.29644 6.940 0.83 32.6 1.5 139
1045.9 2850.5 14.00348 3.337 0.66 63.0 0.5 33
3558.0 2862.1 20.07394 2.938 0.98 48.2 1.1 43
3.8 2847.8 4.67002 0.012 0.08 16.6 2 5
2775.9 2867.9 17.63348 2.032 0.78 66.8 0.8 29
1422.4 2946.9 209.65220 6.979 0.65 -40.7 1.3 149
3466.2 2857.0 8.10775 1.484 0.24 -49.8 4.5 189
178.1 2878.3 18.82982 5.298 0.45 -88.6 0.8 79
1560.3 2882.4 9.01375 2.471 0.83 18.0 3.4 93
4150.9 2908.2 33.15376 5.647 0.94 -73.5 0.6 49
2035.7 2916.0 50.43254 2.654 0.88 -50.5 1.2 51
1449.0 2911.6 63.20262 37.893 0.53 -67.6 4.5 727
695.6 2918.1 10.45078 2.632 0.77 -11.4 0.9 37
3583.7 2917.5 14.57141 1.852 0.15 -44.6 4.5 299
493.8 2928.0 12.44805 2.055 0.75 75.5 1 33
2654.8 2961.8 53.10652 6.349 0.83 -26.4 1 85
3821.3 2948.4 23.11946 3.059 0.69 -50.0 0.3 23
1783.4 3041.7 811.52810 7.410 0.86 -8.2 1 121
1479.3 2954.9 12.75552 3.242 0.74 37.6 0.3 23
3769.5 2967.0 19.12550 3.412 0.60 -22.8 0.6 41
35.5 2950.2 9.67994 3.012 0.25 71.8 1.8 119
2266.0 3089.5 898.25000 8.964 0.73 39.6 1 155
1473.2 3006.4 25.75388 3.765 0.44 -62.8 0.6 49
3947.4 2979.0 10.58580 2.547 0.69 25.3 0.8 37
2708.7 3008.4 44.12999 3.696 0.72 73.6 1.1 65
3454.7 2979.4 9.85086 3.817 0.86 -38.2 1.3 59
1220.6 3087.2 466.95290 7.072 0.72 73.8 1 121
3841.5 3004.9 24.57334 2.457 0.45 -64.5 2.4 111
3439.8 3009.4 28.05412 2.485 0.77 -0.8 0.7 31
3259.8 2989.8 21.01318 10.226 0.94 31.4 3.5 217
2796.8 3015.9 40.64799 2.425 0.93 34.3 1 37
3688.0 2989.9 10.87293 4.801 0.25 14.0 4.5 335
1365.1 3059.2 183.76940 6.981 0.77 -62.4 0.9 99
4154.9 3035.0 47.24009 4.453 0.67 86.5 1.3 93
1984.7 3012.1 15.64371 3.575 0.80 47.1 4.5 185
1906.3 3011.3 20.59485 5.412 0.55 -8.4 4.5 251
2395.0 3011.2 14.88962 3.463 0.63 -2.7 4.5 173
3568.4 3008.2 6.01168 0.671 0.11 -2.3 1.5 49
734.3 3017.9 15.98461 3.871 0.80 -30.4 0.8 47
2974.5 3036.1 34.13877 2.690 0.80 -8.4 0.4 25
2547.6 3029.1 21.06673 3.889 0.56 1.8 0.7 53
3939.7 3020.9 6.22777 1.034 0.96 -29.9 2.6 39
3088.1 3021.2 8.12236 2.577 0.30 -15.1 4.5 209
3773.4 3045.5 31.63303 2.748 0.95 -30.5 1.2 47
2892.2 3025.4 14.79494 8.214 0.61 -1.4 4.5 283
2231.7 3041.1 17.02754 4.036 0.57 40.1 2.6 137
1846.1 3129.8 909.72410 8.913 0.63 3.9 1 167
4173.2 3052.2 43.51173 8.715 0.57 47.7 4.5 405
394.9 3072.9 54.51373 3.219 0.81 -36.6 0.9 49
550.9 3096.7 74.02601 5.667 0.67 -46.9 1 91
2995.4 3065.1 13.08215 2.463 0.76 -20.1 0.7 29
3043.0 3064.7 8.05470 2.412 0.75 -74.5 0.3 19
715.4 3083.7 60.18248 23.383 0.66 -63.3 4.5 593
2423.1 3121.6 70.09179 3.653 0.79 -11.7 0.9 55
1585.4 3119.7 56.13382 3.239 0.96 -33.1 1.1 51
285.3 3108.8 36.15221 4.723 0.55 24.7 1 81
2806.5 3117.0 34.92803 4.618 0.55 77.0 1.1 91
4071.1 4095.9 28.26436 2.975 0.50 4.4 1 59
2702.9 4092.3 93.73112 4.325 0.71 -8.2 1 75
1148.3 4046.6 1526.81000 10.064 0.82 71.2 1 169
3871.0 3950.5 33.56491 3.726 0.78 -11.2 0.6 39
3742.3 3951.2 31.91694 4.160 0.43 -55.7 1.4 107
1907.0 3946.3 96.23370 4.443 0.77 55.4 1.1 81
2790.4 3902.2 45.80573 3.095 0.76 -56.3 1.2 59
41.1 3908.2 12.21055 4.079 0.59 21.3 0.7 49
2719.1 3883.1 137.53470 7.428 0.62 37.4 0.7 99
1872.6 3879.8 46.01453 3.289 0.66 -60.9 0.7 41
3996.5 3587.0 13.47891 1.943 0.63 76.2 1.5 49
3846.0 3829.0 17.39853 4.058 0.81 62.6 0.5 35
3254.7 3679.5 10.83834 4.124 0.31 39.3 2.1 145
967.3 3813.9 12.77150 4.205 0.34 -44.7 2.2 153
246.1 3603.2 24.80301 5.355 0.46 58.3 4.5 333
1852.1 3765.1 13.00938 5.393 0.71 21.2 1 73
3394.1 3670.2 335.59060 6.975 0.92 -74.9 0.9 99
1048.5 3748.7 25.69218 4.906 0.71 -74.5 1 73
581.8 3794.6 6.20001 0.513 0.02 -15.1 1.9 111
299.4 3782.9 52.31536 4.724 0.63 64.9 0.7 59
377.9 3818.3 7.55230 2.813 0.57 -74.3 1 47
2795.7 3801.8 25.64006 4.664 0.60 65.5 0.6 55
2747.0 3642.4 21.32821 3.538 0.72 2.4 2 95
3645.1 3590.8 17.16442 3.727 0.96 -39.1 1.6 69
1008.5 3676.0 31.88021 4.809 0.93 61.3 0.8 55
2569.5 3680.8 9.94280 3.970 0.87 -72.4 0.3 25
2541.7 3683.1 17.53078 2.555 0.25 -12.5 4.5 289
2733.3 3763.4 25.77414 4.187 0.65 46.5 1.3 81
1077.7 3696.0 101.24640 6.680 0.81 -9.4 1.1 109
886.3 3637.0 12.34704 3.133 0.79 7.2 0.9 43
2687.3 3629.4 46.11015 3.243 0.90 37.7 1.1 55
3033.5 3736.0 54.88252 4.332 0.91 -2.1 1 61
1262.0 3836.2 24.22697 3.787 0.89 46.1 0.6 37
4033.6 3719.7 12.33763 4.165 0.24 -77.5 4.5 295
3955.8 3559.5 14.05080 3.321 0.85 73.8 0.6 31
1254.6 3733.8 25.67211 4.231 0.69 12.4 1.2 77
1697.5 3643.7 35.18771 3.574 0.94 71.3 1.1 55
837.3 3644.4 32.54543 2.972 0.84 39.0 1 47
3133.9 3679.9 12.48722 4.472 0.63 -75.6 2.2 117
624.8 3726.2 20.80637 2.688 0.92 -43.0 0.7 31
2562.1 3762.0 31.15322 12.421 0.71 8.6 4.5 381
4030.3 3559.6 9.07875 3.638 0.44 -16.5 0.7 51
3201.0 3631.4 149.42330 6.235 0.62 62.3 0.9 101
1880.8 3695.1 11.64893 2.375 0.83 -28.4 1.2 41
2824.7 3648.0 26.35872 3.931 0.72 65.5 0.9 57
2150.7 3703.2 15.76632 2.869 0.92 -72.7 0.9 37
269.5 3609.7 40.74239 6.061 0.84 0.0 1.9 135
1457.7 3452.2 187.36230 5.930 0.62 1.7 0.9 101
514.6 3653.1 40.96991 4.937 0.77 68.4 0.9 69
1562.9 3595.0 111.55090 6.222 0.72 -12.1 0.9 91
2721.1 3646.1 45.86549 4.194 1.00 75.1 0.7 45
363.6 3585.6 48.26088 4.056 0.79 -2.7 0.8 53
119.4 3685.3 18.00230 5.965 0.97 -2.6 4.5 185
3874.4 3640.8 22.95028 3.414 0.71 4.9 0.6 39
2855.5 3650.8 22.28271 10.255 0.25 -3.5 4.5 529
371.5 3648.8 35.58510 5.158 0.70 -69.5 1.3 93
305.5 3395.6 46.81404 3.139 0.95 -66.9 1.1 51
1879.0 3550.8 29.95619 5.344 0.79 4.1 2.7 161
840.7 3680.2 10.92869 1.761 0.06 -22.8 4 315
1299.6 3652.0 11.28104 3.846 0.66 -48.9 1 59
1951.1 3632.7 35.16789 5.838 0.38 35.8 2.4 229
3489.0 3662.9 29.62999 3.019 0.92 6.9 0.7 33
3520.5 3865.5 10.73749 3.811 0.48 21.1 1.4 87
2677.4 3485.9 7.88061 2.431 0.56 -38.1 1 43
4050.3 3625.0 119.60080 4.866 0.90 58.8 0.9 67
3072.2 3374.3 108.87860 4.192 0.78 21.1 1 69
7.6 3548.2 10.66617 3.575 0.70 -54.6 0.3 25
2126.6 3557.5 6.18673 0.562 0.04 71.0 2.9 149
154.6 3546.8 27.13777 3.347 0.85 -8.9 0.9 43
93.2 3502.8 6.51278 2.685 0.34 -62.5 1.2 65
1851.6 3500.6 21.78465 4.138 0.41 81.8 0.4 47
4035.8 3396.1 11.15507 3.254 0.70 45.2 0.3 25
1173.5 3570.7 121.11650 5.327 0.76 -2.7 1 89
3656.2 3487.5 59.11003 4.479 0.55 -25.4 0.9 77
3046.7 3491.4 11.05184 2.086 0.30 82.9 2.6 115
1434.7 3576.7 177.83660 5.105 0.89 -16.2 1 83
2529.6 3517.7 34.24697 2.998 0.86 51.2 0.7 35
3160.2 3509.4 5.68473 0.191 0.01 15.3 4.5 335
2588.1 3559.9 511.58400 8.139 0.58 -69.0 1.1 169
3135.4 3791.2 14.40688 3.749 0.73 9.7 0.4 31
3769.3 3641.2 32.08302 9.544 0.62 -85.8 2.6 249
2015.9 3523.4 23.41719 3.835 0.70 -59.5 1.2 67
3562.0 3927.7 28.25305 11.552 0.87 -79.7 4.5 309
31.7 3777.0 7.77709 3.339 0.64 37.1 0.3 27
32.8 3469.4 15.52808 3.107 0.56 53.3 0.6 37
2057.7 3723.1 22.50631 5.113 0.61 60.5 0.6 53
2110.5 3472.5 10.14738 2.533 0.98 41.2 1.7 51
498.0 3848.9 12.51511 2.918 0.55 -89.7 0.9 47
2493.4 3444.7 7.96280 1.344 0.98 -84.8 4.5 79
897.7 3589.7 22.03555 4.437 0.67 -21.3 2.7 145
2134.7 3929.7 4.14617 0.038 0.39 80.5 0.4 3
263.0 3909.9 38.25600 4.600 0.80 -83.8 0.7 51
2876.7 3301.2 57.74647 3.210 0.88 -61.5 1 49
714.1 3462.3 12.05923 2.615 0.82 5.3 1.2 43
29.1 3423.5 27.55183 4.527 0.56 40.5 0.9 73
3368.3 3503.7 25.25500 2.595 0.94 -17.4 1 39
3322.5 3834.9 445.52710 6.943 0.66 -68.2 1 123
904.5 3507.0 10.61235 3.867 0.61 0.2 0.4 31
3371.8 3369.8 528.75980 7.463 0.64 77.5 0.9 131
1545.1 3838.0 11.27529 4.664 0.21 88.9 4.5 359
3750.1 3458.9 9.42274 2.214 0.41 -88.4 2.9 109
3909.5 3409.4 41.44115 2.985 0.72 -63.1 1.6 77
773.1 3387.0 21.96216 8.555 0.52 -67.8 3.9 283
1346.8 3443.5 27.51021 4.061 0.50 -28.2 1.1 79
3000.5 3761.5 36.50639 3.122 0.85 61.6 1.2 55
1216.3 3426.1 19.62174 4.513 0.92 14.6 0.7 45
1672.5 3241.5 14.20813 3.997 0.58 28.0 0.3 33
3606.2 3403.1 79.42678 5.221 0.95 -73.8 0.9 69
2203.8 3406.8 15.16522 2.784 0.89 58.4 0.4 21
3788.7 3909.8 31.68420 2.385 0.89 29.0 1 37
859.1 3365.4 9.15585 3.471 0.64 31.8 0.5 33
1527.6 3402.3 131.01060 5.542 0.76 -1.0 0.9 79
1060.6 3374.0 111.17350 6.073 0.69 62.6 1 101
787.8 3471.9 7.78540 1.439 0.45 20.9 1.7 49
422.3 3408.5 34.92881 3.723 0.80 -48.6 0.6 39
1787.1 3905.0 19.72105 3.388 0.63 67.5 0.3 25
1933.4 3221.0 107.35810 6.015 0.85 80.4 0.9 85
1296.6 3309.3 22.34951 3.872 0.72 -42.1 0.7 45
2516.7 3300.6 9.06797 3.248 0.82 -72.0 0.6 31
3551.6 3377.1 109.71550 5.145 0.69 45.3 0.9 81
105.8 3338.8 44.32398 3.353 0.88 80.7 0.7 37
3471.9 3287.1 139.91000 4.914 0.88 41.4 0.9 71
3195.5 3301.1 745.73190 8.711 0.60 26.2 1 163
1709.6 3363.7 22.23549 3.422 0.70 82.0 1 53
3763.9 3384.0 7.83206 2.667 0.46 5.2 0.6 33
2958.2 3251.7 37.77548 4.510 0.86 -32.0 1.1 69
2749.7 3280.5 198.45060 6.913 0.63 -10.5 0.9 111
1675.5 3336.9 24.68435 2.456 0.74 -32.4 1.1 45
2873.7 3259.2 196.80800 5.453 0.96 39.8 1 79
2344.8 3284.3 18.20368 4.803 0.69 -6.0 3.6 173
925.1 3330.4 87.93111 6.174 0.57 -17.7 1 105
2193.5 3272.8 62.85769 3.021 0.77 33.3 0.9 47
2454.4 3806.5 20.91602 3.590 0.82 -78.4 0.7 39
3298.6 3313.2 23.78360 2.336 0.78 -4.8 1.1 41
705.8 3100.2 56.38396 41.476 0.99 60.1 4.5 529
3388.8 3281.9 274.92940 5.968 0.92 57.7 0.9 83
706.4 3302.3 8.95072 3.681 0.62 81.9 0.3 27
3630.6 3290.5 8.86601 2.514 0.61 -29.3 0.8 35
1783.8 3262.1 68.20130 5.453 0.57 -89.1 0.9 91
2824.7 3324.9 15.72284 3.925 0.59 71.1 0.6 47
22.5 3258.9 32.65252 3.137 0.82 24.4 1.4 63
1506.0 3308.7 14.18540 2.815 0.67 45.4 4.5 173
3974.9 4055.4 24.61238 3.303 0.66 46.3 1 57
3847.3 3339.8 28.68347 3.834 0.61 61.3 2.9 155
1297.5 3248.7 46.04372 3.553 0.84 85.4 1.1 59
229.5 3206.0 29.14554 3.461 0.94 37.8 0.7 39
772.3 3166.1 30.01102 16.752 0.10 -65.8 4.5 1055
64.3 3257.7 11.72230 2.657 0.59 -58.2 0.6 31
1249.4 3249.1 56.29411 5.295 0.88 -48.6 0.9 69
3331.3 3224.3 38.30848 3.525 0.93 -25.3 0.7 37
2587.0 3734.0 83.57347 4.350 0.89 -89.8 1.3 85
2406.6 3243.2 13.73829 2.718 0.73 74.8 0.8 37
3804.5 3672.2 40.44302 5.619 0.93 -78.2 0.8 65
401.9 3231.8 21.83161 2.746 0.62 56.4 0.8 41
291.6 3174.2 17.52172 4.418 0.90 -53.7 1.2 65
2209.6 3799.9 52.13335 2.814 0.90 -49.8 1 45
3259.3 4025.8 20.81492 14.358 0.44 -20.2 4.5 427
3224.8 3166.6 8.16132 3.395 0.88 -48.7 0.7 33
3584.0 3249.7 18.71416 3.424 0.70 -50.3 1.5 73
1525.0 3485.4 32.23030 4.333 0.85 -28.8 0.8 51
3219.9 3198.7 15.62115 2.891 0.54 12.1 1 51
2864.6 3926.3 12.97253 3.564 0.80 -19.4 1.2 57
4166.8 3225.5 17.07979 3.513 0.72 -2.3 0.6 37
367.1 3852.1 10.41888 2.927 0.53 -72.2 1.4 65
342.8 3621.1 30.96297 3.045 0.82 10.8 0.7 37
3794.3 3815.1 11.14366 2.986 0.64 -22.9 2 83
3700.5 3144.3 11.97820 3.292 0.59 17.7 0.9 51
3476.7 3220.1 10.97186 3.037 0.77 89.2 0.4 23
430.2 3127.0 10.75395 3.512 0.79 53.8 1 49
1370.0 3214.6 14.18650 3.034 0.62 -75.4 0.9 47
2503.2 3929.8 19.05155 3.095 0.97 1.2 1.1 45
3180.8 3105.0 9.36620 2.294 0.59 -49.3 0.6 27
781.5 3840.8 12.26285 1.949 0.26 32.0 4.5 195
3240.6 3968.0 42.85056 4.915 0.74 -40.6 0.8 63
3190.5 3160.1 13.44662 3.131 0.76 65.5 1 45
3609.2 3170.0 24.94284 4.061 0.75 20.8 0.7 49
2212.9 3711.2 37.20311 3.246 0.82 -5.3 1.4 69
1469.1 3968.8 11.44298 3.079 0.70 -34.7 0.9 43
2246.0 4018.5 13.33496 3.118 0.46 10.0 2.8 129
4084.4 3156.7 5.01968 0.146 0.12 10.6 4.3 51
981.5 3196.0 7.78178 2.830 0.71 86.7 0.5 27
383.9 3751.9 19.98253 4.346 0.39 50.1 4.5 295
2318.4 3870.9 12.59843 3.306 0.63 -15.9 0.5 31
3177.3 3130.7 6.28808 0.929 0.80 22.1 4.5 97
1710.1 3771.0 100.14860 6.082 0.70 87.6 1 95
3373.5 3726.0 190.01930 4.752 0.80 -29.9 0.9 75
1934.1 3989.5 17.63937 4.149 0.62 -14.4 0.8 55
1437.2 4063.5 2569.41500 10.887 0.88 21.4 1 181
1129.6 3166.5 13.95862 3.196 0.55 38.7 1.6 81
4124.6 4027.7 13.03418 3.581 0.36 -74.4 4.5 225
1974.9 4084.8 32.62962 15.452 0.35 -9.4 4.2 511
606.5 3586.8 36.40489 3.801 0.86 0.5 1.5 77
2485.9 3999.0 23.21343 2.200 0.54 -58.9 4.5 235
3927.9 3879.0 892.39140 7.100 0.78 -12.6 1 133
2420.7 4015.3 34.30098 6.152 0.74 -84.8 1 91
2520.3 3895.0 9.42896 2.044 0.72 21.3 0.5 21
2031.5 3667.6 157.81550 5.180 0.69 -78.7 1 93
484.0 4004.2 23.92498 3.042 0.98 59.9 0.6 31
1858.8 3908.9 27.97541 3.738 0.83 14.9 1.2 65
2016.3 4049.5 206.71060 5.429 0.81 -43.0 1.1 95
3501.1 3134.8 21.04628 2.392 0.85 18.6 1.5 53
3413.5 3125.9 9.85654 2.540 0.38 -13.4 1.1 59
3554.8 3901.9 73.97450 2.647 0.87 78.6 1.1 49
1894.0 3790.3 16.70852 5.516 0.56 -67.7 1.1 93
2553.0 4069.0 9.09518 3.747 0.54 -7.0 2 101
1369.1 3921.7 29.72818 3.493 0.54 -38.0 0.6 41
1650.3 3530.9 87.90312 4.356 0.90 -89.5 0.8 57
1635.8 4061.5 31.47043 12.775 0.50 -30.2 4.5 465
2663.4 3825.6 38.45577 4.515 0.64 -43.0 1.4 97
2881.1 4079.4 10.97104 3.498 0.58 -23.4 0.8 51
572.7 3976.1 15.27761 3.130 0.47 24.6 0.6 41
4044.7 4007.3 10.98657 3.462 0.79 58.6 0.3 25
733.3 3386.7 13.20475 2.857 0.87 63.4 0.6 29
2267.9 3754.3 69.77230 2.742 0.90 -53.3 0.9 41
2838.1 3892.1 7.95811 2.876 0.60 -8.9 0.3 23
783.0 3732.4 81.15170 5.490 0.71 -45.3 1 87
3680.1 3298.8 23.25216 4.775 0.49 31.6 0.6 59
125.6 3993.0 38.60161 13.611 0.53 -24.9 4.5 437
2851.2 3835.7 8.47776 1.446 0.36 25.6 2.9 89
567.4 4008.6 36.35207 3.947 0.73 43.5 0.8 55
118.4 3866.0 18.40112 2.771 0.89 -18.3 1 39
2686.9 3976.9 68.03516 4.646 0.62 82.3 1.6 121
398.8 3285.4 646.61270 7.080 0.79 -85.5 1 123
3123.5 4001.6 26.25322 3.622 0.74 -66.1 1.4 75
1508.6 4005.5 67.28468 5.308 0.51 12.0 1.1 105
1227.3 3972.8 593.97490 6.953 0.81 0.9 1 113
2788.1 3489.5 8.87354 2.810 0.54 -55.1 1.1 51
3510.0 3931.7 45.21250 3.567 0.99 -87.8 1 51
688.4 3987.2 13.84852 5.837 0.63 -21.8 4.5 229
1430.5 3965.4 17.20295 2.868 0.86 -12.3 0.8 35
1404.9 4005.8 24.65293 3.219 0.71 -87.5 0.8 43
2083.0 3823.5 9.94765 3.619 0.63 40.2 0.7 45
1733.4 3855.8 497.17040 6.956 0.97 -83.2 1 105
356.0 3936.9 14.91407 3.828 0.71 -41.5 1.8 91
1225.2 3707.6 63.87624 5.088 0.86 -44.5 1.2 89
2888.7 3889.5 28.47876 3.502 0.78 9.5 0.5 33
1200.0 3867.6 19.12921 3.739 0.85 -47.5 0.5 33
977.7 3962.6 6.92335 1.809 0.93 58.4 2.7 59
