1 2395.765 11.115 24.94
2 1397.11 6.957 23.999
3 1130.759 20.362 24.624
4 2727.454 11.966 23.541
5 1989.026 14.033 23.64
6 276.73 10.969 22.097
7 123.046 28.515 22.171
8 1798.313 27.905 23.746
9 642.448 11.644 24.568
10 3824.77 36.529 24.736
11 3992.976 6.708 23.195
12 3152.796 40.987 23.373
13 1099.445 49.951 23.664
14 2518.535 26.756 24.431
15 2452.745 47.454 22.959
16 2405.918 44.49 24.247
17 4153.482 68.43 24.525
18 537.567 46.09 24.434
19 2747.132 47.227 24.164
20 1681.513 46.709 22.532
21 2591.726 64.179 24.659
22 3473.959 91.053 24.28
23 3551.6 77.785 24.671
24 2921.247 74.763 22.872
25 1478.38 65.029 23.118
26 3327.812 79.482 24.107
27 2674.073 106.316 23.557
28 1918.042 52.906 20.745
29 3645.723 105.646 22.193
30 2732.887 99.287 23.553
31 3904.602 35.503 24.725
32 1777.481 100.227 22.904
33 3909.868 95.093 22.897
34 917.333 112.02 24.255
35 3028.892 73.024 24.871
36 3132.351 123.068 22.788
37 62.746 103.083 24.27
38 1020.806 132.113 24.462
39 1437.923 111.699 24.792
40 1139.682 156.185 24.696
41 55.906 133.168 24.576
42 2244.451 117.503 23.987
43 1583.9 118.247 23.663
44 1098.977 162.689 23.513
45 1817.122 152.377 23.109
46 1045.556 169.405 23.893
47 995.216 13.901 20.78
48 973.11 38.063 24.086
49 3869.341 143.469 23.714
50 3258.268 115.86 21.571
51 3967.645 28.383 24.877
52 2912.83 12.086 24.624
53 44.385 188.558 23.574
54 2942.313 23.698 24.616
55 3713.944 169.775 22.554
56 3191.533 178.692 23.657
57 1190.341 129.899 21.078
58 1332.263 50.06 24.12
59 931.588 133.518 23.856
60 3902.007 176.964 23.441
61 1247.51 203.036 22.66
62 3423.54 67.837 23.331
63 3986.652 52.219 22.828
64 1202.952 184.603 24.984
65 1245.429 98.926 23.702
66 765.772 244.266 23.757
67 4000.882 253.014 24.541
68 2382.298 82.163 22.899
69 2331.521 183.924 22.345
70 2399.745 222.34 22.817
71 3322.594 9.02 24.451
72 3158.058 83.401 24.169
73 3577.852 6.272 24.017
74 706.237 21.664 24.424
75 3593.3 214.656 24.342
76 3975.472 182.828 22.241
77 3945.707 177.797 23.366
78 246.381 96.718 23.69
79 448.374 30.616 23.657
80 992.158 243.583 23.687
81 1205.441 51.86 22.698
82 3799.693 188.494 22.034
83 1347.665 286.006 22.655
84 1350.078 314.935 24.452
85 1667.899 275.718 23.961
86 772.542 193.207 23.934
87 277.359 293.055 23.464
88 2027.429 147.405 22.845
89 2014.007 111.76 22.89
90 1961.541 157.208 21.261
91 2605.179 304.089 24.598
92 3589.28 55.6 22.259
93 64.868 296.832 23.202
94 170.373 119.374 23.986
95 1938.273 212.546 23.48
96 1545.939 63.622 24.991
97 326.973 157.177 24.055
98 2066.575 145.675 24.723
99 1852.91 227.246 24.128
100 3759.789 71.786 24.41
101 690.025 90.287 24.749
102 2727.032 330.649 22.6
103 4113.946 184.3 23.472
104 4137.825 204.256 23.199
105 3903.314 342.149 24.202
106 3113.934 198.348 23.281
107 2695.601 280.818 23.38
108 2228.911 358.994 24.731
109 1330.825 212.767 24.079
110 1395.371 288.963 23.811
111 3507.607 174.935 21.981
112 894.579 295.317 24.87
113 4171.658 171.461 23.512
114 4188.596 194.159 24.42
115 4167.972 311.702 24.588
116 2937.426 221.744 22.353
117 2910.8 300.555 23.071
118 2916.231 247.584 23.896
119 2882.5 262.433 24.564
120 2901.069 280.646 24.078
121 243.285 172.802 23.423
122 496.213 178.459 24.637
123 2323.72 346.429 23.371
124 2274.206 203.372 23.557
125 550.948 111.592 22.944
126 565.51 131.049 23.475
127 1148.936 245.991 23.292
128 774.375 433.92 24.781
129 1580.245 248.327 24.549
130 3905.301 234.18 23.103
131 3926.846 250.892 24.222
132 3683.03 453.832 24.549
133 3169.685 218.902 23.468
134 125.12 132.93 22.677
135 1034.873 228.974 24.562
136 614.205 273.288 24.054
137 509.929 264.792 23.788
138 924.645 301.997 24.357
139 3159.549 168.341 23.06
140 1245.772 284.019 24.056
141 3147.98 316.251 24.963
142 1616.263 335.053 24.56
143 480.072 297.037 24.35
144 983.924 357.145 24.446
145 794.596 109.432 19.968
146 868.842 127.827 23.009
147 855.952 154.497 23.627
148 823.518 148.643 24.213
149 2928.241 171.005 23.067
150 3410.224 376.696 23.891
151 461.532 324.281 23.476
152 3363.48 77.58 24.727
153 2091.286 108.13 22.952
154 2105.856 88.422 22.684
155 2123.731 67.027 24.009
156 2684.978 175.633 23.534
157 3188.202 76.656 24.69
158 1376.624 99.75 24.597
159 1818.979 339.234 24.27
160 720.999 186.728 24.971
161 1066.122 396.991 22.97
162 2787.15 126.14 24.706
163 733.212 92.295 23.335
164 2573.427 101.649 24.819
165 1403.202 420.368 22.822
166 1394.794 453.623 22.733
167 1410.843 391.098 22.883
168 589.292 168.466 22.922
169 1113.547 118.14 24.004
170 1513.015 171.565 24.947
171 3749.304 399.57 23.582
172 1859.127 448.111 22.796
173 313.835 264.108 21.382
174 289.938 265.43 24.161
175 2869.531 159.342 23.92
176 349.33 197.248 24.211
177 2207.208 20.624 19.038
178 2247.574 39.805 24.632
179 2245.794 256.221 24.489
180 1618.594 445.308 23.891
181 3168.719 431.188 24.661
182 2838.551 210.155 24.842
183 168.018 457.739 24.568
184 3653.854 442.383 24.956
185 2530.685 286.214 24.464
186 1493.874 220.796 21.474
187 1454.456 188.106 24.532
188 1531.735 214.182 24.403
189 1456.729 213.546 24.581
190 4031.667 225.962 24.381
191 2504.716 455.963 24.284
192 2455.125 490.403 24.253
193 4071.817 348.368 22.598
194 4053.448 381.079 22.939
195 4034.605 407.505 23.434
196 4071.508 409.615 23.597
197 4070.334 443.374 23.334
198 561.484 239.945 24.877
199 2467.862 204.854 24.652
200 2285.688 489.151 24.878
201 3268.829 250.763 24.833
202 1408.99 56.268 22.907
203 2109.51 236.475 24.81
204 202.55 519.81 24.682
205 1618.244 85.592 24.886
206 560.427 509.676 23.557
207 1432.762 248.198 24.582
208 866.142 513.35 24.628
209 2753.626 272.447 22.926
210 1227.573 537.348 24.347
211 2035.036 548.256 23.566
212 2829.666 270.901 24.51
213 898.14 215.125 22.178
214 940.721 266.404 23.412
215 938.848 237.616 23.731
216 961.639 264.521 24.582
217 1362.491 551.952 23.506
218 1590.691 289.904 22.525
219 1528.088 556.365 23.632
220 429.451 239.453 24.956
221 677.615 255.709 24.694
222 696.598 320.019 21.634
223 1929.307 484.018 21.868
224 1991.418 474.563 22.876
225 1945.24 519.542 22.844
226 1957.838 485.743 24.513
227 2414.02 365.521 21.112
228 699.242 277.812 24.553
229 1981.219 575.68 23.434
230 1315.582 513.557 23.686
231 1397.292 196.746 22.129
232 1366.969 168.712 23.863
233 1437.703 576.777 22.186
234 1206.737 524.983 23.784
235 2772.595 207.122 24.559
236 1186.762 540.945 24.939
237 2005.798 624.362 24.962
238 1469.863 329.236 24.383
239 1474.133 300.309 23.908
240 844.403 663.275 24.202
241 423.97 164.896 19.889
242 472.792 121.737 22.593
243 446.178 130.446 24.836
244 1897.865 232.932 22.603
245 3588.489 307.898 23.041
246 3606.053 337.074 24.358
247 3161.793 376.955 21.31
248 3126.126 606.387 23.483
249 3148.226 589.348 23.457
250 3374.431 135.35 23.59
251 69.301 356.864 22.528
252 3167.744 606.824 24.884
253 4131.711 369.699 24.443
254 1547.433 697.861 22.543
255 2094.529 152.228 24.12
256 3073.536 315.423 23.827
257 2892.187 632.207 24.404
258 849.422 708.821 24.616
259 2661.166 402.052 23.891
260 2992.971 169.693 24.049
261 3626.166 443.054 24.876
262 4059.336 740.56 23.645
263 1803.061 184.466 24.06
264 2037.387 463.081 24.475
265 3640.005 587.325 22.537
266 3637.333 561.239 23.894
267 3673.622 610.72 24.536
268 429.787 678.438 22.275
269 4071.615 197.219 22.831
270 3895.275 760.736 23.785
271 2506.614 580.02 24.535
272 1562.273 494.575 22.814
273 287.705 782.011 24.815
274 2775.447 596.928 23.888
275 367.438 253.67 22.635
276 391 271.683 23.147
277 3200.61 509.264 23.859
278 1766.396 704.236 22.871
279 3333.996 618.395 24.435
280 121.61 511.47 24.6
281 4067.474 538.362 24.895
282 2250.334 730.621 23.804
283 2987.443 554.881 23.933
284 1623.67 641.854 23.037
285 3572.375 567.664 23.371
286 333.647 666.278 22.793
287 2959.904 128.667 21.398
288 3005.827 104.379 22.961
289 3001.385 582.902 24.743
290 1132.396 752.957 22.691
291 2789.822 752.565 24.92
292 1694.129 135.871 24.155
293 943.821 609.727 23.022
294 165.229 681.636 22.276
295 2535.608 783.69 23.222
296 4097.792 694.989 24.906
297 2372.01 785.933 24.235
298 1193.98 219.21 22.446
299 1218.069 228.74 24.071
300 2480.573 810.71 24.263
301 2516.202 249.994 23.017
302 1873.368 270.713 23.813
303 3939.939 286.981 22.843
304 2816.178 302.846 24.184
305 3380.752 262.694 21.33
306 3321.327 262.579 23.148
307 3354.158 275.056 23.879
308 3382.811 178.452 21.615
309 3381.681 202.957 24.318
310 3501.469 329.557 24.989
311 2750.477 165.496 24.831
312 2524.493 195.382 24.945
313 2405.767 271.717 24.671
314 301.067 351.896 24.118
315 2404.717 838.848 21.898
316 2430.836 844.002 24.805
317 2298.524 310.996 23.632
318 1976.798 845.36 24.394
319 2555.032 377.377 23.288
320 2544.628 869.222 24.508
321 3960.795 325.832 24.504
322 2283.75 410.034 24.775
323 2104.936 891.167 24.09
324 1240.387 386.035 23.735
325 3247.017 772.484 22.053
326 3262.674 793.345 24.839
327 1406.931 919.812 24.05
328 2596.119 452.172 23.134
329 985.894 940.821 23.986
330 2327.688 768.224 22.404
331 3529.248 495.194 24.746
332 1710.683 952.342 24.437
333 3982.695 511.164 24.392
334 2577.791 783.849 23.242
335 272.683 985.791 23.843
336 3173.623 523.928 23.632
337 561.631 1001.111 24.27
338 1606.882 798.637 23.748
339 3837.447 824.515 24.473
340 2538.295 570.868 23.618
341 2118.315 835.426 23.777
342 625.167 659.053 21.824
343 675.204 651.934 22.846
344 651.899 682.621 22.538
345 4048.261 857.665 24.928
346 3901.266 462.432 20.669
347 2976.125 381.129 20.441
348 2917.877 396.054 21.829
349 2962.208 337.616 23.209
350 677.936 593.513 22.414
351 1673.683 329.953 24.92
352 1289.356 898.797 22.542
353 3697.159 590.061 24.617
354 1349.27 888.316 24.401
355 1481.626 453.69 23.742
356 1822.374 371.447 24.983
357 1313.484 641.726 24.865
358 1801.813 231.146 21.883
359 1767.225 248.373 22.349
360 1753.028 286.376 23.641
361 3632.419 390.625 24.228
362 2526.127 676.609 23.972
363 3771.424 232.56 24.462
364 2310.191 440.206 24.726
365 1464.983 254.032 24.22
366 96.168 509.148 24.898
367 1645.387 263.566 23.959
368 2662.386 530.926 24.014
369 83.162 734.842 22.884
370 2409.157 545.709 24.411
371 948.27 561.137 24.887
372 3250.396 283.086 22.765
373 2726.269 656.487 22.217
374 2723.607 698.749 22.961
375 519.57 295.269 24.435
376 354.673 738.933 23.096
377 2857.759 305.852 24.44
378 1705.097 442.471 19.361
379 1748.692 540.525 21.484
380 1681.111 376.145 22.235
381 1719.899 499.494 23.246
382 1760.829 457.865 23.161
383 1722.325 547.683 23.544
384 115.008 768.389 23.912
385 3505.479 779.986 24.192
386 3991.93 322.765 22.634
387 500.222 561.81 23.022
388 522.127 522.757 23.158
389 509.384 542.501 24.121
390 636.729 340.724 24.155
391 2327.802 595.904 21.581
392 2359.367 355.446 24.729
393 3017.538 808.449 23.247
394 1433.48 817.444 24.502
395 992.941 1054.714 21.537
396 992.812 1017.542 23.39
397 3322.486 955.65 21.94
398 3339.581 914.847 23.829
399 3503.414 419.691 19.099
400 3464.699 451.004 22.284
401 67.119 555.006 22.882
402 3942.913 920.416 24.836
403 2592.117 386.139 22.238
404 2321.927 397.042 24.408
405 2480.147 397.772 24.402
406 126.013 858.837 20.449
407 29.538 871.076 22.357
408 80.772 899.166 22.4
409 55.081 867.665 24.681
410 88.799 864.047 24.592
411 635.325 425.759 24.454
412 3679.292 832.495 24.931
413 4149.582 454.342 23.994
414 4174.581 464.881 23.666
415 1865.468 959 24.721
416 1889.116 420.446 23.044
417 4138.624 580.02 21.854
418 1434.536 673.381 23.355
419 1431.356 704.696 23.094
420 1405.024 670.905 23.992
421 1148.967 995.297 23.201
422 3294.283 533.157 22.984
423 2416.843 717.579 24.64
424 368.594 1007.251 24.614
425 3905.654 591.03 23.185
426 1816.76 460.598 23.118
427 1344.818 620.59 22.1
428 1320.827 602.318 24.381
429 3222.903 549.402 23.298
430 789.316 472.471 23.861
431 1255.413 493.208 24.828
432 760.874 568.061 23.658
433 958.044 876.518 21.744
434 1228.646 882.868 24.126
435 1215.643 880.163 24.544
436 1497.873 584.816 22.75
437 2501.848 522.312 23.286
438 5.983 521.303 24.972
439 2651.422 591.199 24.674
440 1753.803 765.355 22.639
441 1775.792 765.188 23.255
442 4048.892 902.727 24.254
443 3707.653 618.858 24.063
444 3200.919 915.455 23.941
445 2977.535 1063.466 22.402
446 3113.027 784.538 23.183
447 2943.837 945.33 24.965
448 2212.196 1068.1 23.242
449 1817.903 787.416 24.72
450 3215.463 1089.542 23.9
451 4113.014 637.941 22.032
452 4124.799 673.375 23.25
453 4154.681 677.853 24.944
454 3790.613 583.16 24.877
455 3799.4 554.405 23.451
456 3330.691 838.393 23.454
457 860.942 978.737 23.71
458 877.301 979.315 24.017
459 262.591 664.07 20.938
460 2389.099 645.907 23.869
461 3128.687 841.627 23.812
462 2831.706 681.986 24.05
463 3068.854 886.514 24.145
464 3502.969 1031.641 23.538
465 1214.242 702.603 24.791
466 786.907 902.932 23.799
467 1132.139 1038.235 24.222
468 3436.987 919.576 20.232
469 3462.173 897.852 24.955
470 1634.672 898.214 22.991
471 4195.436 911.971 24.42
472 2898.579 926.216 24.89
473 1775.461 1086.463 22.502
474 123.688 622.423 20.974
475 90.146 627.491 24.649
476 1716.414 1091.845 24.412
477 3909.055 936.859 24.1
478 3295.017 630.944 24.948
479 3467.366 964.829 24.992
480 1662.488 1144.311 24.483
481 4165.542 997.493 22.551
482 2157.734 1164.454 22.491
483 3273.459 1033.403 24.947
484 923.979 1210.795 24.346
485 738.967 1231.347 24.507
486 3754.094 1261.096 23.301
487 573.705 1077.674 22.552
488 312.694 1281.26 23.439
489 3254.92 1075.31 22.442
490 1133.648 697.987 21.055
491 1105.274 710.59 23.444
492 1126.23 658.564 24.649
493 1303.311 1111.21 24.843
494 335.829 1327.306 21.752
495 4150.171 1158.605 22.917
496 1527.306 1331.677 23.411
497 3859.957 1226.688 23.514
498 3661.356 1338.234 24.285
499 1832.475 712.624 23.105
500 1800.04 706.536 23.969
501 2731.116 1360.896 24.837
502 1215.34 1242.404 24.884
503 3572.937 733.706 24.458
504 4164.729 1280.237 23.692
505 2875.577 753.693 23.764
506 642.915 774.606 24.65
507 3405.579 1330.087 24.875
508 691.582 1334.899 24.291
509 1018.858 676.33 21.644
510 1064.236 685.831 23.304
511 3996.683 1393.459 23.107
512 3999.47 1421.516 24.926
513 3886.038 1397.72 24.508
514 1275.391 674.859 23.532
515 825.915 1418.24 24.978
516 3499.391 1433.97 24.308
517 3075.098 699.265 23.14
518 1976.274 1461.16 23.65
519 3896.398 718.391 24.655
520 3209.588 742.8 24.961
521 870.457 1480.701 24.262
522 2044.092 360.696 18.367
523 1967.826 324.004 20.407
524 2112.03 324.952 23.255
525 3387.61 1499.364 23.569
526 250.541 321.279 24.996
527 2428.527 1517.347 23.729
528 1603.073 1525.536 24.709
529 1336.52 342.952 23.777
530 521.775 1545.158 24.388
531 3336.674 1370.42 22.493
532 3347.138 1400.503 22.571
533 2734.67 413.2 23.715
534 2490.032 1576.648 23.926
535 51.823 431.006 24.5
536 3726.276 772.379 22.149
537 3696.507 780.868 24.044
538 1861.133 1372.946 23.724
539 2924.817 834.803 21.944
540 2922.257 868.45 23.181
541 3084.369 1607.008 24.523
542 2692.46 772.512 24.938
543 1471.697 839.612 23.85
544 210.646 1628.723 24.67
545 3186.561 795.648 24.375
546 3058.207 865.814 24.735
547 348.443 1410.96 23.194
548 3494.77 496.22 24.14
549 600.074 948.516 19.901
550 547.434 958.907 23.025
551 520.403 962.727 23.62
552 532.541 943.207 24.373
553 506.804 976.582 24.948
554 2991.726 1652.369 23.962
555 1474.54 884.619 23.862
556 29.651 1667.323 24.04
557 318.101 820.954 23.58
558 4079.494 947.652 24.548
559 3868.276 547.281 23.516
560 93.93 1707.517 24.109
561 3986.931 831.844 24.101
562 3184.454 1719.293 24.409
563 3003.074 992.248 23.246
564 1712.092 846.934 23.685
565 531.633 914.395 24.078
566 3259.723 998.473 24.632
567 699.138 881.844 23.427
568 856.108 1420.691 23.156
569 879.006 1419.322 23.632
570 888.444 1407.894 24.33
571 2368.944 934.564 23.634
572 2761.052 890.085 24.743
573 803.304 1022.303 23.13
574 289.351 900.589 24.764
575 172.444 947.54 24.35
576 294.341 1025.07 24.834
577 2937.507 1748.969 22.59
578 509.556 1048.752 24.035
579 2865.984 1764.071 24.754
580 2841.772 923.558 23.096
581 2906.909 1062.372 24.348
582 533.418 1067.494 24.857
583 3395.556 774.658 19.322
584 3448.257 769.399 22.957
585 2895.67 1094.402 24.782
586 1902.381 1121.315 24.805
587 2623.137 751.887 23.894
588 1694.573 1155.703 24.017
589 1040.34 789.417 24.974
590 881.339 1159.445 23.844
591 508.683 806.482 24.304
592 503.967 1194.205 24.573
593 3158.458 1234.31 24.598
594 4159.792 829.61 22.97
595 85.002 1260.214 23.726
596 489.138 1289.719 23.837
597 1452.282 1820.549 22.47
598 1436.04 1791.225 24.661
599 1443.181 1777.8 24.77
600 3199.004 851.774 23.118
601 907.389 862.849 24.584
602 2792.454 889.801 22.62
603 3091.52 891.58 24.813
604 248.187 1436.296 22.261
605 272.433 1454.056 23.213
606 223.577 1461.079 22.97
607 1259.777 1357.667 23.325
608 1286.341 1370.858 24.968
609 753.63 1451.099 24.268
610 3872.05 920.256 23.124
611 805.21 922.345 24.736
612 2789.662 1476.477 23.943
613 3523.233 1385.8 22.751
614 3202.83 945.04 24.433
615 1457.603 1388.849 24.946
616 1921.244 966.535 24.238
617 395.723 993.263 24.595
618 3658.969 1812.39 20.769
619 1590.218 1808.167 24.48
620 1701.892 1501.597 22.879
621 1725.499 1487.331 23.325
622 1724.506 1513.517 23.973
623 2977.131 1828.891 23.883
624 1007.805 1517.013 23.526
625 587.633 1841.738 24.403
626 1567.301 1002.737 24.791
627 1587.905 1011.284 24.329
628 1616.797 1013.607 23.564
629 40.646 1528.371 24.716
630 2133.774 1018.408 24.86
631 62.709 1035.948 24.335
632 1855.133 1020.551 21.239
633 1811.738 1048.61 23.714
634 1801.825 1033.488 23.874
635 929.939 1069.715 23.565
636 1440.434 1025.018 23.709
637 886.098 1114.745 24.345
638 1009.836 1141.413 24.454
639 1623.147 1150.761 24.726
640 3774.441 1083.084 23.627
641 236.44 1187.287 23.682
642 4173.294 1897.378 20.066
643 285.275 1211.255 23.373
644 2525.583 1888.208 23.438
645 3083.588 1234.648 24.436
646 1303.729 1246.226 24.991
647 3332.376 1113.866 22.855
648 2320.85 1282.172 24.01
649 3422.509 1125.111 24.862
650 1230.962 1315.104 24.832
651 3439.88 1325.333 24.947
652 3162.802 1153.01 24.106
653 2252.255 439.37 24.705
654 323.565 1181.009 23.849
655 3803.365 1565.797 22.12
656 3834.106 1577.39 23.323
657 3430.436 1200.907 23.776
658 1854.654 1580.8 24.994
659 738.753 1354.381 23.245
660 3766.634 1604.954 23.816
661 80.013 1617.633 24.219
662 454.817 1242.103 22.622
663 1431.556 1655.241 24.053
664 2244.84 1674.979 23.478
665 4093.272 1379.601 23.055
666 4093.53 1355.319 24.572
667 1005.826 1432.353 21.043
668 948.098 1430.748 22.563
669 928.782 1444.71 23.918
670 918.418 1463.893 23.74
671 941.179 1469.847 24.382
672 2399.783 1238.63 23.51
673 2414.013 1245.56 24.382
674 2381.701 1684.147 24.742
675 4101.898 1435.54 24.183
676 645.255 1458.284 24.517
677 804.667 1721.578 22.597
678 1839.773 577.32 19.991
679 1889.909 626.371 20.514
680 1766.306 608.07 21.383
681 1731.633 616.637 23.403
682 1220.842 1393.589 22.276
683 111.642 1392.389 24.918
684 1567.266 1409.709 24.82
685 2646.216 1481.932 23.63
686 2664.661 1489.4 24.219
687 1821.936 1741.376 23.678
688 1841.807 1715.398 24.562
689 2453.872 1428.216 24.569
690 4102.219 1507.567 24.431
691 492.162 1736.459 24.133
692 733.953 1288.712 23.238
693 3357.789 578.989 22.577
694 1098.81 1282.634 24.915
695 3609.407 1475.773 23.696
696 2855.695 587.569 24.63
697 2317.495 1753.297 23.31
698 3259.184 1759.409 24.848
699 3006.806 1323.045 24.256
700 2515.485 609.307 24.335
701 2803.681 1784.633 24.264
702 1067.848 1491.313 23.525
703 2508.552 637.018 24.356
704 1298.239 651.768 24.713
705 132.543 1347.345 23.318
706 225.867 1521.58 23.362
707 1606.828 691.108 24.617
708 4004.363 1350.589 24.198
709 671.882 1530.748 24.655
710 68.724 1537.993 24.853
711 1012.6 721.998 24.323
712 1527.061 1810.545 23.273
713 1525.305 1791.345 24.277
714 1137.292 1835.382 24.459
715 3602.692 1389.06 23.575
716 3888.194 1607.33 23.985
717 2839.326 1414.229 24.279
718 3069.62 1620.939 23.712
719 633.458 1667.811 24.426
720 3069.63 777.223 23.103
721 3070.963 746.39 23.99
722 1782.955 1689.062 24.747
723 1062.282 1436.595 22.675
724 167.048 1929.307 19.872
725 174.005 1985.852 24.479
726 1598.917 1505.042 24.629
727 2275.008 1927.607 22.862
728 716.253 796.944 22.232
729 2546.807 1944.997 23.643
730 1310.133 787.986 24.503
731 2167.437 1948.551 24.274
732 1410.612 1540.25 22.786
733 262.583 827.304 23.416
734 3099.948 1531.365 22.668
735 3104.659 1576.003 22.807
736 2651.058 1533.651 24.594
737 4172.255 1977.12 23.736
738 1125.251 1552.945 24.531
739 545.924 846.051 24.361
740 3768.386 1981.326 24.388
741 1222.717 2017.092 23.847
742 2437.608 1575.583 23.651
743 3565.033 886.41 23.358
744 3567.378 1589.809 24.336
745 2142.356 2051.841 24.475
746 494.156 891.056 24.343
747 149.303 2095.156 23.869
748 256.095 913.952 23.455
749 3536.234 2104.97 24.893
750 2668.851 918.949 24.091
751 2299.493 1622.466 22.299
752 3564.551 1552.598 22.117
753 3584.164 1535.832 23.66
754 2889.661 2145.333 24.4
755 3520.11 1655.669 24.517
756 183.368 2160.015 24.68
757 1175.05 956.734 23.564
758 271.899 1677.377 24.815
759 99.746 2185.958 22.936
760 781.25 2191.366 24.391
761 3428.791 1005.688 23.186
762 320.474 1771.579 21.367
763 269.574 1759.069 23.781
764 1059.764 1764.576 24.322
765 1737.579 1014.055 23.601
766 2307.177 2233.376 24.293
767 3027.918 1030.563 24.495
768 3227.809 2252.735 24.244
769 3921.638 1045.188 24.522
770 1385.589 1812.029 23.919
771 3306.719 1063.995 24.279
772 1209.649 1825.82 23.71
773 915.721 1711.153 21.477
774 1843.806 1837.102 24.85
775 3313.186 1849.042 24.333
776 4072.126 1719.068 23.482
777 3022.288 1940.35 21.469
778 3019.151 1871.734 21.557
779 1377.803 1089.69 22.991
780 3057.176 1735.359 22.695
781 530.663 1145.858 24.503
782 3282.402 1881.789 24.204
783 1423.491 2290.348 23.511
784 1440.747 2272.743 24.1
785 15.988 1745.959 23.218
786 917.266 2277.565 24.595
787 3634.658 1921.081 24.08
788 3379.408 1775.176 24.504
789 3370.305 1762.535 24.638
790 2342.918 1942.773 23.411
791 2002.495 1772.531 23.971
792 2632.308 1948.157 24.701
793 1381.282 1784.939 24.565
794 1607.208 1794.106 24.924
795 4082.332 1881.818 21.628
796 3960.2 1982.392 22.72
797 1470.996 1174.789 17.963
798 1354.469 1205.665 21.823
799 1449.922 1250.95 22.637
800 1421.51 1270.657 23.433
801 1556.565 1185.213 23.563
802 1406.34 1267.427 24.305
803 1532.531 1245.841 23.168
804 3391.624 1984.866 24.014
805 1636.379 1892.122 21.995
806 768.989 1134.958 23.706
807 666.956 475.519 22.25
808 766.378 1897.812 24.527
809 277.027 1148.389 24.778
810 289.364 1929.013 24.773
811 941.546 1172.37 24.503
812 4085.599 489.89 23.521
813 75.218 1932.466 23.815
814 2227.145 2001.492 23.007
815 1632.033 1205.151 23.55
816 1280.685 2011.522 24.427
817 904.759 508.104 23.562
818 698.936 1242.321 24.263
819 2692.248 1970.839 23.598
820 964.227 1286.183 24.547
821 1598.935 526.481 23.51
822 3474.048 1980.075 24.175
823 161.181 2035.798 22.348
824 4114.19 1306.05 24.657
825 2729.253 531.617 24.808
826 1697.764 1992.187 24.897
827 1541.556 2046.605 24.901
828 3277.032 2015.028 24.568
829 2295.533 1325.106 23.761
830 853.725 1192.583 23.255
831 823.957 1205.422 23.148
832 844.137 1163.012 24.569
833 2355.736 551.105 23.527
834 3406.283 564.602 23.742
835 4070.042 1222.304 24.784
836 1340.386 578.38 24.99
837 254.204 1240.499 24.937
838 3165.729 2080.444 22.561
839 1088.582 2312.433 21.002
840 1110.494 2340.388 23.829
841 2805.612 2107.211 23.175
842 3625.054 2324.833 23.718
843 2814.58 643.527 21.871
844 3583.567 2336.949 24.27
845 842.798 2128.072 23.153
846 892.641 1344.464 22.839
847 890.591 1378.156 23.121
848 3257.368 644.075 24.767
849 2949.722 2342.63 24.863
850 1883.702 2067.115 21.977
851 356.769 2137.892 24.907
852 3489.945 2161.618 24.854
853 3222.865 2206.114 24.911
854 3585.491 1276.885 22.76
855 3577.51 1306.022 23.369
856 3077.84 1361.74 22.804
857 3683.427 1374.323 24.488
858 737.285 2232.89 23.656
859 894.385 1294.64 23.968
860 803.516 2245.624 24.94
861 3974.317 2077.099 23.906
862 1767.924 1390.403 24.139
863 4062.271 2256.603 24.717
864 2514.832 1406.912 24.852
865 1775.418 2392.242 23.112
866 1798.772 2369.744 24.207
867 3656.322 2088.271 23.771
868 3934.965 1310.644 23.356
869 1182.225 1657.839 20.629
870 1180.599 1558.465 22.574
871 1250.083 1677.738 22.501
872 1206.294 1594.516 22.599
873 1172.799 1627.163 22.579
874 2831.541 2401.282 24.657
875 885.323 2108.237 22.847
876 2677.391 2456.017 24.874
877 498.799 2299.701 22.93
878 1324.046 2119.85 24.235
879 3834.023 2146.379 24.296
880 2429.427 2348.193 22.877
881 2588.65 722.935 22.226
882 2589.311 671.978 22.306
883 2610.354 667.771 24.719
884 28.122 1327.089 23.393
885 57.953 1320.623 24.227
886 1472.772 2349.557 24.301
887 1829.179 2175.346 24.158
888 1828.721 2158.888 24.805
889 3335.844 686.088 23.427
890 3314.075 1349.853 24.118
891 3823.349 2357.199 23.733
892 3748.867 1370.383 23.754
893 598.27 2393.391 24.985
894 254.767 1397.068 23.746
895 1887.813 2437.282 24.04
896 4024.966 2463.341 24.91
897 816.524 1837.653 22.09
898 842.047 1824.553 22.964
899 718.622 1821.202 23.261
900 839.714 1851.975 23.678
901 752.143 1852.277 23.279
902 791.377 1873.607 22.961
903 735.802 1833.673 23.348
904 3336.273 1832.942 24.7
905 3492.601 2511.962 24.15
906 3332.424 2532.619 24.907
907 4168.447 2556.065 24.944
908 971.998 1859.208 24.979
909 439.606 2213.848 22.329
910 449.236 2234.876 24.233
911 2996.813 2595.493 23.452
912 2089.583 723.658 17.969
913 2096.043 576.63 22.481
914 2170.754 671.628 23.297
915 2115.703 762.969 24.201
916 2052.974 812.913 24.106
917 2887.511 1435.748 21.471
918 2562.933 2606.794 24.582
919 1935.623 2275.455 23.098
920 2035.919 1441.283 23.386
921 576.006 737.092 21.987
922 552.403 720.981 23.505
923 309.675 1593.174 20.729
924 350.862 1604.746 22.862
925 2062.149 2290.581 24.304
926 1654.648 740.113 23.932
927 1429.425 2331.857 24.845
928 3177.581 757.379 23.9
929 2589.088 1592.119 22.564
930 2136.14 2341.759 24.487
931 343.397 2518.311 19.777
932 1201.71 2362.911 24.553
933 1407.68 783.745 24.873
934 3019.337 1631.209 24.166
935 2467.387 1477.453 22.174
936 2476.518 2495.964 23.513
937 1491.279 2394.766 24.36
938 2477.394 2416.853 24.949
939 3369.629 1652.582 24.354
940 3073.582 1489.413 24.005
941 1513.701 1667.566 24.699
942 354.486 2438.503 23.699
943 2970.048 819.549 23.216
944 1729.241 819.233 24.867
945 1089.484 1727.509 23.324
946 621.145 1735.224 24.491
947 2162.43 874.256 23.805
948 4021.843 599.931 22.884
949 4048.209 592.261 22.926
950 218.561 883.634 24.79
951 3640.594 1759.652 24.4
952 538.668 593.291 24.052
953 240.922 2531.256 20.982
954 1748.568 913.719 24.773
955 2037.535 1777.588 23.795
956 3403.26 616.185 24.766
957 389.045 1784.026 24.986
958 1317.566 931.157 24.562
959 3418.26 1525.008 23.7
960 3401.204 1536.911 23.681
961 3144.933 945.039 24.68
962 517.149 1797.9 24.453
963 24.668 2551.868 23.549
964 548.818 1533.399 24.026
965 3637.477 991.367 24.372
966 1274.631 1009.147 24.997
967 917.135 1623.251 23.492
968 2661.587 2574.799 22.968
969 3032.047 2460.448 22.399
970 3019.281 2482.12 23.318
971 2965.194 1659.472 24.241
972 694.521 2470.626 24.702
973 1721.011 2599.572 23.072
974 4149.465 2508.282 24.761
975 303.003 1075.315 22.148
976 1417.203 1066.12 24.907
977 399.419 2604.643 23.914
978 1862.678 2540.611 24.089
979 725.03 1095.691 24.8
980 3467.924 1694.526 23.342
981 112.849 1118.638 23.33
982 1434.828 1932.648 20.083
983 1558.721 1698.733 24.104
984 846.589 1912.026 24.815
985 3239.352 1143.32 23.97
986 3702.741 1715.153 24.11
987 3331.726 2577.679 22.064
988 706.842 2581.595 24.963
989 3852.779 1728.046 24.749
990 2175.492 1735.842 24.753
991 4049.395 1094.627 18.087
992 3986.88 1193.931 19.209
993 3892.34 1178.378 22.492
994 3930.93 1139.554 22.646
995 3950.911 1076.185 22.574
996 3947.567 1232.997 22.97
997 4117.104 1092.114 24.015
998 3941.789 1199.064 24.715
999 3724.153 2623.961 22.205
1000 558.609 1797.422 24.792
1001 1053.63 1050.444 24.023
1002 1974.735 2628.507 24.023
1003 4075.279 2646.147 24.184
1004 2468.453 1841.302 24.946
1005 3550.509 2624.788 21.976
1006 889.845 1074.867 23.211
1007 306.086 2676.205 24.965
1008 160.857 1102.338 24.768
1009 3734.265 1860.002 23.78
1010 4178.206 1123.563 24.58
1011 2392.962 2711.786 24.254
1012 3901.674 1498.783 19.509
1013 3893.366 1452.691 22.832
1014 3949.353 1535.993 23.61
1015 2272.257 2634.462 22.948
1016 2585.315 1882.915 23.575
1017 2920.28 1861.177 20.973
1018 2932.749 1822.78 22.426
1019 2899.824 2716.914 23.714
1020 138.428 1468.433 23.872
1021 94.312 2645.927 24.464
1022 3455.561 1832.526 24.564
1023 3569.53 683.635 20.947
1024 3609.885 675.468 22.793
1025 3531.066 673.817 24.39
1026 2178.623 2734.758 24.155
1027 1664.376 1837.989 24.588
1028 4133.877 2756.579 24.868
1029 740.302 1524.846 24.331
1030 991.549 1891.925 22.79
1031 1757.829 1852.464 23.866
1032 2498.883 704.052 23.962
1033 3358.651 1536.2 24.682
1034 1792.018 2668.354 23.201
1035 1778.794 2656.2 24.689
1036 3839.01 1907.982 24.407
1037 1746.399 2670.021 23.983
1038 3617.044 1162.799 21.435
1039 1460.795 2798.5 23.294
1040 3385.795 2699.963 24.363
1041 105.205 2814.445 24.454
1042 1146.25 1897.255 22.781
1043 2794.132 1958.378 21.587
1044 2781.091 1984.485 22.54
1045 1710.518 1947.28 22.362
1046 3540.257 2831.959 24.868
1047 3274.896 1218.972 24.334
1048 2564.463 2762.27 24.251
1049 1862.144 2848.086 24.657
1050 1569.49 1235.764 24.62
1051 3310.201 2773.561 24.211
1052 3557.148 2865.072 23.935
1053 1287.956 1922.503 22.866
1054 2994.047 1286.872 24.313
1055 3328.182 1296.325 24.873
1056 4117.531 1926.582 24.424
1057 951.2 1325.882 24.663
1058 1948.323 749.162 21.74
1059 1736.983 2884.845 22.991
1060 1221.951 1951.196 24.104
1061 1046.213 750.938 24.222
1062 3455.999 1948.317 24.894
1063 3175.023 1356.709 23.943
1064 1794.567 1958.424 21.091
1065 260.92 764.542 24.514
1066 676.682 1985.417 23.422
1067 921.178 2694.4 20.919
1068 983.847 2708.199 22.029
1069 931.02 2639.282 22.128
1070 3407.829 2899.966 23.671
1071 3388.469 2904.054 24.807
1072 62.929 1968.975 23.01
1073 3413.774 2036.88 24.27
1074 996.243 1982.993 23.443
1075 497.614 2926.065 23.887
1076 2236.216 784.336 23.692
1077 2256.69 783.385 24.239
1078 3353.392 1987.378 24.821
1079 4165.636 792.685 24.909
1080 2472.504 2805.344 22.118
1081 2510.42 2820.375 24.016
1082 1959.133 2003.967 24.104
1083 3545.054 2952.376 23.061
1084 875.842 862.845 24.185
1085 1893.25 1976.592 21.734
1086 1841.341 1965.721 23.596
1087 948.787 2035.154 23.431
1088 2990.951 886.793 23.973
1089 74.19 2033.416 24.745
1090 1238.739 1989.259 24.206
1091 1049.861 2058.17 24.918
1092 3375.547 2961.213 23.716
1093 1222.304 2823.221 22.321
1094 2695.993 911.018 24.26
1095 2978.578 1595.202 21.389
1096 2972.191 1561.696 22.957
1097 3618.611 2642.813 23.104
1098 3596.473 2657.143 23.209
1099 3840.315 3000.745 23.299
1100 2083.061 2079.899 24.123
1101 1769.468 1573.756 24.384
1102 687.586 2691.775 24.824
1103 2315.286 954.694 23.492
1104 3431.351 1378.076 22.613
1105 3463.485 1369.155 24.832
1106 2712.308 965.219 24.906
1107 569.751 1289.911 21.806
1108 637.689 1221.397 22.095
1109 575.729 1235.899 23.515
1110 593.233 1251.629 23.124
1111 1962.514 983.368 24.549
1112 1606.31 2101.749 21.829
1113 1618.367 2079.423 23.939
1114 1589.55 2061.514 24.061
1115 2826.103 1210.28 24.887
1116 2173.04 1390.234 23.941
1117 2299.927 1004.802 24.685
1118 3056.049 2724.662 22.879
1119 3074.974 2080.845 23.598
1120 3750.535 2107.853 22.006
1121 1663.36 2019.614 21.635
1122 1830.7 2113.394 24.449
1123 3912.579 2125.659 24.755
1124 2659.563 2021.932 23.673
1125 3901.823 2150.726 24.568
1126 2797.523 2169.211 23.784
1127 3007.085 2151.16 24.143
1128 2998.919 2165.46 24.401
1129 2927.263 2188.331 22.896
1130 2477.304 2163.599 24.913
1131 1069.246 1618.947 21.599
1132 3463.23 2179.611 24.622
1133 2955.225 2202.136 22.998
1134 1355.957 2192.844 24.068
1135 1939.189 2218.187 23.289
1136 3944.711 2243.083 24.524
1137 12.109 1075.257 22.453
1138 18.519 1032.078 22.479
1139 220.267 3062.102 21.996
1140 181.14 3017.549 23.259
1141 209.565 3022.235 23.824
1142 2530.037 2098.667 21.47
1143 2553.204 2087.74 23.893
1144 3945.582 3033.313 23.746
1145 1646.706 2780.298 22.963
1146 1685.655 2816.013 23.136
1147 1674.303 2759.855 23.855
1148 1614.601 2785.094 24.033
1149 3637.278 2114.077 24.347
1150 3611.582 2152.215 24.424
1151 3716.115 1480.549 21.503
1152 3708.475 1432.25 23.181
1153 470.911 1064.388 22.967
1154 488.455 1072.59 24.783
1155 2891.508 2168.157 24.313
1156 71.533 1440.765 24.412
1157 243.116 1086.563 24.99
1158 3600.614 2183.205 24.754
1159 3621.027 2869.485 21.667
1160 3665.201 2882.706 21.987
1161 3691.446 2899.965 24.218
1162 2736.545 1114.198 24.107
1163 1476.157 2221.155 24.274
1164 3018.178 1144.726 24.04
1165 1788.256 1489.781 22.594
1166 1775.622 2257.506 23.841
1167 3500.457 1151.808 23.817
1168 259.267 1506.705 24
1169 1375.491 3061.4 21.236
1170 2128.911 2278.913 23.467
1171 2216.661 1535.963 24.43
1172 3037.046 3060.841 24.356
1173 838.001 1638.547 21.214
1174 149.722 2292.688 23.463
1175 995.218 1650.505 24.062
1176 3362.476 1570.36 24.372
1177 1249.734 2288.289 21.991
1178 1223.051 2269.659 23.508
1179 1200.255 2254.568 24.176
1180 2798.675 1590.083 24.688
1181 997.047 2877.624 22.445
1182 1015.849 2891.491 23.898
1183 1027.825 2892.453 24.042
1184 3731.933 1669.379 23.226
1185 3796.202 2312.257 22.52
1186 810.622 2279.648 23.225
1187 655.935 1612.116 23.736
1188 1041.449 2320.225 24.866
1189 3115.173 2810.563 22.156
1190 3089.344 2777.67 23.55
1191 1442.819 1699.585 24.581
1192 554.406 3100.557 22.271
1193 3875.8 1635.389 24.74
1194 3810.115 2790.654 24.115
1195 2129.698 1717.441 24.319
1196 2634.417 2243.948 21.376
1197 302.982 2234.867 24.841
1198 3358.587 2810.932 23.715
1199 2085.115 1728.003 24.411
1200 2478 2876.626 24.055
1201 2486.464 2893.267 24.968
1202 1293.976 3123.086 23.231
1203 2019.399 2285.005 23.209
1204 904.332 2888.849 24.409
1205 2982.329 1754.078 24.007
1206 2630.576 2911.467 24.858
1207 3821.011 2257.692 24.623
1208 1133.575 2314.857 24.723
1209 3859.161 2935.924 24.555
1210 1508.262 2277.166 24.784
1211 662.4 2343.095 23.91
1212 1479.526 2954.689 24.407
1213 2519.734 3149.081 23.462
1214 859.06 2352.95 23.428
1215 3664.515 2348.232 24.988
1216 3135.473 3001.765 24.98
1217 3219.816 3198.597 24.034
1218 3497.95 1780.169 22.863
1219 732.549 3019.276 24.01
1220 2730.294 3219.208 24.081
1221 1882.285 1683.691 20.892
1222 786.029 2356.285 22.597
1223 2799.413 1675.931 24.285
1224 2976.906 3035.688 23.07
1225 2898.14 1212.088 21.572
1226 2866.591 1181.368 24.065
1227 3593.321 3056.354 24.998
1228 354.009 2370.574 24.689
1229 1102.274 1794.363 23.048
1230 1559.087 2299.341 22.37
1231 932.606 2390.04 24.45
1232 2958.258 3250.212 23.092
1233 387.379 453.166 17.32
1234 199.733 395.833 19.251
1235 274.841 431.282 20.755
1236 498.654 429.521 21.452
1237 299.096 551.877 22.416
1238 328.225 614.862 22.538
1239 297.529 391.754 23.441
1240 235.038 441.711 22.9
1241 343.959 377.491 23.253
1242 250.923 544.253 23.761
1243 300.419 491.293 23.399
1244 270.138 395.195 24.771
1245 324.096 533.658 24.947
1246 431.158 374.339 23.477
1247 313.021 414.682 24.906
1248 2744.733 1693.453 24.377
1249 2741.015 1710.345 24.855
1250 3254.247 2294.468 24.135
1251 1552.252 1287.156 24.295
1252 3339.252 3088.141 23.351
1253 163.189 1297.454 23.68
1254 1728.634 3258.99 22.904
1255 1584.804 3119.083 22.738
1256 3026.706 431.718 24.843
1257 3920.521 3130.602 24.559
1258 2364.441 1320.192 24.551
1259 1298.898 3309.02 23.738
1260 3338.027 3153.144 24.643
1261 1500.131 471.174 24.419
1262 1764.872 2347.668 24.474
1263 1202.315 3329.321 23.491
1264 1046.354 1342.305 22.995
1265 3235.295 1352.891 24.647
1266 1288.088 3173.731 23.538
1267 3030.295 3340.666 24.499
1268 2572.771 3195.459 24.482
1269 2845.258 1792.07 22.972
1270 2877.951 1791.917 23.542
1271 2662.73 1723.22 22.357
1272 2694.847 1719.663 24.26
1273 1316.316 3218.932 23.916
1274 3911.496 2396.524 23.136
1275 3871.428 3233.285 24.75
1276 2763.48 1734.624 23.862
1277 2552.664 509.989 21.694
1278 1248.483 1735.599 24.629
1279 1738.434 2404.777 24.358
1280 63.196 3257.217 24.186
1281 3071.195 3374.595 21.921
1282 235.199 2421.225 24.076
1283 504.415 3274.563 24.639
1284 3456.313 2443.052 24.825
1285 48.372 3382.782 24.408
1286 2152.687 514.282 22.876
1287 815.243 517.943 24.647
1288 145.745 3305.129 24.092
1289 563.07 3320.629 24.631
1290 620.199 1821.844 23.235
1291 3910.214 3408.204 23.037
1292 1004.312 1822.326 23.688
1293 3326.634 2467.476 22.483
1294 3288.693 2457.917 23.459
1295 3304.564 2435.268 22.802
1296 58.802 2429.022 23.666
1297 7.653 2467.895 23.155
1298 2772.132 2420.443 21.014
1299 2790.027 2392.354 23.246
1300 2745.227 2448.47 22.87
1301 813.08 1259.975 21.675
1302 846.798 1250.443 24.397
1303 3414.225 2425.507 24.566
1304 1858.287 1260.179 23.273
1305 385.778 1838.498 23.329
1306 198.637 1283.788 24.287
1307 727.796 2447.282 23.484
1308 1751.8 1782.386 20.914
1309 2186.837 1309.041 24.772
1310 1392.669 2488.431 22.355
1311 1372.119 2463.332 23.215
1312 1344.462 2472.088 24.167
1313 2171.324 1325.878 24.407
1314 2573.44 1773.641 24.739
1315 509.455 1863.814 22.535
1316 1229.926 1782.233 24.182
1317 1013.966 566.75 22.26
1318 1050.513 583.231 23.049
1319 1341.878 1354.19 22.655
1320 2810.076 3354.903 24.947
1321 3747.485 2494.506 22.501
1322 184.957 1362.509 23.743
1323 688.091 3378.597 24.12
1324 3037.896 562.267 23.955
1325 2307.473 1860.35 23.699
1326 44.664 1798.513 23.47
1327 4194.844 2501.058 23.195
1328 170.985 1394.307 23.886
1329 304.619 3396.88 22.875
1330 1523.097 2521.271 24.299
1331 2548.861 1817.016 23.67
1332 2151.96 596.853 24.088
1333 3416.162 2506.325 22.865
1334 3428.385 2485.093 23.932
1335 3619.428 2544.513 23.908
1336 2689.635 1899.01 22.628
1337 715.443 3463.612 24.342
1338 520.987 635.935 23.472
1339 2198.783 3477.563 23.824
1340 2871.938 2507.074 22.987
1341 3229.034 2592.197 23.059
1342 901.253 3504.106 24.307
1343 3453.535 1919.027 23.358
1344 2287.517 665.931 23.157
1345 1730.013 670.215 24.746
1346 3802.393 2609.475 23.969
1347 2700.736 3553.274 24.207
1348 3152.462 1862.581 22.047
1349 2554.981 2634.267 24.407
1350 448.872 3444.164 23.324
1351 470.899 3415.774 24.041
1352 3139.655 2647.198 23.732
1353 3742.894 3451.818 24.104
1354 3793.894 1867.945 22.738
1355 62.732 3572.5 22.934
1356 4142.936 3482.486 24.796
1357 3995.013 3585.41 24.116
1358 868.157 3596.245 24.707
1359 2345.867 1889.605 23.41
1360 3584.064 3616.214 24.785
1361 1291.384 2717.052 22.042
1362 3701.901 1906.486 24.249
1363 2505.399 3633.345 24.211
1364 1154.844 1930.094 24.532
1365 2041.197 2568.197 21.506
1366 2088.566 2583.288 22.344
1367 1258.739 3667.161 24.127
1368 569.834 2588.41 24.701
1369 683.342 1946.858 23.223
1370 434.531 3505.999 23.963
1371 3380.793 1956.188 24.17
1372 2750.747 3684.015 23.778
1373 2017.893 3523.841 23.805
1374 465.401 714.382 22.623
1375 483.447 720.371 23.666
1376 481.509 750.589 23.418
1377 22.057 725.111 24.801
1378 2829.545 756.545 22.77
1379 1223.498 3709.953 22.68
1380 426.898 1390.606 21.278
1381 467.385 1480.841 22.249
1382 425.921 1465.086 22.839
1383 425.57 1439.22 24.723
1384 814.224 771.484 24.159
1385 2844.229 2632.936 20.951
1386 2218.606 1392.416 23.562
1387 1499.044 790.391 23.348
1388 3767.481 791.379 24.92
1389 782.6 3732.859 22.283
1390 302.847 1426.115 24.357
1391 3110.418 2619.136 23.309
1392 2984.486 2627.456 24.68
1393 3063.733 1451.411 24.694
1394 3092.498 3739.368 24.351
1395 2790.583 817.301 23.466
1396 4104.612 3750.634 24.928
1397 3186.651 2647.229 23.882
1398 1127.267 1468.436 24.235
1399 3586.017 3785.871 24.681
1400 315.088 1488.28 24.123
1401 4123.952 2687.209 24.114
1402 2272.51 3803.773 23.79
1403 2693.403 2037.648 22.117
1404 2712.975 2011.597 23.062
1405 374.713 1540.174 24.342
1406 2661.079 3826.816 23.187
1407 3642.641 1574.543 24.744
1408 2442.749 3839.968 24.656
1409 3112.952 2718.791 23.134
1410 3619.238 1600.548 24.664
1411 119.371 3865.934 23.721
1412 1365.703 1620.004 24.276
1413 2284.005 1983.833 21.442
1414 2349.371 1995.674 23.976
1415 4161.294 2026.988 22.101
1416 4064.378 2030.138 24.656
1417 814.46 1986.102 23.296
1418 3245.681 1991.75 24.965
1419 3590.623 2083.754 23.293
1420 3774.713 2016.448 23.086
1421 716.755 2023.611 24.706
1422 1549.321 2778.181 20.658
1423 1534.746 2735.218 22.86
1424 1541.986 2810.975 24.942
1425 1580.965 1666.601 23.316
1426 1604.185 1660.872 23.045
1427 2464.284 2733.422 24.587
1428 3767.805 1677.921 24.254
1429 855.213 2042.3 24.057
1430 4098.222 3886.611 23.076
1431 4066.99 3887.842 23.46
1432 13.094 1695.05 24.874
1433 1796.361 2759.969 24.048
1434 126.029 2733.938 22.932
1435 172.204 2071.981 23.485
1436 42.982 3907.743 24.259
1437 248.258 2076.733 24.949
1438 1737.724 1729.043 23.521
1439 2040.836 2787.514 22.999
1440 3904.123 2738.231 23.703
1441 2072.057 2801.493 24.531
1442 3511.27 3932.028 22.911
1443 2854.623 2772.08 23.418
1444 3805.58 2134.83 23.339
1445 2516.124 3952.844 23.484
1446 18.87 3957.65 24.801
1447 3958.22 2129.607 24.455
1448 2396.979 2820.503 22.36
1449 1422.994 1743.356 22.681
1450 2174.153 2148.785 24.815
1451 1931.856 3987.479 23.942
1452 471.882 1749.773 24.336
1453 2707.684 2792.527 23.503
1454 62.363 1761.802 24.506
1455 2940.913 2805.097 24.603
1456 330.319 4003.092 23.373
1457 1688.282 1771.705 24.944
1458 306.552 2846.342 23.056
1459 2542.069 2823.525 23.778
1460 3256.419 2833.599 24.626
1461 3132.905 2851.357 24.377
1462 1335.4 1790.238 23.103
1463 4032.879 2858.986 23.611
1464 2749.568 1812.485 24.476
1465 1068.762 2871.518 24.572
1466 4191.488 2887.62 23.215
1467 4195.735 2908.85 24.605
1468 855.438 2941.641 18.952
1469 825.877 2869.032 23.131
1470 11.811 2911.445 22.332
1471 228.637 2906.401 24.727
1472 2397.888 2593.393 19.082
1473 2426.788 2628.096 22.693
1474 2435.987 2554.422 22.684
1475 3062.235 2552.456 24.651
1476 1880.959 2931.585 23.642
1477 1117.232 2884.321 21.947
1478 2014.432 4051.016 21.374
1479 2031.933 4034.68 23.522
1480 1976.291 4083.208 23.969
1481 3101.498 2189.903 21.601
1482 2588.411 2886.076 24.707
1483 3855.782 2908.61 24.794
1484 3626.265 4065.906 24.706
1485 2558.458 2941.997 24.217
1486 1870.952 3584.007 22.846
1487 1877.258 3553.52 23.526
1488 3141.125 2895.745 23.023
1489 3149.937 2913.632 23.214
1490 2511.79 3560.979 24.918
1491 637.98 2976.221 24.547
1492 2006.124 1863.055 22.004
1493 2026.941 1850.646 23.539
1494 3157.656 4083.194 23.683
1495 2873.771 2915.551 22.77
1496 102.361 4095.079 23.861
1497 3580.722 2921.335 23.817
1498 1884.588 1844.275 23.755
1499 2817.56 1398.938 24.281
1500 1471.122 3010.556 23.785
1501 1477.649 3000.431 24.642
1502 243.587 2626.785 21.189
1503 1984.719 3013.237 24.795
1504 1396.04 1414.352 24.634
1505 3818.404 2947.312 23.674
1506 1452.417 1433.16 24.96
1507 2685.897 2640.05 24.152
1508 2792.939 1868.879 24.914
1509 3469.127 1460.284 24.749
1510 690.437 1864.99 24.915
1511 3768.142 2972.789 23.425
1512 436.237 2673.827 23.348
1513 2435.545 3034.642 22.606
1514 1514.385 1879.3 23.83
1515 665.919 1895.151 24.727
1516 995.229 2997.172 23.747
1517 2294.705 2689.914 24.176
1518 499.036 3007.504 24.817
1519 3937.516 1924.062 23.918
1520 2893.927 3024.944 24.857
1521 711.055 3091.574 23.352
1522 781.788 2722.151 24.049
1523 786.099 1942.333 23.788
1524 2550.435 1493.949 22.215
1525 48.549 3046.522 23.654
1526 285.306 3108.166 23.243
1527 1533.085 1944.25 24.947
1528 3312.719 1486.429 24.839
1529 2649.703 2963.411 22.739
1530 2598.29 2965.721 22.557
1531 2730.039 1964.015 24.802
1532 954.794 3153.603 24.717
1533 395.193 3072.33 22.662
1534 3184.931 1549.082 24.299
1535 128.691 1989.702 24.012
1536 1261.64 2976.052 23.555
1537 3112.439 3097.461 24.22
1538 2310.922 3213.167 24.871
1539 15.395 1990.74 24.181
1540 3568.727 3011.746 24.747
1541 1977.84 1570.621 23.316
1542 3508.998 2808.815 22.572
1543 2348.228 2023.985 24.617
1544 3398.231 2203.954 22.314
1545 3420.197 2226.954 22.819
1546 3433.644 2253.246 23.185
1547 2546.408 3029.522 23.733
1548 1039.862 2808.759 24.434
1549 995.389 2045.173 24.395
1550 2056.127 1595.988 23.914
1551 1342.645 2830.211 24.923
1552 1114.185 3039.545 24.48
1553 54.764 2065.178 24.548
1554 3728.012 2205.4 24.262
1555 2995.332 3065.148 24.205
1556 939.25 2836.588 24.453
1557 364.339 2088.418 24.105
1558 3990.229 2225.396 23.789
1559 841.489 3111.302 23.845
1560 2850.253 2857.797 22.92
1561 3412.327 3125.5 24.822
1562 179.357 2880.539 23.8
1563 109.521 3148.36 24.029
1564 258.807 3634.209 22.115
1565 255.168 3668.978 22.669
1566 271.909 3609.077 23.358
1567 247.095 3603.484 23.604
1568 54.133 3623.647 23.947
1569 3352.319 1620.757 22.754
1570 3323.415 1640.36 23.914
1571 985.446 3198.478 24.538
1572 1299.854 3648.436 24.641
1573 1400.457 1630.218 24.242
1574 46.477 3237.236 24.852
1575 2909.868 3180.908 23.336
1576 2919.151 3133.468 22.816
1577 3488.943 3662.085 23.299
1578 399.222 3132.336 24.892
1579 410.48 1657.76 23.535
1580 3255.796 3678.571 24.798
1581 3241.263 2141.041 20.858
1582 294.421 3174.491 24.077
1583 4047.187 2148.297 19.4
1584 4008.9 2197.576 24.064
1585 2931.077 3296.055 23.607
1586 439.041 3711.07 23.612
1587 2916.88 2253.867 22.187
1588 2931.701 2286.521 22.864
1589 593.572 1675.127 22.931
1590 1426.063 2942.92 21.177
1591 3737.539 2146.436 23.436
1592 1502.566 3309.877 24.195
1593 333.617 3723.17 23.664
1594 1732.914 3209.464 22.957
1595 2894.256 2945.023 24.69
1596 407.371 2140.458 23.232
1597 3955.978 2173.867 23.798
1598 1798.372 3743.668 24.646
1599 1738.487 2971.229 24.304
1600 382.206 3752.31 24.422
1601 3330.934 3224.514 23.045
1602 2421.89 2205.287 24.099
1603 4149.357 3770.374 24.746
1604 2408.907 3242.831 23.92
1605 779.028 3791.448 24.996
1606 2708.285 3006.773 22.915
1607 2852.831 2298.59 21.814
1608 2246.531 2231.553 22.751
1609 2460.305 1070.822 17.666
1610 2346.58 1161 20.867
1611 2605.202 1102.031 21.933
1612 2556.664 1106.027 21.763
1613 2366.885 1017.077 22.554
1614 2641.622 1104.991 23.4
1615 2338.731 1123.878 23.177
1616 2556.66 1067.373 23.74
1617 2417.39 1130.781 23.345
1618 2528.898 1059.995 23.713
1619 2575.389 1112.462 24.958
1620 3585.213 3249.874 23.856
1621 787.102 3012.375 24.778
1622 1895.177 2248.636 24.878
1623 1348.799 3281.295 24.791
1624 611.714 2261.624 24.563
1625 2622.018 3036.49 23.329
1626 1633.688 2297.604 22.195
1627 3919.633 1009.85 22.911
1628 2343.336 3327.299 24.249
1629 478.481 2170.661 22.921
1630 486.777 2154.277 23.681
1631 2961.994 3809.407 22.827
1632 2939.731 3804.228 24.38
1633 2083.748 3825.177 24.716
1634 756.838 1035.731 22.461
1635 2341.188 2174.96 23.576
1636 2440.698 3354.81 22.75
1637 3627.854 1036.985 24.846
1638 3519.872 3864.639 24.569
1639 46.926 2208.735 24.569
1640 1505.599 3882.326 24.018
1641 1198.282 1060.609 23.396
1642 2517.67 3895.516 24.29
1643 691.82 1088.682 24.662
1644 1786.764 3905.322 24.106
1645 3819.792 1117.929 24.349
1646 306.413 2302.676 20.733
1647 3006.341 2250.735 22.747
1648 3606.732 3402.713 22.218
1649 1367.002 3921.339 23.395
1650 2717.234 2290.749 23.838
1651 3213.691 3950.297 24.843
1652 3886.531 2297.402 24.518
1653 28.555 3423.835 23.415
1654 790.79 3471.503 24.375
1655 1698.163 2338.552 23.447
1656 38.932 2262.709 22.387
1657 2085.292 3981.469 22.679
1658 3623.796 2372.9 24.61
1659 3211.351 2401.938 24.074
1660 1822.886 1176.074 22.873
1661 1799.491 1142.723 23.906
1662 3009.231 2417.086 24.554
1663 399.489 3288.727 20.028
1664 400.874 3233.033 23.426
1665 2829.57 1161.88 23.477
1666 2146.775 2437.551 23.962
1667 1054.109 4006.169 23.771
1668 1070.576 3987.667 23.864
1669 2765.097 2289.956 23.074
1670 2778.731 2278.734 23.616
1671 2486.049 3999.665 23.761
1672 234.551 2293.411 24.827
1673 593.39 4027.757 24.846
1674 1014.584 2316.43 24.861
1675 75.803 2338.788 24.893
1676 3763.571 2534.54 24.141
1677 3715.81 4042.802 24.024
1678 486.053 2348.621 24.725
1679 1634.524 4062.459 24.194
1680 3723.654 3496.657 22.192
1681 3707.088 3506.772 23.82
1682 3747.426 3492.162 24.351
1683 2262.343 2562.494 24.225
1684 3033.611 2370.202 23.962
1685 2517.18 2317.587 21.75
1686 2464.05 2314.794 23.202
1687 3368.555 3504.302 23.688
1688 3649.177 4086.882 24.052
1689 946.818 4096.412 24.538
1690 237.228 3566.46 24.71
1691 3370.563 3367.339 20.298
1692 3433.624 3587.119 23.755
1693 2815.145 3601.382 24.674
1694 3475.058 3091.378 21.313
1695 3528.018 3050.232 21.89
1696 3462.77 3071.209 22.791
1697 843.547 2604.663 23.557
1698 846.249 2582.076 24.386
1699 1452.069 2387.28 24.104
1700 1470.42 2387.324 24.482
1701 1708.741 3363.67 23.613
1702 373.026 883.071 18.793
1703 426.349 917.42 21.854
1704 444.533 863.289 23.164
1705 461.895 963.523 22.959
1706 413.638 901.469 24.083
1707 413.037 831.586 24.591
1708 4132.695 2340.031 21.933
1709 3433.653 3380.911 24.887
1710 1021.412 3068.682 24.452
1711 2088.242 2404.837 24.707
1712 1129.04 3629.725 23.513
1713 1386.878 844.821 24.273
1714 1575.184 2613.088 23.972
1715 36.899 2347.611 23.672
1716 2643.048 2623.042 24.903
1717 3875.205 3642.142 23.465
1718 3181.966 3113.042 23.74
1719 429.931 3124.352 24.482
1720 2918.132 2644.806 23.85
1721 3209.167 3416.999 22.513
1722 3163.538 3452.274 24.282
1723 1346.203 2658.756 22.864
1724 885.54 3159.068 23.82
1725 1628.386 3471.922 24.641
1726 4063.827 2670.276 24.294
1727 4003.116 3679.495 23.528
1728 4005.709 3661.718 24.236
1729 3755.891 3537.174 24.98
1730 1882.944 2710.016 24.739
1731 3132.748 3681.228 24.414
1732 168.624 1730.033 19.71
1733 215.113 1716.726 23.792
1734 3957.805 3560.389 24.099
1735 2932.754 1706.902 24.814
1736 2214.21 3710.032 23.178
1737 2873.092 3259.805 21.351
1738 2876.308 3301.315 22.71
1739 3664.759 2468.254 21.037
1740 3022.589 3254.556 24.923
1741 3286.857 1737.92 23.12
1742 3902.001 1753.018 24.472
1743 2192.46 2463.809 24.057
1744 3298.916 3280.384 24.287
1745 761.773 3775.209 24.711
1746 1372.26 1763.044 24.856
1747 2318.138 3593.282 22.65
1748 623.688 2477.057 24.968
1749 2503.265 1782.249 24.309
1750 552.12 3586.558 23.548
1751 3678.808 3299.952 23.582
1752 1041.86 923.481 20.383
1753 447.41 2501.982 23.91
1754 135.247 2522.515 24.842
1755 2209.562 3800.231 22.532
1756 532.856 3326.107 23.572
1757 1449.011 906.178 24.259
1758 3581.672 1805.752 23.134
1759 2461.303 3609.974 23.185
1760 679.14 925.566 24.807
1761 1909.767 2548.288 24.147
1762 971.765 3811.263 24.291
1763 2422.561 1810.627 23.3
1764 941.991 936.032 23.484
1765 1950.715 3631.921 23.334
1766 2314.058 2780.078 21.335
1767 2764.865 3348.978 22.722
1768 438.721 987.351 24.396
1769 737.874 999.753 24.927
1770 243.138 3357.402 24.347
1771 3073.789 1883.136 23.489
1772 1655.293 3378.445 24.037
1773 3610.781 2805.582 23.552
1774 2493.671 1909.176 24.318
1775 3695.046 1022.278 24.283
1776 2519.767 1923.031 23.773
1777 2007.975 1032.968 24.471
1778 1957.228 1045.003 24.354
1779 2048.029 2835.988 23.918
1780 1956.984 1944.562 24.044
1781 1891.536 3393.003 23.728
1782 2600.524 3839.27 24.458
1783 2572.845 3836.34 23.439
1784 1802.21 2600.732 20.935
1785 2031.018 3669.648 21.576
1786 3626.287 1077.844 23.893
1787 794.255 3665.832 24.981
1788 2827.516 3844.61 24.603
1789 3268.913 1966.776 23.206
1790 1495.51 2608.803 24.236
1791 2835.589 3443.67 23.272
1792 1523.681 1976.748 24.262
1793 3919.567 1982.459 24.892
1794 1109.702 2839.853 24.719
1795 1094.104 2854.936 24.24
1796 4124.963 3712.434 23.576
1797 2112.444 3476.004 24.475
1798 2874.805 2001.5 24.245
1799 660.403 2858.818 24.223
1800 1308.82 3732.208 24.644
1801 1113.422 2013.773 24.604
1802 1853.102 3502.915 23.589
1803 70.861 3750.47 24.387
1804 1289.153 2876.849 23.586
1805 2952.092 2038.771 23.621
1806 635.348 2885.798 24.83
1807 2719.116 3885.246 21.772
1808 2101.613 3762.506 24.055
1809 201.991 1143.528 22.179
1810 1942.144 2060.99 24.172
1811 506.926 3775.187 24.993
1812 1167.923 3793.937 24.918
1813 4174.738 2082.231 23.358
1814 3455.153 2979.678 24.673
1815 1650.386 3531.864 22.189
1816 3779.762 3222.871 20.24
1817 3764.969 3178.127 22.688
1818 3152.235 3549.405 24.062
1819 2794.516 3905.357 22.739
1820 1452.364 3222.502 24.841
1821 4046.474 3919.548 23.32
1822 1043.657 2417.377 21.191
1823 1023.127 2362.03 22.543
1824 1085.494 2389.208 22.609
1825 1672.957 3239.198 24.084
1826 2931.866 2103.671 23.195
1827 2956.768 2091.52 23.049
1828 1686.205 3930.824 22.783
1829 516.062 2399.443 23.088
1830 50.661 2107.421 23.86
1831 2443.737 3942.254 24.805
1832 1920.953 2391.533 24.65
1833 2599.079 1221.436 20.466
1834 2667.943 1235.436 21.098
1835 2610.318 1272.222 22.908
1836 2685.438 1206.115 22.757
1837 2534.747 1227.568 23.072
1838 2628.588 2412.178 24.409
1839 1648.856 2136.072 23.934
1840 3793.475 3570.465 21.821
1841 3975.005 3957.6 23.482
1842 3305.356 1249.863 24.919
1843 2167.522 3036.988 20.947
1844 1118.122 3828.177 22.026
1845 1144.456 3851.353 24.705
1846 1101.91 3860.598 24.432
1847 3466.84 1282.671 23.286
1848 1514.179 2163.081 22.988
1849 363.596 3586.792 22.799
1850 59.563 3977.836 23.478
1851 255.288 3031.866 24.801
1852 3536.937 1300.205 24.328
1853 3844.967 3830.876 24.02
1854 688.752 3986.109 24.498
1855 1068.852 3051.469 24.491
1856 2074.717 3597.149 23.988
1857 1776.471 3292.136 22.705
1858 1783.879 3261.938 22.443
1859 3363.142 2432.362 23.453
1860 3376.102 2439.038 24.021
1861 3620.701 3263.773 24.971
1862 3116.528 1317.288 22.401
1863 2960.322 3880.453 24.363
1864 498.295 2633.835 20.858
1865 193.475 3289.632 23.473
1866 3358.458 4020.065 22.698
1867 2153.396 2198.291 23.141
1868 2122.575 2178.637 24.077
1869 520.636 4030.58 24.768
1870 2268.767 2198.085 24.308
1871 592.052 1345.584 22.575
1872 2887.856 3888.484 23.334
1873 3105.411 3895.036 24.876
1874 3813.351 2463.618 22.018
1875 1664.46 4050.128 24.352
1876 981.761 2225.721 23.749
1877 1483.841 2459.838 24.155
1878 104.975 3338.798 22.906
1879 344.486 3621.978 23.305
1880 312.413 3622.497 23.636
1881 1238.491 2234.29 24.095
1882 1827.896 2485.925 24.52
1883 776.749 2639.931 22.229
1884 2708.139 3349.532 24.3
1885 415.309 1172.495 20.74
1886 1213.606 3360.56 24.982
1887 109.592 2253.016 23.582
1888 3280.367 1342.029 22.713
1889 2331.66 2648.125 24.396
1890 3777.195 2270.695 24.827
1891 2250.273 1169.176 24.616
1892 3915.528 2513.58 23.726
1893 372.841 3647.26 23.172
1894 3577.179 1356.472 24.758
1895 631.026 3385.139 24.439
1896 2788.599 1198.8 24.883
1897 2388.39 4088.642 22.146
1898 2157.641 2555.517 24.594
1899 1444.876 2663.398 24.169
1900 3093.529 4080.791 24.945
1901 2542.51 3681.608 24.047
1902 1733.377 2294.076 23.273
1903 3488.143 2688.112 23.08
1904 4051.971 3459.339 23.518
1905 1595.483 3703.003 23.318
1906 923.965 2581.602 22.31
1907 2060.721 3725.724 23.667
1908 2634.821 1401.316 23.087
1909 2620.92 1383.716 24.45
1910 1108.126 2591.928 24.689
1911 1047.556 3747.608 23.543
1912 1991.184 2716.684 23.049
1913 3952.304 2604.212 24.115
1914 2767.763 2619.64 24.637
1915 3513.108 3499.85 22.284
1916 3044.426 3491.452 24.284
1917 2229.701 2640.175 24.089
1918 2216.913 2347.634 21.504
1919 3161.171 1436.449 23.165
1920 3152.179 1412.771 24.376
1921 4033.792 3763.648 21.986
1922 224.76 2342.735 24.458
1923 1852.428 3765.928 24.506
1924 3327.399 2728.548 22.196
1925 1726.072 1436.301 23.669
1926 3445.96 2351.262 24.584
1927 732.277 1471.347 24.891
1928 740.651 2699.125 22.66
1929 2714.517 1509.436 24.906
1930 1121.298 1526.679 24.668
1931 3161.321 2711.909 24.629
1932 1885.79 1539.63 24.506
1933 3787.458 2379.055 23.155
1934 3198.083 1244.307 22.019
1935 3217.42 1224.804 23.079
1936 1356.564 2734.464 22.879
1937 1334.109 1564.908 24.242
1938 840.87 1583.722 24.166
1939 800.758 2408.351 23.71
1940 903.08 2744.199 23.493
1941 3047.484 3947.061 20.643
1942 3937.899 1632.92 23.547
1943 1642.743 2430.875 23.327
1944 510.917 3920.168 24.344
1945 1988.092 3797.211 22.142
1946 1961.867 3830.545 24.266
1947 348.568 2788.58 23.783
1948 2837.845 2459.041 24.014
1949 575.596 3798.87 24.528
1950 1964.018 3947.55 23.722
1951 1766.63 2472.565 23.735
1952 3032.291 3825.017 24.32
1953 4122.532 2813.703 23.679
1954 1433.549 3577.421 21.486
1955 1445.598 3559.422 24.206
1956 1288.214 2497.566 24.925
1957 3376.049 3960.159 24.683
1958 780.459 3840.852 23.772
1959 770.098 3972.879 24.499
1960 1281.488 2837.848 23.489
1961 18.716 3853.969 24.449
1962 3664.294 4013.898 24.362
1963 4024.344 2518.547 23.978
1964 4125.515 4031.281 24.388
1965 2145.451 1669.982 23.427
1966 2177.517 1686.133 23.532
1967 1038.497 2547.596 22.661
1968 607.685 3584.997 23.166
1969 4047.528 1691.043 24.019
1970 2547.379 4068.744 24.571
1971 283.397 1700.982 24.984
1972 2702.917 4091.154 22.252
1973 3451.961 2797.713 21.331
1974 3425.608 2802.875 23.45
1975 3471.442 2759.525 23.711
1976 3427.084 2821.156 23.606
1977 1996.153 1270.007 21.273
1978 1755.354 2783.649 24.63
1979 1972.155 2799.137 24.944
1980 2270.981 1304.294 24.254
1981 206.252 2818.656 24.28
1982 1560.698 3601.09 21.868
1983 726.417 1751.33 23.254
1984 705.012 1732.719 24.614
1985 3813.579 1761.384 23.353
1986 1907.48 3947.828 22.176
1987 1921.014 3894.079 22.767
1988 1904.33 3913.224 23.612
1989 1266.309 1765.178 23.96
1990 417.992 3892.513 24.667
1991 1881.911 1778.578 24.422
1992 1858.827 3909.632 23.551
1993 3892.927 1791.613 24.266
1994 2961.841 3914.238 24.98
1995 2674.868 2841.888 23.493
1996 2657.021 2841.97 23.585
1997 2863.188 3927.514 24.126
1998 1050.745 2851.404 23.986
1999 2364.77 1817.712 24.084
2000 2366.78 1840.092 24.307
2001 1494.766 2869.376 24.635
2002 2645.95 1824.095 24.946
2003 1676.868 1336.104 21.565
2004 1557.475 2880.557 24.438
2005 4194.811 1339.695 23.756
2006 3855.205 1843.105 23.957
2007 745.11 3616.24 22.619
2008 718.251 3624.881 24.499
2009 1111.375 1854.734 24.358
2010 4153.005 2908.616 23.323
2011 823.945 1372.158 24.247
2012 837.582 1391.159 24.904
2013 1677.656 2924.24 24.467
2014 2950.747 2944.673 24.646
2015 4031.158 2595.044 21.068
2016 3993.863 2585.2 23.647
2017 4052.461 2584.544 24.066
2018 328.511 1895.978 22.931
2019 2824.062 1901.718 24.83
2020 4052.121 1923.505 24.177
2021 2482.111 2596.23 23.678
2022 514.156 3648.886 22.916
2023 3391.403 3007.172 23.092
2024 2490.561 1937.738 23.914
2025 447.84 2601.397 24.194
2026 44.672 2608.248 24.922
2027 1182.417 1945.428 24.743
2028 2483.865 2632.001 23.821
2029 853.475 1977.74 23.798
2030 1845.076 3128.638 19.733
2031 1840.264 3191.426 23.476
2032 1889.166 3145.222 23.603
2033 1914.126 3117.198 23.662
2034 1266.348 1984.231 24.361
2035 1928.231 1990.779 24.821
2036 2057.596 3108.696 23.557
2037 198.915 2020.771 24.031
2038 523.227 2028.2 24.973
2039 2819.011 3985.369 21.267
2040 2820.029 4028.339 23.195
2041 3444.935 2060.932 24.177
2042 1786.88 3982.205 24.286
2043 3201.659 3160.957 23.441
2044 2246.948 4018.812 24.281
2045 1491.458 2078.08 22.616
2046 2312.488 4048.589 23.515
2047 3333.723 4084.706 21.89
2048 3992.858 4078.687 24.796
2049 549.132 2117.58 21.304
2050 3970.806 4094.288 24.642
2051 2360.658 2102.342 24.934
2052 350.689 3205.219 22.062
2053 345.687 3180.003 22.709
2054 341.335 3166.297 23.779
2055 229.925 3204.806 23.418
2056 1370.449 3214.759 23.872
2057 4165.229 3225.836 24.055
2058 1225.778 2155.11 21.853
2059 1265.363 2181.224 23.322
2060 1716.731 2192.183 22.266
2061 652.798 2189.376 24.835
2062 1394.014 2208.624 24.597
2063 3663.69 2229.415 24.806
2064 658.967 3699.094 20.088
2065 625.2 3726.898 23.43
2066 3472.675 3287.116 21.741
2067 3541.396 3316.326 22.436
2068 3170.894 2255.847 23.906
2069 956.078 3290.925 24.444
2070 756.376 2276.672 24.909
2071 4178.637 3324.417 24.245
2072 2272.077 1438.957 20.578
2073 2266.82 1514.825 20.626
2074 2320.698 1462.108 23.23
2075 2241.621 1418.014 24.756
2076 3857.92 3354.942 22.957
2077 3725.506 2344.046 21.767
2078 2733.054 1430.147 23.94
2079 2699.976 1426.501 23.806
2080 3892.118 3715.466 23.242
2081 3918.556 3701.676 23.271
2082 4017.904 1447.159 24.129
2083 4187.1 2349.053 23.743
2084 3550.592 3376.884 21.992
2085 1571.337 2366.455 24.799
2086 1951.212 3720.283 23.246
2087 773.781 3387.14 24.202
2088 307.575 2382.879 23.889
2089 1254.102 3734.48 23.779
2090 4066.131 2416.773 24.882
2091 1782.772 3042.273 19.81
2092 1723.773 3083.953 22.221
2093 422.486 3409.411 23.256
2094 1348.865 3442.932 23.607
2095 972.957 3764.367 24.322
2096 3656.653 3486.599 22.565
2097 2010.69 2447.75 21.634
2098 2504.406 2448.646 24.737
2099 4154.66 3033.854 23.155
2100 4172.129 3051.529 23.534
2101 2531.446 3516.376 23.218
2102 535.96 2472.47 23.417
2103 8.298 3546.883 24.515
2104 806.913 1518.37 22.537
2105 825.56 1491.146 22.794
2106 3626.721 2498.002 23.655
2107 3809.807 2510.486 24.959
2108 3549.478 2542.845 23.747
2109 1552.771 2563.293 24.924
2110 1173.895 3571.961 21.889
2111 166.377 3615.273 24.201
2112 2870.881 1526.116 21.795
2113 968.099 3629.457 24.655
2114 994.381 2584.896 24.121
2115 972.539 2595.775 24.143
2116 977.893 2610.224 24.308
2117 1605.825 3650.537 23.873
2118 3303.531 1551.032 24.705
2119 933.145 1574.911 24.767
2120 1720.103 1594.74 24.101
2121 1102 1663.988 24.443
2122 1075.906 3695.031 22.027
2123 3199.037 1680.125 24.69
2124 2148.85 3702.614 23.929
2125 3923.389 1712.305 24.827
2126 1192.118 3736.961 24.812
2127 3103.265 3764.485 24.72
2128 3113.292 1745.759 23.488
2129 3475.479 2629.559 21.721
2130 3464.571 2599.42 24.071
2131 3322.286 3832.284 20.472
2132 3989.013 3782.951 24.301
2133 1266.839 3793.048 24.954
2134 154.699 2628.003 24.489
2135 3136.844 3794.953 24.152
2136 1894.247 2646.754 24.556
2137 2432.28 1785.663 24.747
2138 2381.076 3820.171 23.502
2139 1850.601 2671.374 23.766
2140 3560.41 3825.255 23.252
2141 3260.808 1805.729 24.155
2142 3041.998 2890.066 18.56
2143 3017.128 2953.131 21.921
2144 2985.513 2899.567 23.761
2145 2984.53 2937.498 24.548
2146 2960.26 3846.005 24.912
2147 460.428 3841.41 24.287
2148 836.661 2699.417 24.538
2149 3032.335 1814.851 23.767
2150 3462.879 2858.256 24.695
2151 2766.905 2721.722 22.856
2152 1872.743 3880.111 22.949
2153 1909.58 1870.498 23.815
2154 3968.898 1872.646 24.966
2155 2275.46 1886.691 24.781
2156 2671.478 2735.327 22.525
2157 2594.109 2757.797 24
2158 3987.21 1916.442 22.858
2159 3580.495 2797.215 24.477
2160 3554.44 3901.11 22.311
2161 3560.331 3928.228 23.843
2162 59.172 2825.418 23.3
2163 728.818 2834.826 23.968
2164 11.087 2848.823 24.568
2165 3844.773 3922.321 23.493
2166 3732.156 2875.363 24.928
2167 1013.932 3925.064 24.401
2168 4191.613 3900.917 22.142
2169 4158.859 3871.49 22.323
2170 1917.986 2902.642 23.312
2171 2929.788 2939.743 24.349
2172 34.313 2953.383 24.512
2173 3946.061 2981.683 24.361
2174 3446.661 3013.365 23.168
2175 3089.055 3021.149 24.626
2176 397.444 1966.599 19.907
2177 444.333 1981.761 24.596
2178 2361.818 2902.083 20.692
2179 2323.458 2921.438 23.638
2180 2301.756 2927.948 23.272
2181 2380.09 2947.346 24.051
2182 2463.97 1941.675 24.86
2183 2842.154 1964.631 24.865
2184 734.845 1981.915 24.71
2185 1342.68 2912.41 24.074
2186 2155.77 1989.306 24.832
2187 3713.539 2004.996 24.451
2188 3817.28 2025.709 23.416
2189 3111.906 2048.552 24.189
2190 1298.689 2947.574 22.707
2191 1686.911 2070.5 23.026
2192 2265.172 3090.319 19.711
2193 2339.088 3105.53 23.159
2194 2230.001 3045.606 23.536
2195 1170.02 2980.838 24.366
2196 2726.181 2081.418 23.425
2197 2582.53 2096.148 24.542
2198 2387.001 3911.633 20.561
2199 2386.151 3952.421 22.773
2200 1905.889 3009.854 24.015
2201 3409.527 2111.513 24.821
2202 1220.801 3085.845 20.408
2203 1244.033 3032.313 24.854
2204 965.691 2141.372 23.48
2205 2797.207 3017 22.998
2206 689.615 3894.136 23.677
2207 3388.678 2156.81 23.609
2208 4060.886 3044.484 24.872
2209 264.516 3910.337 23.062
2210 2394.924 3068.44 23.002
2211 2001.352 2187.615 24.837
2212 2960.927 3103.56 24.042
2213 2311.245 3909.517 24.704
2214 1554.977 3075.304 23.514
2215 1535.14 3077.566 24.11
2216 3871.041 3949.527 23.353
2217 54.401 3121.138 23.72
2218 2069.79 2253.623 22.36
2219 975.674 3145.516 24.217
2220 3630.399 3960.519 24.198
2221 26.084 3155.61 24.644
2222 1165.604 3132.897 23.703
2223 1143.003 3143.645 24.499
2224 435.695 2289.548 23.273
2225 967.882 2297.501 24.731
2226 3699.124 3148.329 24.447
2227 1128.62 3165.064 24.449
2228 3114.377 2344.014 24.771
2229 567.147 4006.155 23.227
2230 571.835 3976.959 23.999
2231 3864.222 2354.215 23.663
2232 3936.76 3193.493 22.889
2233 270.263 2381.628 22.733
2234 2600.984 2413.355 24.637
2235 113.489 3214.137 23.343
2236 618.386 2431.367 23.899
2237 1651.959 3215.529 24.952
2238 1678.44 2461.147 24.76
2239 1217.581 2480.766 24.247
2240 344.084 3269.412 24.337
2241 3529.919 2529.761 24.843
2242 4043.962 3283.048 23.955
2243 2309.537 2567.507 23.523
2244 410.463 2577.375 24.678
2245 2820.208 3324.766 24.401
2246 3650.857 3214.17 22.902
2247 3668.048 3233.383 23.562
2248 3634.199 3227.845 22.729
2249 2423.967 3122.087 22.38
2250 2480.531 3092.068 22.633
2251 2467.912 3137.549 22.71
2252 2486.977 3108.95 24.034
2253 803.844 2604.761 22.767
2254 2807.738 3118.223 23.214
2255 2895.311 2602.772 24.197
2256 1061.283 3374.431 22.07
2257 2673.289 2614.446 24.928
2258 4093.724 3130.087 24.862
2259 1248.784 3247.446 22.68
2260 3318.787 3390.835 23.89
2261 3895.094 4063.815 21.627
2262 3927.735 4046.23 23.653
2263 3858.833 2643.767 22.75
2264 2879.532 4078.323 24.295
2265 3090.815 2648.752 24.009
2266 1403.404 3409.212 23.498
2267 1396.276 2671.052 24.461
2268 1687.665 4092.947 24.04
2269 2495.705 2690.161 23.996
2270 1216.907 3426.575 23.823
2271 2712.301 3163.671 23.369
2272 2679.677 3162.733 23.675
2273 4174.358 2719.516 22.586
2274 3608.754 3169.491 23.793
2275 708.645 2728.554 24.304
2276 3060.051 3200.175 24.351
2277 2748.16 3279.468 21.336
2278 2485.44 3210.443 24.776
2279 655.109 3228.151 24.158
2280 2543.288 3275.652 24.085
2281 1710.613 3472.415 21.517
2282 3632.767 3289.105 24.734
2283 272.492 2757.273 21.314
2284 1299.668 3248.366 22.873
2285 1821.591 2789.892 24.938
2286 21.647 3259.218 23.239
2287 1885.906 2808.527 24.736
2288 3050.304 3277.42 24.819
2289 621.403 3300.279 23.53
2290 924.731 3329.964 22.185
2291 218.471 2851.079 22.475
2292 216.623 3339.834 24.954
2293 1842.758 3332.92 23.794
2294 10.095 3351.239 24.596
2295 1749.816 3343.749 24.507
2296 3359.781 2855.282 24.866
2297 860.203 3365.094 24.549
2298 3764.341 3385.207 24.613
2299 729.409 3383.528 24.017
2300 119.3 2876.593 23.152
2301 3253.269 3407.436 24.348
2302 3005.998 3427.056 24.843
2303 3460.701 3455.374 24.682
2304 2035.449 2915.695 22.842
2305 314.235 3488.781 21.026
2306 305.783 3540.282 24.498
2307 284.142 3514.482 24.569
2308 303.568 3517.637 24.889
2309 3463.531 3480.055 23.855
2310 2680.72 3486.588 24.246
2311 966.004 3491.027 24.818
2312 3161.433 3509.312 24.772
2313 3344.278 2934.002 23.008
2314 1759.23 2949.75 25
2315 1967.588 3586.577 24.225
2316 4013.677 2979.229 22.461
2317 4006.136 3409.302 21.54
2318 4016.599 3425.484 24.657
2319 3961.051 3397.859 24.304
2320 2204.914 3406.626 24.121
2321 2298.934 3009.035 23.358
2322 1574.757 3022.177 23.42
2323 1001.621 3036.772 23.781
2324 3198.539 3627.51 21.564
2325 2085.34 3069.369 24.93
2326 2588.719 3558.502 20.28
2327 3448.646 3530.551 24.975
2328 3461.468 3620.633 22.39
2329 167.649 3105.515 22.671
2330 3345.847 3557.176 24.508
2331 1927.898 3568.618 24.758
2332 836.058 3642.036 23.131
2333 521.762 3584.106 23.973
2334 3287.626 3160.598 22.85
2335 684.982 3648.244 24.757
2336 1983.379 3166.213 24.992
2337 3764.811 3606.685 23.252
2338 115.47 3683.157 24.007
2339 1037.06 3188.584 23.73
2340 1456.702 3452.542 21.449
2341 1523.858 3485.925 23.194
2342 32.435 3468.24 24.117
2343 3256.538 3483.345 24.474
2344 574.142 3494.411 24.667
2345 1932.442 3221.704 22.033
2346 3499.658 3709.689 22.321
2347 1119.093 3531.122 24.657
2348 3476.247 3222.594 24.262
2349 3263.597 3550.161 24.32
2350 2542.467 3731.24 23.316
2351 3850.231 3729.565 24.909
2352 2192.517 3275.219 22.509
2353 413.236 3756.198 24.743
2354 2686.463 3629.624 22.857
2355 2720.639 3645.916 22.96
2356 2746.737 3645.666 23.823
2357 2344.862 3284.169 24.37
2358 30.485 3777.866 24.975
2359 2824.376 3648.156 23.741
2360 1771.599 3586.55 23.717
2361 1787.313 3569.033 23.688
2362 2608.897 3687.141 24.971
2363 2797.356 3801.355 23.588
2364 376.6 3818.581 24.945
2365 1508.297 3710.186 24.295
2366 3298.582 3312.67 23.391
2367 1260.612 3837.113 23.625
2368 366.152 3851.999 24.812
2369 1675.119 3337.027 23.432
2370 3126.585 3887.295 24.336
2371 1147.633 4044.063 19.048
2372 1226.992 3972.574 20.143
2373 1187.24 4047.267 24.971
2374 3483.515 3353.426 23.666
2375 2578.043 3364.151 24.462
2376 1365.916 3600.53 21.142
2377 4098.335 3958.93 24.222
2378 3786.983 3909.175 23.237
2379 2039.952 3914.174 24.047
2380 4042.66 4007.842 24.719
2381 2503.34 3928.969 23.845
2382 3526.442 3617.4 22.361
2383 1527.599 3401.487 21.772
2384 1054.084 3952.113 24.014
2385 468.194 4046.89 23.493
2386 1765.717 4054.275 24.866
2387 2587.152 3732.836 22.447
2388 2586.946 3769.308 22.741
2389 2563.681 3760.556 23.891
2390 2595.087 3751.435 23.931
2391 2660.075 4071.876 24.081
2392 1543.564 3754.645 24.035
2393 1579.502 4090.494 23.575
2394 2686.973 3975.32 22.476
2395 1701.461 3641.483 23.179
2396 1736.554 3621.747 23.378
2397 3904.481 3996.345 24.572
2398 884.934 3638.569 24.364
2399 3040.46 4015.307 24.622
2400 1022.19 3444.095 22.503
2401 2853.076 3652.039 24.374
2402 2263.578 3453.591 24.346
2403 841.675 3681.123 24.753
2404 1710.265 3773.753 22.075
2405 3168.51 3475.223 23.842
2406 2141.7 4044.728 22.91
2407 2807.392 3701.566 24.373
2408 2438.461 3773.394 24.969
2409 364.316 3725.171 24.889
2410 3228.038 3794.542 23.938
2411 1278.593 4061.469 24.007
2412 260.252 4079.47 24.669
2413 2850.151 3833.367 24.613
2414 2130.281 3864.161 23.543
2415 302.415 3781.627 22.776
2416 2317.65 3871.033 24.136
2417 851.355 3784.884 24.971
2418 2443.905 3896.665 24.717
2419 3875.099 3498.42 22.8
2420 2874.972 3804.469 22.759
2421 2956.355 3551.699 22.584
2422 3173.335 3823.988 24.028
2423 3243.852 3569.204 24.523
2424 3646.726 3589.989 24.114
2425 3422.926 3948.36 22.069
2426 4053.646 3626.15 21.762
2427 147.931 3974.874 21.44
2428 165.076 3954.118 22.806
2429 125.316 3994.034 23.985
2430 3242.38 3967.754 23.07
2431 490.293 3992.047 22.897
2432 2282.616 3997.018 23.607
2433 2902.926 4009.036 24.627
2434 3292.073 4037.452 24.13
2435 736.989 4052.531 24.442
2436 891.456 4082.648 24.866
2437 3928.236 3878.545 19.72
2438 3915.616 3914.952 23.262
2439 1203.6 3865.738 23.8
2440 3682.033 3879.339 24.93
2441 3393.242 3669.305 20.759
2442 3372.85 3725.627 21.35
2443 786.01 3896.156 23.249
2444 203.73 3906.646 24.74
2445 3032.157 3662.706 22.536
2446 3014.578 3679.729 24
2447 3010.746 3652.534 23.785
2448 1011.06 3676.178 23.248
2449 1884.385 3694.923 24.074
2450 3177.687 3945.438 22.887
2451 3137.532 3929.908 22.738
2452 3121.554 3917.878 24.639
2453 515.539 3716.049 22.909
2454 3033.454 3736.536 22.767
2455 3007.267 3761.54 22.819
2456 2736.934 3766.407 23.578
2457 3908.097 3784.853 23.087
2458 3793.094 3815.649 24.525
2459 142.095 3831.696 24.594
2460 2099.462 3883.939 24.957
2461 2260.157 3925.22 24.816
2462 3743.853 3951.73 23.367
2463 616.49 3976.634 21.973
2464 649.554 3989.035 22.405
2465 3940.763 3990.2 24.488
2466 3273.571 4018.642 23.89
2467 3982.843 4048.33 23.041
2468 2166.513 4080.094 24.741
2469 1537.473 4089.487 23.96
2470 527.226 2787.115 16.905
2471 424.096 2875.531 22.421
2472 600.352 2676.142 22.502
2473 659.899 2826.198 23.378
2474 402.87 2803.175 23.489
2475 420.336 2765.129 23.68
2476 594.217 2808.674 24.36
2477 636.324 2734.147 24.141
2478 401.052 2848.423 24.104
2479 529.622 2701.426 24.798
2480 1506.708 2657.07 24.332
2481 1437.838 4062.281 18.586
2482 1520.958 4013.273 22.118
2483 1405.593 4005.598 23.049
2484 1445.868 3967.543 23.007
2485 1440.788 4003.275 24.875
2486 1390.343 4034.3 24.063
2487 3123.491 3999.862 23.576
2488 4184.25 4037.217 22.909
2489 2490.349 4054.046 23.524
2490 2307.701 4079.588 24.858
2491 4070.926 4095.097 23.774
2492 2991.56 2731.878 20.887
2493 2950.347 2735.266 22.413
2494 4051.536 2734.31 23.482
2495 377.96 2766.022 24.235
2496 2142.732 2819.274 24.704
2497 261.002 2831.084 24.831
2498 2776.548 2869.591 23.612
2499 685.466 2912.97 23.345
2500 1885.185 2962.64 24.113
2501 3258.661 2988.964 24.424
2502 2392.854 3011.794 24.187
2503 4098.24 3029.152 22.815
2504 3774.418 3045.615 23.218
2505 345.497 3076.459 23.338
2506 781.484 3138.141 22.207
2507 3500.706 3134.045 23.758
2508 4084.408 3154.979 24.905
2509 539.514 3195.756 24.043
2510 3018.681 3215.736 24.993
2511 3196.071 3301.409 19.877
2512 3127.083 3309.224 23.194
2513 3141.33 3281.427 24.595
2514 3385.186 3281.989 20.932
2515 3419.765 3257.582 24.728
2516 254.983 3283.313 23.761
2517 2517.845 3301.206 24.464
2518 4096.319 3345.203 21.585
2519 4157.986 3379.34 21.974
2520 4133.774 3400.954 23.84
2521 4118.021 3371.386 23.398
2522 159.703 3379.594 21.37
2523 176.44 3353.408 23.324
2524 159.528 3417.468 23.724
2525 564.688 3390.882 22.763
2526 687.908 3405.604 23.391
2527 3694.227 3417.698 24.032
2528 835.977 3449.38 23.278
2529 3076.011 3468.88 24.64
2530 2516.437 3484.446 23.718
2531 156.094 3546.982 23.505
2532 147.88 3506.021 23.9
2533 139.92 3532.466 24.398
2534 197.842 3535.155 24.03
2535 4027.67 3557.422 24.596
2536 2254.224 3564.975 23.833
2537 896.119 3587.647 23.951
2538 3819.77 3625.617 23.58
2539 3770.58 3645.212 23.738
2540 3804.031 3669.543 22.984
2541 2571.354 3681.527 24.391
2542 3583.104 3716.491 22.82
2543 4035.27 3722.895 24.464
2544 2266.507 3755.436 22.371
2545 1894.535 3791.349 24.045
2546 2453.573 3806.715 23.868
2547 1733.32 3855.667 20.363
2548 497.534 3850.11 24.355
2549 803.722 3870.644 23.571
2550 1457.428 3879.034 24.738
2551 2838.469 3893.386 24.432
2552 127.77 3906.372 24.89
2553 1495.632 3914.34 24.86
2554 354.593 3936.679 24.32
2555 2568.78 3954.38 24.121
2556 977.543 3965.932 24.919
2557 2421.417 4015.283 22.943
2558 1289.002 4030.987 24.292
2559 3236.716 4045.702 24.91
2560 420.464 4067.434 24.963
