1918.5 52.7 353.21410 6.653 0.77 -58.3 4.4 453
123.4 29.8 81.36998 5.066 0.54 67.5 4.5 355
2395.1 11.3 11.58631 6.310 0.31 68.6 4.5 335
3572.1 6.5 8.14930 0.244 0.80 -88.8 4.5 51
1681.4 47.3 67.02828 2.924 0.87 -41.4 4.5 205
1797.0 29.4 15.96084 3.302 0.57 -39.9 3.3 143
3987.6 49.0 34.85929 5.286 0.85 68.3 2.9 163
2517.9 28.7 6.81337 0.928 0.07 5.3 4.5 249
1410.0 56.5 39.76366 3.888 0.61 -6.7 4 213
1191.1 129.9 254.05320 5.395 0.86 -78.1 3.8 311
3592.2 41.7 37.54050 35.295 0.81 58.3 4.5 481
537.6 47.3 7.05519 0.461 0.06 -45.2 3.5 127
2921.5 74.9 41.98137 2.302 0.69 39.3 4.5 181
1099.2 61.4 7.40888 1.375 0.10 84.8 2.2 127
4156.0 68.0 8.78102 2.544 0.49 -12.3 0.7 37
3260.5 116.8 126.67560 4.768 0.76 -21.2 2.4 181
3645.5 103.2 82.30008 4.457 0.88 -27.7 3.6 209
3502.7 419.1 1545.46000 8.086 0.92 87.1 3.8 563
734.1 91.1 29.62171 4.163 0.55 -11.8 4.5 237
1780.7 104.6 34.78923 3.771 0.95 13.1 4.1 167
465.5 110.0 71.77988 45.301 0.71 84.9 4.5 693
1583.6 117.8 19.29158 2.486 0.79 10.0 4.5 169
1114.9 119.2 13.39713 1.601 0.40 2.1 1.6 57
2248.8 129.5 6.90786 0.298 0.29 73.8 4.5 103
1877.7 119.4 6.79859 1.819 0.48 -14.9 3.9 105
2027.2 149.1 39.63004 2.347 0.73 37.5 3.3 127
1694.2 136.2 12.87834 1.871 0.80 34.3 1.6 45
2097.7 153.3 11.60129 1.922 0.52 62.9 2.3 79
3511.0 176.4 117.71130 15.112 0.65 -34.7 4.5 609
587.6 170.5 36.67907 2.002 0.84 43.2 3 97
2454.5 144.0 4.84304 0.883 0.15 -68.2 3 93
3975.1 186.0 65.33363 8.168 0.48 44.2 3.4 355
3797.9 187.4 96.44569 4.245 0.70 -21.7 3.5 231
2043.0 360.8 2880.69400 7.430 0.94 16.6 3.9 611
2685.7 173.7 17.26462 2.241 0.89 5.0 1.6 51
244.3 174.2 22.46646 2.537 0.81 -20.0 1.5 57
1045.3 170.1 22.30120 6.136 0.88 -57.3 4.5 247
3484.4 165.8 47.13387 34.043 0.55 36.5 4 607
327.4 160.4 7.69558 1.144 0.26 18.4 2.2 69
4071.1 197.0 55.37609 4.994 0.91 -12.4 3.8 207
1492.0 216.7 150.35160 6.120 0.93 44.7 4.5 327
3113.9 198.7 50.48759 11.647 0.82 -45.2 4.5 423
626.9 181.3 4.05331 0.019 0.61 -44.6 3.5 7
1198.5 220.4 124.28010 27.688 0.82 -7.8 4.5 717
2283.4 195.6 18.14673 4.560 0.17 -48.3 4.5 483
1453.2 188.0 6.73644 0.718 0.08 48.2 4.5 271
1805.5 233.7 115.43380 4.764 0.74 -0.4 4.5 313
348.3 198.8 8.16283 1.085 0.28 14.4 2.6 75
387.5 454.3 7482.73100 10.571 0.55 -41.0 4 1243
4141.0 204.6 26.47638 4.885 0.95 64.1 1.6 89
1705.2 443.2 1206.28900 7.721 0.99 79.6 4.3 557
3377.6 262.8 236.82990 9.484 0.56 -28.4 4.5 631
3592.3 213.2 8.76492 1.585 0.36 -37.5 3.5 109
2675.7 215.1 14.61672 5.976 0.11 15.1 4.5 571
3114.8 231.7 52.27279 45.626 0.76 -22.6 4.2 591
1035.8 228.8 6.35420 0.771 0.03 -33.6 4.5 417
1967.1 324.2 458.32510 6.628 0.90 -32.6 4.2 425
2754.0 273.2 38.72969 2.479 0.85 -33.6 3.7 135
200.4 395.9 1354.77700 9.400 0.82 85.4 4.2 699
2247.6 254.8 7.20317 1.376 0.22 64.7 4.5 223
1348.4 287.3 46.07194 1.817 0.78 -62.6 4.4 141
1589.6 289.1 56.86913 2.466 0.87 66.5 4.2 161
2879.9 261.6 44.45205 47.737 0.24 43.6 4.5 995
1754.6 285.4 18.63206 2.979 0.79 87.7 4.2 141
694.9 321.7 149.63640 6.340 0.59 30.8 4.5 425
65.1 297.5 35.49583 3.491 0.61 35.3 4.4 211
480.1 296.6 11.60669 1.489 0.21 -60.0 4.5 193
3587.9 309.1 42.57804 5.100 0.81 -82.6 4.5 297
2533.0 290.2 7.14122 0.738 0.06 18.1 4.5 347
2296.4 310.0 18.71662 3.054 0.60 -1.1 1.3 65
3163.9 376.7 195.61640 6.821 0.50 -55.3 3.6 421
2859.5 305.5 15.38352 6.511 0.23 16.7 4.5 375
2419.3 362.6 212.64830 6.445 0.73 29.0 4 375
1339.4 343.9 14.84684 1.792 0.73 23.4 1.1 35
3902.8 343.0 10.81205 2.400 0.83 -70.3 1.3 45
3899.9 464.7 355.24110 7.974 0.71 -77.1 3.5 431
4051.6 380.8 39.39700 2.841 0.84 -11.7 3.1 125
2591.3 390.6 64.76931 3.588 0.85 -32.4 2.8 143
341.9 377.2 14.95664 0.970 0.18 30.3 2.6 97
4131.1 369.6 15.31760 4.814 0.40 10.8 4.5 261
1413.4 393.0 37.96701 4.454 0.29 42.0 3.3 281
3409.7 379.7 13.29784 1.871 0.35 28.8 4.5 195
1066.5 396.0 55.83342 5.641 0.84 -29.2 4.5 319
3629.5 389.4 6.38450 1.177 0.40 -28.3 3.5 83
4034.1 406.5 28.15572 2.908 0.48 21.4 2.7 139
1404.3 418.6 62.47194 5.151 0.66 -69.3 4.5 415
2321.1 401.4 8.33344 2.839 0.69 17.1 4.5 155
1390.9 452.3 45.49863 5.870 0.46 78.9 2.8 245
3464.7 451.9 213.46460 47.974 0.89 -46.8 4.5 977
49.5 430.5 10.91205 3.299 0.27 -48.1 4.4 223
1618.4 445.3 14.90229 1.229 0.18 70.1 2.7 121
1481.4 454.8 21.36184 2.658 0.61 -38.4 4.5 197
2504.8 456.2 9.68527 1.928 0.70 9.9 0.6 23
3681.7 457.2 7.15817 1.751 0.58 85.1 3 79
1990.7 475.5 35.09365 2.906 0.46 -21.0 2.1 121
1839.7 576.5 635.81790 5.351 0.97 -56.7 3.8 355
1723.2 499.9 21.73874 2.496 0.63 57.4 4.5 189
2089.2 724.9 4222.52500 10.591 0.52 -49.4 3.7 1055
1747.8 542.2 142.19750 3.633 0.98 -45.1 3.1 173
3490.6 498.7 8.59102 2.436 0.53 29.6 1 45
1943.8 520.2 30.05533 4.459 0.91 60.4 2.2 113
1318.1 513.2 25.07106 6.010 0.66 -74.6 4.5 295
3109.0 506.5 5.94272 1.089 0.17 53.8 4.5 183
3292.5 532.7 32.34890 2.710 0.64 13.1 1.9 87
1597.6 529.9 17.67143 2.726 0.74 -84.7 3.1 111
2.9 525.1 10.07037 0.609 0.07 -82.9 4.5 323
1724.8 546.2 48.03190 14.941 0.58 -4.0 4.5 477
4139.5 581.3 103.46700 4.312 0.64 86.0 2.9 207
249.1 543.1 9.96045 0.501 0.36 -71.8 4.5 77
2090.9 564.7 40.11438 2.362 0.89 -17.7 2.3 83
1438.6 577.2 78.89555 3.644 0.85 -35.0 3.3 173
3406.0 565.3 19.36487 2.366 0.77 -84.4 1.8 63
1889.9 627.3 403.56980 5.433 0.99 71.5 3.7 313
759.9 568.4 24.26452 3.672 0.65 6.4 3.5 163
3358.1 576.9 45.44556 2.283 0.63 -58.8 2.4 101
2406.3 547.5 5.09649 0.088 0.01 55.2 4.5 289
3637.5 582.4 78.93570 13.277 0.67 66.4 4.5 543
3563.3 566.7 20.61902 2.645 0.10 -23.2 4.5 557
118.8 625.2 242.75430 7.420 0.54 -13.4 4 489
1497.1 584.6 43.75487 2.601 0.63 -44.5 3.7 163
2548.3 572.3 10.33352 3.384 0.60 -21.8 2.2 97
4022.9 598.9 63.10970 7.088 0.84 -26.4 4.5 325
1978.9 574.3 23.67269 11.923 0.43 -51.1 4.1 375
2160.4 593.8 15.00774 4.664 0.14 -87.6 4.5 449
2813.9 644.5 107.23840 5.232 0.56 -42.3 1.7 155
3124.5 607.4 19.68892 2.074 0.42 6.0 3.8 151
261.6 664.5 290.90570 5.531 0.72 -60.9 4.5 435
2784.5 604.4 8.97189 2.877 0.77 -68.5 2.3 79
329.8 623.3 54.80007 18.974 0.63 61.9 4.5 559
1733.1 617.3 41.14108 15.606 0.35 -3.6 4.5 599
1625.8 641.2 37.75496 4.246 0.52 -47.4 1.5 107
3402.5 615.9 10.80341 4.326 0.14 34.2 4.1 337
3706.7 621.0 23.22995 9.776 0.26 11.8 2.5 345
2725.5 656.3 94.89187 6.287 0.69 22.7 4.2 323
676.5 651.6 62.59650 5.348 0.78 -44.4 4.5 351
2508.1 637.9 12.93762 3.645 0.16 -65.6 4.5 357
3395.4 774.3 1230.10600 7.836 0.86 70.8 3.6 511
1432.3 675.7 71.66581 37.368 0.90 -79.1 4.5 595
1553.7 691.2 45.90501 4.475 0.73 -64.2 3.9 211
3339.1 687.4 21.09109 2.473 0.70 -62.1 3.6 125
2723.5 697.3 41.42743 3.081 0.80 -59.7 4.5 207
2833.0 683.0 9.58433 3.301 0.81 40.4 0.5 29
1535.8 705.3 45.36609 19.959 0.49 -23.1 4.5 597
465.0 706.0 82.64337 37.179 0.64 51.8 4.5 743
1799.8 706.9 10.21323 0.576 0.19 68.3 4.5 119
551.5 720.7 50.12127 11.987 0.31 20.0 4.5 687
1938.0 748.1 99.54373 4.822 0.92 22.4 4.4 259
851.1 704.9 11.84599 9.774 0.54 -24.0 4.5 291
2829.5 755.4 57.85735 3.548 0.87 -50.5 3.5 169
483.3 748.1 43.76167 10.883 0.37 41.6 4.5 579
2327.7 768.0 66.95356 2.575 0.83 23.3 3.2 135
2623.5 751.7 17.74336 2.687 0.48 -77.0 2.3 107
1756.6 764.0 72.43275 7.643 0.59 1.3 4.5 425
2875.9 753.3 15.53431 2.106 0.46 -23.9 4 141
1047.7 751.8 11.36600 1.980 0.30 10.9 3.7 149
3176.9 756.9 11.53448 2.731 0.55 -48.5 0.4 25
1774.3 766.6 60.50790 11.383 0.63 -27.8 4.5 423
115.0 768.9 20.70415 2.312 0.81 50.0 2.5 83
2791.5 752.0 8.59096 2.827 0.08 0.7 2.1 225
2576.0 789.8 73.70472 51.275 1.00 -87.4 4.5 605
3702.2 782.9 56.48722 38.136 0.46 2.5 4.5 763
3118.9 790.7 19.77055 2.142 0.46 -89.3 4.5 167
2371.8 785.4 12.96795 3.426 0.30 65.8 3.4 195
2927.9 832.8 114.69770 7.279 0.77 -49.8 3.6 315
1590.7 809.8 13.60985 7.733 0.61 -24.9 4.5 259
3987.2 830.1 29.29350 18.567 0.28 -7.1 4.5 651
1041.2 923.9 492.13490 7.997 0.88 86.3 4.5 529
3677.8 831.5 8.03056 3.216 0.98 -37.4 4.5 135
30.3 869.9 101.21240 7.512 0.72 42.2 4.1 351
3439.1 920.3 519.89430 5.813 0.81 31.0 3.4 355
1471.3 1175.1 4200.07900 7.761 0.83 39.9 3.9 733
1385.0 850.0 7.01872 0.290 0.02 39.4 0.9 33
2922.1 869.0 71.11220 15.191 0.59 -68.1 4.5 607
599.0 947.5 719.49230 7.682 0.64 -29.4 4.2 607
2460.3 1071.5 5420.76200 10.093 0.82 -2.4 3.6 817
1291.8 899.2 55.79875 2.646 0.96 -44.4 4.5 237
698.3 882.7 21.52510 2.560 0.81 -69.9 2.1 77
1633.8 897.0 31.55418 2.803 0.56 -74.1 2.8 135
218.6 884.8 4.22992 0.013 0.11 58.1 4 11
2987.0 887.0 8.25628 1.371 0.86 13.0 2.7 53
3871.0 920.3 44.89116 7.175 0.67 -71.3 4.5 309
2839.9 922.6 33.96038 4.503 0.55 25.1 1.9 135
4047.7 903.1 11.27195 2.009 0.55 70.3 4.5 165
3910.8 934.0 17.99836 7.600 0.53 64.7 4.5 319
1855.4 1020.5 197.10210 6.191 0.53 -77.3 3.4 371
1175.7 957.5 15.52262 2.278 0.83 85.3 1.2 41
989.7 943.0 9.12332 2.275 0.46 -3.7 2.5 95
3143.2 946.4 5.68501 0.192 0.02 48.9 0.7 21
2698.8 957.4 11.13401 1.635 0.01 -33.3 4.5 1237
3666.9 970.5 4.98882 0.473 0.26 -18.6 4.5 101
1149.0 995.4 34.39898 3.869 0.83 -4.2 2.4 117
874.5 979.8 31.82041 15.320 0.18 -10.0 4.5 785
274.5 988.3 13.59255 2.981 0.87 79.5 0.9 37
1964.1 984.1 7.20892 1.455 0.50 44.1 1.3 37
3921.5 1007.4 29.93464 2.388 0.32 -9.6 3 167
804.7 1020.6 36.90085 4.022 0.40 -85.2 3.2 223
986.5 1045.4 158.83680 7.864 0.78 -47.4 4.4 403
1739.3 1015.1 21.52959 2.175 0.37 11.5 2.1 101
992.6 1017.8 73.66621 36.456 0.58 80.8 4.5 745
738.9 997.9 9.98205 4.553 0.63 -64.3 4.5 193
757.5 1036.5 61.06674 4.119 0.80 30.0 3.5 189
15.9 1024.2 36.28907 3.399 0.96 40.9 4.5 195
3180.8 1009.6 8.65866 3.127 0.16 52.7 4.5 329
61.5 1037.0 13.84173 3.512 0.89 65.7 4.5 187
3032.1 1028.8 8.33667 1.968 0.20 22.0 4.5 279
2977.1 1062.9 68.91762 3.892 0.92 -17.0 2.5 135
11.5 1075.1 64.13914 1.802 0.73 -83.5 4.5 203
1958.3 1045.4 6.83210 0.935 0.66 72.5 2.5 43
509.3 1047.1 11.38921 1.367 0.25 -45.8 4.5 157
571.2 1057.5 32.63212 2.455 0.57 -3.0 4.5 211
1197.9 1058.7 23.03335 3.701 0.42 26.8 1.8 119
544.3 1045.6 7.22563 0.776 0.05 -66.6 3.4 189
3962.8 1065.5 20.90966 2.281 0.78 -12.3 1.1 41
2905.4 1062.9 13.83651 2.975 0.81 -0.2 4.5 161
3626.8 1078.6 20.73640 5.370 0.81 -26.6 4.5 219
3985.9 1200.5 1239.56200 8.035 0.86 68.1 3.8 547
3772.1 1086.7 22.75336 11.689 0.68 -64.6 4.5 343
687.8 1087.0 5.68966 0.338 0.23 -10.2 4.1 61
2641.5 1105.1 15.26924 2.570 0.81 -35.9 0.3 19
3242.6 1144.7 12.22409 1.460 0.55 -52.4 1.2 35
2572.4 1142.8 8.93053 0.353 0.16 77.2 4.5 115
2158.2 1165.3 58.01761 2.945 0.78 -33.8 3.2 149
4152.8 1159.4 32.82119 4.069 0.66 -26.6 2.4 137
3160.5 1150.9 11.40025 2.575 0.73 38.7 0.4 21
880.9 1159.3 19.51023 2.519 0.78 -34.8 2 73
2829.2 1161.7 21.79352 2.047 0.53 75.9 4.5 161
2598.0 1221.8 394.46950 4.623 0.83 -25.4 3.2 267
1693.8 1160.5 10.30368 1.746 0.52 -47.2 1.5 49
2015.4 1163.2 8.13488 0.881 0.03 -74.5 4.5 469
322.6 1181.8 13.49679 1.380 0.30 71.5 4.5 169
943.6 1172.3 7.52887 0.337 0.27 64.1 3.2 45
726.9 1170.7 6.05243 1.221 0.36 3.0 1.8 49
2668.3 1237.4 250.73020 7.529 0.60 39.4 4.2 483
632.6 1218.8 68.81342 3.048 0.82 -82.8 3.8 177
506.7 1192.5 5.85124 0.264 0.01 -36.9 2.3 109
284.4 1210.9 20.27889 2.850 0.32 51.2 3.5 193
925.5 1207.2 7.10345 2.291 0.69 -63.7 0.6 25
2928.8 1221.3 19.68678 3.194 0.41 51.4 4.5 293
60.9 1223.2 13.10680 5.476 0.72 -19.5 3.9 173
454.3 1244.3 44.08491 2.544 0.82 -23.5 2.9 113
586.9 1246.9 55.06663 14.881 0.37 49.8 4.5 637
739.0 1232.5 10.99595 2.658 0.08 -59.1 4.5 459
847.1 1247.8 16.45932 4.900 0.09 -44.9 4.5 671
3586.6 1276.8 58.05520 5.717 0.67 49.8 4.5 355
83.9 1261.8 17.55667 3.411 0.70 -35.1 4.5 191
2609.4 1274.5 37.59563 2.887 0.69 -6.9 2.8 125
313.0 1281.3 23.42811 2.307 0.62 34.0 1.7 67
3466.0 1284.1 34.08591 3.426 0.76 -35.5 4.5 201
2320.9 1282.6 13.76458 2.835 0.70 78.8 0.7 35
3117.3 1316.1 60.27127 3.116 0.93 -10.6 2.6 119
3576.6 1306.1 32.11250 5.501 0.87 -3.0 4.5 221
892.0 1297.2 32.41206 19.693 0.31 -57.8 2.9 535
3938.4 1307.2 17.73698 4.015 0.40 -44.8 4.5 287
353.4 1319.0 97.23634 21.305 0.68 -19.4 3.3 527
1525.9 1329.1 22.17382 2.399 0.89 58.6 3.4 105
58.1 1320.5 11.96377 1.653 0.31 50.6 4.5 181
2292.4 1327.0 14.25772 1.765 0.39 -75.6 1.9 71
592.3 1346.7 45.25539 2.445 0.63 -89.4 2.4 107
3005.0 1321.8 10.73679 1.317 0.72 -65.4 4.5 115
694.2 1334.3 9.69986 2.644 0.77 -74.3 1 39
3662.2 1339.4 11.22958 2.086 0.46 4.7 2.9 103
134.5 1350.7 18.10692 1.978 0.62 72.6 2.7 89
424.2 1388.6 179.20820 4.949 0.77 25.7 3.7 289
3336.5 1370.6 75.71387 4.680 0.85 6.1 4.5 277
3171.8 1350.5 6.04958 0.995 0.18 -53.7 0.9 33
3233.8 1354.4 9.24866 3.121 0.43 -72.4 4.5 185
4094.3 1378.6 36.87207 2.387 0.76 -73.2 4.5 177
742.5 1370.8 15.56377 2.693 0.16 13.7 4.5 363
3521.6 1388.5 41.73183 2.321 0.79 -19.5 1.7 67
1601.5 1376.8 4.40549 0.572 0.15 29.2 3.7 85
2886.9 1435.6 165.15520 4.833 0.93 -77.8 3.7 253
3341.0 1403.2 54.04538 4.827 0.87 51.8 4 215
2645.5 1385.9 28.35079 18.296 0.34 3.8 4.5 581
2280.6 1388.4 9.04240 1.159 0.12 68.1 4.5 237
2167.7 1386.4 7.97496 2.381 0.40 -46.7 1.3 61
1461.0 1387.3 8.70028 4.543 0.46 -28.6 4.5 215
249.2 1436.0 102.58980 6.632 0.78 70.0 4.5 401
3373.8 1398.1 7.73367 1.026 0.07 34.8 4.5 379
1062.3 1437.8 57.42127 3.843 0.39 -85.4 2.9 225
2515.8 1403.6 4.96078 0.285 0.03 12.9 0.4 15
858.0 1421.3 27.14416 2.158 0.65 40.2 4.5 185
3151.4 1412.8 17.95955 7.942 0.58 -85.6 4.5 293
3160.0 1436.7 29.47494 2.426 0.63 56.7 2.8 113
1725.8 1437.1 14.84586 2.476 0.50 -48.7 1.7 73
299.2 1427.1 4.92009 0.183 0.13 61.4 4.5 81
3894.9 1450.7 110.14240 28.157 0.94 60.4 4.5 655
4103.2 1432.9 8.81817 3.207 0.77 7.4 0.7 35
273.1 1450.7 71.58016 31.819 0.42 5.7 4.5 849
4017.0 1446.1 7.62674 0.889 0.53 -88.1 2.3 43
1977.0 1460.7 24.32153 2.915 0.52 -82.9 3.2 149
2266.3 1515.4 385.27680 6.534 0.74 50.9 4.3 457
755.1 1449.9 11.74539 2.783 0.39 -59.3 2.8 131
465.9 1481.2 65.02443 3.018 0.84 0.8 4 177
1128.3 1465.1 11.69860 2.539 0.83 18.1 1 39
1727.1 1486.7 69.79346 14.563 0.95 40.1 4.5 473
872.9 1475.1 7.57187 1.238 0.18 62.6 4.5 229
836.7 1487.9 51.44350 30.774 0.44 -19.2 4.5 715
2488.3 1488.7 48.68929 22.917 0.37 42.3 4.5 725
1006.5 1516.7 16.05178 1.923 0.37 15.3 1.7 75
1724.4 1512.0 49.30085 20.209 0.37 17.8 4.5 671
3564.3 1551.1 107.05740 4.509 0.93 -86.4 3.8 227
3420.0 1525.5 25.57324 5.369 0.35 -67.4 4.5 403
1404.7 1526.0 26.36132 6.596 0.53 -37.3 2.7 213
3584.6 1536.5 49.03044 13.933 0.85 1.5 4.5 403
311.4 1593.9 364.05780 6.196 0.65 24.2 4.5 499
551.2 1529.6 21.91017 9.288 0.40 -27.7 4.5 379
459.0 1532.8 5.09469 0.011 0.02 58.4 4.5 67
1180.6 1556.5 62.36692 3.827 0.53 55.2 4.5 287
2651.2 1534.3 9.30993 1.744 0.40 -77.4 4.5 177
1884.1 1541.0 12.63402 1.817 0.31 39.0 4.3 161
67.4 1538.5 8.21497 0.860 0.19 43.5 4.5 219
1980.2 1570.4 29.57135 3.836 0.55 84.7 4.5 235
1206.9 1592.9 54.90242 3.709 0.51 80.6 4.5 321
1334.8 1564.2 12.30063 2.237 0.70 -37.5 1.6 55
838.0 1638.2 212.75380 6.440 0.63 41.0 4 407
2589.8 1591.4 54.48955 2.276 0.87 -68.7 2.1 77
1068.5 1619.4 144.90080 4.681 0.63 -55.6 3.5 281
1882.1 1684.0 283.42230 5.569 0.90 -23.7 3.9 329
841.2 1580.6 11.42710 2.668 0.52 85.8 4.5 161
2055.2 1596.6 15.49218 2.568 0.86 53.6 2 67
3622.2 1597.7 7.33602 0.835 0.09 -31.7 4.5 233
3768.6 1603.9 14.48412 1.669 0.53 28.0 2.7 83
80.2 1618.1 26.18982 4.034 0.66 -58.7 4.3 197
1496.4 1606.2 4.78862 0.052 0.74 22.8 1.3 3
652.0 1614.5 28.29280 9.168 0.69 73.1 4.5 311
1362.3 1618.9 7.44248 0.147 0.17 -15.1 4.5 113
917.4 1630.5 17.62455 2.323 0.60 -24.2 1.7 67
3937.7 1633.8 20.50133 2.302 0.57 38.6 2.8 109
171.2 1729.6 866.37470 6.565 0.91 72.3 4.4 509
3324.0 1638.5 17.57535 5.698 0.35 56.3 4.5 361
3659.1 1811.6 305.13590 6.116 0.60 22.0 3.3 373
999.1 1646.7 11.73924 2.599 0.35 77.9 4.5 183
1748.8 1783.3 263.80040 5.530 0.85 23.7 3.8 323
1581.2 1666.9 48.96423 10.363 0.51 5.4 4.5 511
3729.7 1670.3 44.52102 8.111 0.51 -17.6 4.5 419
28.6 1667.9 14.21393 2.112 0.36 -80.3 4.5 195
2707.8 1678.4 6.18922 0.194 0.02 73.6 4.5 275
1786.3 1682.4 7.69126 1.952 0.58 -22.3 1.4 45
2183.7 1686.9 43.60003 20.609 0.21 -12.5 2.6 683
16.5 1692.5 8.99297 1.272 0.03 23.5 4.5 621
4071.4 1717.0 22.44661 5.718 0.67 -85.0 4.5 283
3924.1 1711.7 12.47528 3.696 0.95 45.3 4.5 159
3183.4 1719.2 12.44401 2.821 0.29 11.7 0.8 57
2694.9 1719.7 24.12525 15.585 0.25 -19.1 4.5 615
2937.5 1748.9 47.55062 2.527 0.81 -72.4 2.5 103
3851.8 1727.3 10.90661 3.261 0.35 3.0 1.2 81
1823.3 1741.0 16.04117 1.113 0.79 -31.3 4.5 97
3097.6 1735.3 16.32703 7.196 0.41 -7.0 4.5 339
2174.6 1736.6 9.23453 2.581 0.25 7.1 2.7 143
3128.2 1733.4 6.56917 2.247 0.35 -70.3 4.2 141
3813.7 1761.3 26.13059 3.102 0.92 66.5 2.4 95
1434.9 1934.2 637.17680 6.533 0.82 21.3 3.9 445
2982.5 1754.3 7.20515 0.033 0.99 -33.0 0.8 3
3903.3 1753.3 11.54407 4.151 0.66 -62.6 4.5 193
3259.2 1760.1 9.96663 2.549 0.44 -3.6 2.2 95
2037.6 1777.5 18.93047 2.861 0.40 -52.0 2 107
1228.4 1780.6 10.95490 0.673 0.08 -85.6 3.2 131
1525.9 1791.6 94.25851 67.217 0.38 52.2 4.5 1151
2421.9 1811.0 25.94121 2.317 0.77 -0.8 2.8 97
1453.2 1820.9 49.23618 2.809 0.56 3.0 3.8 189
2931.0 1823.8 75.00772 5.119 0.83 -21.7 4.5 277
724.3 1823.3 41.04551 6.676 0.96 -23.0 4.5 243
4173.4 1897.0 588.39430 4.875 0.79 59.0 3.3 323
740.2 1827.7 39.44188 10.840 0.32 47.5 4.2 485
385.0 1838.6 22.40285 1.358 0.64 -40.9 4.5 139
1136.8 1834.5 20.04189 11.613 0.61 -35.9 4.5 345
838.2 1851.8 71.93079 28.434 0.69 67.0 4.5 643
169.2 1928.7 738.24320 6.113 0.72 45.6 4.3 525
2971.5 1833.2 6.42638 0.354 0.36 -80.9 4.5 73
754.3 1850.1 21.69771 2.969 0.46 -18.9 0.3 27
1843.1 1838.6 5.00542 0.010 0.56 -84.2 1.6 3
1662.2 1838.5 8.91598 1.009 0.09 -30.0 4.5 299
1758.4 1852.4 18.02549 1.596 0.54 -43.0 4.5 131
2363.7 1840.6 9.26231 1.021 0.13 -9.8 4.5 237
2307.5 1859.7 21.40276 2.430 0.77 26.9 1.8 65
1111.3 1856.0 11.27019 2.502 0.51 -22.9 3.3 121
3335.5 1858.5 5.62192 0.174 0.03 14.6 4.5 243
2689.4 1899.3 60.80529 3.565 0.89 81.0 3.5 169
801.0 1877.3 27.16915 2.980 0.56 44.2 3.2 149
988.3 1892.0 50.56725 6.209 0.65 -27.3 4.1 281
3965.8 1874.0 5.06870 0.039 0.22 83.5 4.5 49
1518.3 1876.6 7.37520 0.614 0.40 -24.3 2.8 47
399.2 1966.7 722.25380 5.821 0.80 -56.8 4.4 485
3983.3 1915.9 36.55638 2.695 0.78 27.1 2.1 89
768.3 1897.1 5.36286 0.357 0.29 -27.3 4.5 73
3022.8 1944.6 151.34810 6.000 0.72 82.1 3.3 293
1286.9 1921.9 44.12040 6.372 0.75 -87.0 3.8 245
1217.8 1897.6 6.30554 0.477 0.02 7.8 4.4 257
3546.4 1903.8 5.78124 0.339 0.01 14.0 3.1 175
325.0 1913.4 9.00980 0.715 0.11 -25.5 4.5 267
682.5 1946.7 69.70145 16.379 0.82 57.0 4.5 517
657.4 1931.4 5.69527 0.382 0.06 -18.0 4.5 193
2547.9 1949.1 18.03901 4.292 0.25 85.3 2.2 195
2297.4 1983.8 115.07470 5.527 0.71 46.7 3.6 283
2168.1 1948.1 19.61279 11.964 0.28 16.1 4.5 487
1614.8 1952.3 4.26961 0.372 0.57 -80.8 1.4 13
1663.8 2019.7 142.71150 4.710 0.62 -72.0 2.8 233
994.3 1984.2 32.87247 4.823 0.61 52.4 4.5 287
3474.2 1978.6 15.70752 3.716 0.93 73.9 4.5 173
812.1 1984.3 31.75259 9.945 1.00 83.9 3.6 235
1266.4 1987.2 9.06920 2.798 0.75 -68.0 0.3 19
1237.4 1989.4 11.79648 0.640 0.38 -80.6 4.2 81
173.5 1986.8 10.14753 2.122 0.35 67.4 4.5 171
14.4 1988.8 8.39717 0.476 0.13 -16.3 4.5 177
3774.7 2016.9 31.86043 2.029 0.91 78.1 1.7 53
4159.5 2025.2 83.95950 5.162 0.60 39.7 3.9 289
1282.0 2013.4 9.10755 1.535 0.89 18.4 2.4 51
4046.5 2149.4 1118.43600 8.334 0.77 -40.6 3.4 527
200.8 2009.9 4.20794 0.120 0.11 19.2 4.5 71
4066.5 2029.6 9.18932 2.312 0.86 85.1 1.8 55
2531.0 2098.2 166.39050 4.175 0.78 64.4 3.2 223
1686.5 2070.6 31.69525 1.807 0.76 -47.3 1.4 45
3241.6 2140.1 317.23480 8.831 0.56 -66.9 3.9 543
548.6 2118.5 187.48610 5.009 0.79 -47.1 4 305
3445.0 2065.1 16.57693 3.576 0.52 -28.3 4.5 235
1617.9 2078.7 104.11090 75.262 0.52 -77.9 4.5 1045
2727.5 2080.6 20.08364 2.355 0.98 -26.5 1 35
244.4 2077.6 6.35080 0.821 0.02 -83.4 4.5 559
2553.3 2086.1 53.21753 35.350 0.63 -23.7 4.5 623
884.3 2108.2 41.32525 2.721 0.48 -20.1 3 159
133.2 2087.8 6.25821 0.346 0.09 -57.0 4.5 183
1218.6 2155.9 119.88350 7.887 0.59 23.8 4.5 435
964.5 2141.3 27.50862 3.962 0.40 -49.8 1.6 119
3806.9 2137.1 18.44058 3.423 0.28 -70.3 1.4 109
408.2 2141.3 27.89895 3.650 0.70 -26.1 2.8 137
2208.0 2126.3 5.72933 1.375 0.45 -86.7 3.9 89
3956.0 2128.9 10.55918 1.452 0.22 3.0 2.7 113
3900.8 2150.9 8.30335 1.960 0.66 34.6 4 99
1717.1 2191.4 77.77160 3.386 0.90 49.7 3 147
1516.1 2164.9 31.06571 8.895 0.53 -81.7 4.5 363
3109.8 2195.2 119.09670 5.447 0.73 4.2 3.3 261
100.2 2185.6 44.47652 2.568 0.84 -82.4 3.3 129
3070.1 2174.0 47.07858 10.212 0.43 30.8 4.5 549
2891.1 2165.7 6.38830 1.838 0.50 46.7 0.7 29
1267.1 2183.2 20.96333 1.835 0.58 43.4 1.3 45
440.5 2212.5 99.98784 7.669 0.60 -87.9 4.5 431
2956.0 2201.2 41.82036 2.459 0.88 28.3 3 111
2632.4 2239.3 171.35220 8.185 0.80 70.4 3.4 345
46.9 2209.8 11.83039 3.221 0.84 44.9 2.6 93
2246.1 2232.0 56.80527 3.396 0.86 53.3 3.5 165
3724.9 2207.1 11.39805 3.253 0.59 64.7 4.5 181
1393.6 2208.2 6.74347 0.950 0.07 -59.7 1.9 97
3006.9 2251.7 47.04230 2.698 0.89 68.3 3 119
3433.7 2254.1 50.59851 13.736 0.59 67.9 4.5 515
30.5 2265.9 43.23228 2.338 0.82 -64.3 3 109
306.9 2302.9 319.35150 4.722 0.68 -8.5 3.8 347
1249.7 2287.6 121.24970 7.619 0.74 67.3 4.4 383
3170.2 2255.1 13.10066 1.786 0.53 29.7 2 65
1200.7 2252.5 14.78334 5.145 0.17 14.4 4.5 471
3228.8 2255.0 13.86515 4.585 0.52 -43.6 1 77
2850.8 2299.1 104.33900 3.655 0.83 -53.5 2.6 151
650.1 2270.0 8.10879 2.182 0.48 87.2 1.3 51
2930.1 2288.8 38.12605 2.818 0.84 -24.3 2.5 101
757.7 2277.4 5.24999 0.431 0.16 -74.6 3.9 79
3887.2 2296.7 13.04945 2.567 0.54 81.4 1.9 79
3256.2 2293.1 15.77370 4.558 0.61 -13.6 3.2 159
4132.4 2340.6 116.17950 4.849 0.74 -19.3 3.4 241
967.1 2300.0 10.78334 0.854 0.01 -68.5 4.5 913
3726.1 2348.6 117.00350 5.394 0.84 -40.7 3.7 263
3715.2 2314.1 11.14493 2.051 0.04 51.4 4.5 681
1705.2 2334.4 16.51244 2.466 0.51 -46.1 2.6 105
784.2 2356.5 54.18730 3.124 0.45 -19.9 3.3 203
3662.5 2346.4 7.25374 1.022 0.38 -71.8 4.5 133
3863.1 2355.2 43.93696 12.464 0.74 -4.1 4.5 407
1681.7 2347.4 16.00251 3.967 0.04 -21.8 4.5 953
3823.0 2358.9 20.59025 6.739 0.66 8.1 4.5 241
1083.5 2389.3 77.11563 7.713 0.83 -39.9 4.5 423
1798.6 2370.4 30.91053 16.465 0.26 -35.0 4.5 671
1775.1 2391.8 40.72786 4.197 0.67 -44.9 3.8 203
2774.7 2422.3 255.94560 4.668 0.93 9.2 3.5 255
3034.8 2373.4 12.40438 2.457 0.53 -13.2 1.2 53
2010.6 2446.7 155.67730 5.634 0.75 -23.5 4.5 367
794.8 2408.2 14.96601 1.920 0.15 -49.0 4.3 245
520.6 2414.8 11.25535 2.595 0.58 84.9 0.4 25
1608.9 2401.3 4.15432 0.005 0.05 19.3 4.5 43
3007.7 2418.3 9.66266 1.332 0.06 -7.0 4.5 411
234.3 2421.5 14.13833 2.321 0.47 73.5 1 45
1643.8 2429.8 25.78148 2.322 0.62 3.0 1.9 77
3668.1 2469.7 248.67070 5.655 0.94 -61.4 4.5 367
4065.2 2420.1 28.07123 23.645 0.30 3.1 4.5 647
60.3 2431.3 10.30366 1.747 0.50 32.5 1.9 63
354.7 2438.2 21.26618 2.066 0.92 -19.1 4.5 165
3030.5 2460.4 78.03896 5.753 0.65 21.8 3.2 251
3309.4 2450.4 95.48769 47.767 0.87 2.4 4.5 715
1887.5 2440.7 18.43029 3.721 0.40 -5.2 4.4 225
1338.7 2442.9 7.55292 2.161 0.88 18.9 0.4 17
526.8 2786.6 11002.10000 10.564 0.56 -38.4 3.8 1239
1372.8 2462.4 67.48781 20.102 0.67 57.1 4.5 585
2835.8 2457.8 9.22212 1.845 0.13 -72.4 4.5 239
1768.6 2472.7 20.21327 2.788 0.58 -18.7 2.9 125
4197.3 2501.7 42.71390 2.094 0.44 89.7 4.1 187
239.8 2530.6 266.05550 5.225 0.66 21.9 3.7 343
3427.0 2483.7 32.13736 10.812 0.26 -67.4 4.5 543
2477.6 2494.9 21.02123 2.095 0.97 -33.3 2.4 69
2868.1 2503.2 35.45768 3.677 0.64 -44.2 1.9 107
3631.0 2499.3 34.96659 37.930 0.48 -41.2 4.5 603
3020.4 2499.4 5.12525 0.235 0.12 -13.6 4.5 135
1288.4 2497.8 10.87504 5.950 0.30 19.2 4.5 333
1524.8 2522.9 12.51454 2.721 0.52 80.2 3 121
1038.8 2547.9 58.35446 2.935 0.60 22.1 3.5 181
3548.8 2543.7 17.20204 2.167 0.68 -51.5 0.6 25
2659.2 2569.7 38.30174 5.482 0.57 41.1 2.4 185
924.1 2580.9 64.58466 2.825 0.82 -46.8 2.8 129
2307.5 2570.5 17.89364 3.769 0.55 -57.1 2.1 115
2261.2 2566.0 18.84219 5.235 0.49 45.6 4.5 289
243.7 2625.8 225.67810 6.778 0.73 -23.0 3.5 349
493.5 2632.7 265.58320 5.368 0.67 -24.2 3.3 313
994.5 2584.3 12.48617 1.373 0.43 48.7 4.5 155
3229.2 2593.3 28.61588 1.790 0.75 -82.6 1.9 57
3476.1 2628.5 142.39260 5.107 0.91 -47.5 3.6 247
706.8 2582.9 5.33533 0.292 0.16 74.8 3.8 61
3465.1 2599.1 12.96971 1.568 0.60 65.3 4.5 149
3550.0 2625.3 112.09240 5.895 0.72 -19.3 4.5 345
447.2 2601.6 11.93918 1.950 0.21 32.2 4.5 213
3953.0 2602.1 7.71883 0.505 0.22 56.1 2.1 43
403.3 2606.3 10.33665 0.690 0.27 -1.3 2.4 55
2897.6 2603.2 7.74088 0.561 0.23 -73.0 2.2 45
3110.5 2618.1 21.22436 1.891 0.86 -81.1 2 59
3619.3 2642.3 42.88572 4.107 0.75 -60.9 4.5 229
3859.9 2643.3 62.34253 3.401 0.77 22.1 4.5 249
2271.8 2631.7 29.53141 1.962 0.67 69.3 2.8 97
154.9 2623.5 11.20507 5.804 0.28 -63.6 4.5 315
2919.2 2646.1 14.67347 3.580 0.63 59.0 0.3 27
2554.8 2635.5 11.92210 3.305 0.62 -17.1 4.5 157
1346.7 2659.4 40.16890 2.469 0.93 -7.4 3 105
3187.4 2646.9 15.39196 1.970 0.61 -80.2 1 37
4075.2 2647.1 11.74708 3.270 0.60 83.3 1.3 65
2329.9 2646.7 7.80491 0.504 0.12 -57.6 2.5 67
3597.9 2659.7 43.24108 11.857 0.81 -59.5 4.5 361
1891.9 2649.2 6.51719 1.610 0.28 -39.7 0.9 39
1506.8 2654.8 10.28237 1.066 0.08 41.0 4.5 321
1441.3 2662.2 8.98888 0.962 0.58 87.9 4.5 109
740.2 2697.6 47.95960 3.191 0.81 81.5 3.4 153
4065.2 2674.1 10.52138 2.689 0.84 34.2 3 89
1549.1 2778.6 382.39380 7.492 0.54 -64.9 3.6 501
1292.5 2717.8 98.67355 4.094 0.90 -33.8 2.5 149
3328.1 2726.9 90.87444 4.969 0.93 5.8 2.8 181
272.3 2757.6 214.76510 5.153 0.79 74.8 3.8 307
4174.5 2719.3 134.86380 25.034 0.74 24.6 4.5 779
3384.4 2697.8 7.20320 0.264 0.21 50.2 4.5 89
782.7 2720.9 11.68233 1.371 0.35 -62.2 3.3 103
2313.8 2774.1 176.53630 7.623 0.76 -89.8 4.3 407
3054.3 2728.9 42.71998 11.310 0.59 -16.9 4.5 421
3041.1 2890.4 2447.76100 7.685 0.98 -40.3 3.7 559
3907.4 2738.4 15.22175 2.435 0.88 51.4 1.6 53
903.2 2743.7 18.57616 1.871 0.60 -42.4 1.2 41
2176.3 2732.5 9.14376 2.507 0.60 13.9 2.1 75
3451.9 2797.9 238.03240 6.716 0.86 -76.9 4.5 427
2853.6 2770.6 22.16249 2.769 0.94 -14.4 3.5 113
377.3 2765.7 9.30725 1.893 0.60 80.3 2.3 69
3310.8 2771.8 17.16621 3.687 0.63 50.4 4 167
854.5 2942.5 1721.40700 9.156 0.72 65.0 3.7 683
2471.5 2805.0 77.41163 3.684 0.92 -14.0 2.1 111
3124.7 2808.0 68.76646 5.818 0.62 -6.0 4.5 443
1460.0 2798.2 23.49380 3.950 0.85 -8.4 3.1 135
2397.2 2820.1 62.52878 1.995 0.92 41.6 2.5 83
1687.2 2815.2 30.46580 3.893 0.69 61.3 3.5 171
3580.1 2797.2 12.42051 2.090 0.04 -69.4 4.5 745
2070.7 2800.5 14.47252 10.579 0.66 51.7 4.5 287
2320.5 2815.5 20.00905 2.919 0.77 79.4 2.9 109
2542.9 2824.0 52.25634 15.906 0.63 44.0 4.5 507
2673.4 2841.7 36.40452 5.547 0.93 62.5 4.2 209
1282.6 2837.8 21.55906 3.809 0.69 -2.9 0.3 27
216.9 2851.3 70.92898 4.427 0.65 29.6 4.4 271
2657.4 2840.4 24.53183 4.512 0.54 13.3 4 219
2362.0 2902.2 336.82520 5.076 0.66 13.0 3.6 351
260.4 2832.3 9.21486 2.313 0.26 35.3 1 61
2849.6 2857.2 49.86175 2.952 0.86 -3.6 3.8 155
4034.4 2859.8 22.78136 3.048 0.55 89.1 1.3 69
2776.2 2867.6 13.80890 1.888 0.78 6.5 0.5 19
3463.6 2857.8 5.90339 0.645 0.09 12.2 3.5 117
1740.8 2881.6 25.11678 1.871 0.94 1.0 2 57
3730.6 2877.1 9.32221 3.679 0.41 -29.4 1.2 77
1025.2 2890.3 49.57804 15.268 0.26 30.3 4.5 681
2921.0 2884.5 5.27305 0.137 0.03 -57.2 4.5 157
1422.4 2946.3 196.46750 6.136 0.69 -39.3 3.9 359
1449.6 2911.9 59.25184 27.204 0.43 -53.3 4 681
3854.0 2909.5 6.21399 2.086 0.52 7.1 0.5 25
3584.2 2918.8 13.48543 2.690 0.23 -28.3 4.5 289
2627.8 2912.6 7.94950 0.970 0.02 -72.2 1 99
3858.6 2935.0 15.22276 5.172 0.35 41.4 4.5 297
3821.0 2948.2 20.84619 2.446 0.75 12.0 3.6 119
1783.4 3041.7 767.47440 6.559 0.87 -5.5 3.4 399
36.2 2951.6 6.46943 1.551 0.20 70.0 1.1 51
1426.9 2965.6 40.44994 24.892 0.31 32.3 4.5 741
1320.6 2967.1 6.90449 0.512 0.11 -83.4 2.8 77
2606.9 2978.9 57.54407 23.028 0.99 88.8 4.5 473
3946.9 2978.5 10.39571 2.688 0.99 87.7 2 61
636.0 2975.3 9.10194 1.644 0.29 34.2 1.5 61
2796.7 3016.1 37.17817 2.020 0.69 77.8 4.5 187
3841.8 3004.5 24.13746 2.720 0.46 43.9 4.5 249
2301.2 3005.3 16.64419 1.964 0.49 -64.3 1.2 49
1220.4 3087.3 447.27930 6.629 0.73 74.2 3.8 433
180.5 3017.1 25.57985 3.595 0.78 85.9 3.2 139
3394.4 3011.0 44.78277 13.860 0.70 -36.3 4.1 377
3530.8 3047.5 119.36420 6.489 0.78 77.4 4.1 321
734.2 3018.8 15.00371 3.185 0.59 -84.8 4.2 159
2395.0 3010.7 7.43810 0.564 0.05 -48.4 1 41
4154.6 3035.0 49.52309 5.631 0.73 67.1 4.5 331
2974.0 3036.3 30.89082 2.337 0.85 47.4 2.7 95
2547.5 3029.1 27.76490 6.259 0.44 29.4 4.5 363
1170.7 3024.1 5.61957 0.195 0.22 2.4 4.5 59
1846.3 3129.8 840.17530 7.771 0.63 3.4 3.6 555
4173.0 3052.0 19.81807 2.041 0.62 -16.9 1.5 55
550.7 3097.1 66.17150 4.638 0.64 -49.6 4.1 263
1020.6 3069.0 4.34323 0.035 0.07 9.8 4.5 65
715.7 3083.9 38.83358 11.446 0.46 -81.8 4.5 497
2573.9 3077.2 8.28163 2.758 0.17 -23.6 4.5 303
3330.4 3088.4 57.87218 35.869 0.52 69.7 4.5 713
706.0 3099.7 20.09086 7.672 0.48 16.3 3.9 277
2703.1 4092.4 86.68138 3.792 0.66 -10.9 3.2 203
2385.9 4094.1 78.95312 3.519 0.98 7.2 2.9 141
3895.4 4064.4 150.23020 5.647 0.88 -30.9 3.5 267
2147.3 4045.5 63.33995 12.570 0.40 8.7 4.5 629
1051.9 3954.2 13.36957 3.077 0.63 23.8 1.3 61
3210.9 3951.4 16.23704 13.572 0.36 -2.3 4.5 427
42.4 3908.2 7.88193 0.358 0.02 42.2 2.8 155
1249.6 3249.1 62.98505 5.501 0.94 -54.0 4 229
500.8 3273.3 7.31909 3.166 0.62 -31.9 0.3 25
782.3 3841.5 10.08128 1.938 0.56 46.6 1.4 49
2150.3 3703.2 15.17967 2.624 0.78 41.0 4.5 133
1951.9 3632.6 21.20058 2.202 0.48 48.5 4.5 183
584.2 3793.4 6.69589 3.329 0.61 -66.0 0.3 25
3179.3 3822.2 12.45489 3.369 0.29 -59.2 4.5 255
459.0 3837.8 5.32376 0.271 0.02 28.6 1.9 67
2810.1 3698.0 10.66675 2.028 0.17 85.4 1.2 75
2941.1 3803.0 23.46719 13.024 0.37 22.4 4.5 481
119.0 3686.6 16.34487 4.363 0.44 -86.5 4.2 219
3901.5 3776.0 25.14685 15.246 0.60 33.9 4.5 389
1710.0 3771.4 84.94654 4.522 0.81 82.9 2.2 147
2961.4 3809.7 46.33141 2.640 0.88 -39.6 3 115
2562.0 3761.8 39.26184 16.860 0.24 -29.9 4.5 763
3645.6 3590.5 15.36433 3.707 0.89 -42.6 4.5 173
2103.7 3761.5 10.61241 1.666 0.45 28.5 2.8 87
3033.3 3735.9 48.26657 3.431 0.94 -13.8 2.1 99
1852.7 3764.9 7.87676 0.900 0.35 69.8 4.5 115
31.2 3776.7 7.13818 1.505 0.07 41.2 2.8 195
2268.0 3754.2 71.20715 2.737 0.86 -25.6 3.8 163
1048.5 3748.3 19.01069 2.619 0.64 -38.7 3.9 139
4031.1 3762.1 91.57703 4.383 0.67 31.2 3 207
3822.2 3626.3 16.71715 2.282 0.32 -36.4 3.8 175
3153.8 3550.1 8.87511 0.427 0.41 -51.7 4.5 91
1243.7 3763.5 4.53243 0.006 0.07 75.0 4.5 37
2815.7 3602.4 9.23752 0.988 0.12 47.9 2.6 113
363.1 3585.5 38.82074 2.647 0.83 -12.3 2.3 91
135.6 3727.2 17.32321 14.260 0.28 -65.9 4.5 489
3015.8 3677.0 94.56127 66.557 0.74 -61.3 4.5 833
2586.8 3734.2 84.29850 5.107 0.88 -78.8 4.5 301
2213.0 3710.9 50.49685 6.566 0.83 -61.4 4.5 287
922.7 3730.5 5.32853 0.580 0.28 -53.0 4.5 131
1739.1 3620.9 23.08871 1.829 0.77 18.6 2.7 79
1594.2 3703.6 27.28795 4.239 0.66 -45.2 3.6 183
3133.7 3681.1 6.72375 0.853 0.11 -80.7 4.5 181
1367.1 3602.4 237.92990 7.076 0.80 52.3 4 387
3488.5 3662.7 21.90228 1.413 0.44 89.4 2.9 97
2677.9 3486.4 17.65327 13.306 0.48 68.9 4.5 379
1562.9 3594.9 115.30100 6.467 0.76 -32.4 4.1 323
515.3 3653.7 30.17925 2.830 0.63 82.3 1.9 89
2721.0 3646.3 51.04812 5.501 0.85 30.9 4.5 303
1299.3 3652.3 5.54385 0.355 0.07 53.3 4.3 115
2917.1 3647.6 4.20873 0.009 0.03 55.6 3.6 13
3384.3 3631.6 24.85063 18.581 0.46 78.6 4.5 471
2031.5 3667.4 155.76610 5.004 0.63 -81.2 4.5 359
3394.3 3670.4 311.39240 5.974 0.89 -82.0 3.5 319
3371.9 3369.7 526.49460 7.366 0.64 76.8 4.1 543
2254.1 3563.6 12.76225 1.651 0.39 -59.1 4.5 167
897.0 3590.8 14.27706 2.386 0.89 -63.5 1.5 51
1649.9 3531.0 75.80611 3.392 0.87 -64.7 2.5 125
4052.6 3459.9 18.79811 2.264 0.78 15.7 1.2 43
686.5 3404.5 26.82511 3.377 0.77 -40.5 2.6 117
1173.6 3570.9 107.74670 4.334 0.82 -11.7 3.2 201
246.4 3603.3 37.61250 16.224 0.67 44.5 4.5 455
20.1 3958.0 4.80552 0.118 0.05 -63.3 3 45
33.2 3468.9 10.66534 2.145 0.80 -36.5 0.5 21
1504.6 3883.6 14.92989 2.320 0.74 -26.0 2 67
331.6 3721.5 21.52659 3.355 0.41 -38.9 4.5 223
1434.9 3576.5 168.56270 4.738 0.83 -26.1 3.7 265
3434.7 3588.5 17.08261 1.769 0.59 52.6 4.5 185
1879.4 3550.8 22.38174 4.086 0.63 -4.2 4.5 217
3240.5 3968.2 46.98171 5.170 0.61 -26.5 4.2 263
1712.3 3468.3 146.78660 5.234 0.85 54.0 3.4 251
2529.4 3517.4 27.79154 2.104 0.86 -78.0 1.4 47
773.8 3386.5 42.07998 20.759 0.69 86.2 4.5 473
2386.9 3912.5 387.49260 7.260 0.83 36.9 3.3 369
58.2 3988.5 18.78040 3.904 0.29 -79.9 4.5 357
3656.2 3487.7 55.14415 3.534 0.57 -20.8 3.4 199
2016.5 3523.2 26.94753 4.580 0.65 -84.0 4.5 235
2888.5 3889.4 23.60008 2.450 0.90 -24.4 1.1 41
2196.6 3478.4 21.54265 4.296 0.34 56.1 2.3 177
3113.1 3099.8 12.90850 2.626 0.90 -69.1 0.9 35
2204.2 3406.4 13.73071 1.505 0.96 64.3 2.4 53
3368.8 3504.1 24.56023 2.188 0.59 14.9 3.2 121
2880.7 4077.0 5.56737 0.926 0.19 -32.8 2 61
3707.5 3507.0 37.71989 12.285 0.56 -32.5 4.5 411
787.3 3472.1 7.54308 1.023 0.08 -1.4 2.7 139
2209.5 3799.7 53.80593 2.967 0.98 -37.2 3.5 141
3866.9 3497.3 45.42485 4.629 0.86 -44.8 2.8 157
841.0 3779.5 8.84133 4.141 0.43 43.2 1.3 89
732.7 3386.3 15.06715 3.006 0.25 -52.0 4.5 277
2552.2 4070.9 6.51178 1.570 0.46 -84.7 4.5 143
2111.5 3475.1 13.98089 3.510 0.41 -55.0 4.5 257
1527.3 3402.3 118.91170 4.347 0.77 -3.2 2.8 193
1709.4 3363.5 18.23168 2.265 0.65 -81.7 3.6 119
2877.3 3300.9 58.59875 3.669 0.96 -53.0 3.3 157
422.1 3408.6 27.53197 2.503 0.83 30.3 1.4 53
572.1 3389.4 39.61155 5.151 0.62 -8.6 4.5 263
2053.6 3107.6 34.46748 8.009 0.22 -10.4 4.5 579
3071.8 3374.4 102.75200 3.803 0.74 35.5 2.9 179
1203.2 3330.9 23.44996 3.501 0.39 41.3 2.7 165
3551.2 3377.2 93.73929 3.420 0.65 37.9 2.3 145
105.8 3338.3 38.69915 2.490 0.88 -78.6 2.2 83
385.9 3332.2 57.90223 45.837 0.44 -64.8 4.5 813
1784.1 3262.1 78.30591 6.385 0.49 -86.6 4.5 437
2193.3 3272.6 59.49406 2.454 0.87 -4.9 2.6 103
1016.9 3441.9 61.27637 9.262 0.61 51.7 4.5 407
1776.6 3292.6 58.39376 3.458 0.70 -68.7 4.5 273
3533.8 3326.2 38.33813 24.454 0.25 -47.2 4.5 809
690.5 3378.0 17.25618 10.294 0.46 -69.5 4.5 367
2825.2 3325.3 12.20043 3.235 0.61 -26.2 0.3 25
4097.2 3346.3 175.09790 7.490 0.52 67.1 4.3 479
305.4 3395.6 41.65233 2.519 0.75 -32.4 2.7 109
981.0 3197.0 8.72659 2.205 0.16 26.9 2.8 167
564.4 3322.0 6.25082 1.564 0.53 28.8 2 55
532.0 3326.3 18.87138 2.177 0.61 -63.6 2.7 97
538.3 3194.7 47.84783 30.870 0.88 -31.0 4.5 491
3298.2 3313.4 20.18163 2.143 0.83 -64.3 1.7 55
3388.7 3281.7 245.84960 5.005 0.85 51.0 3.6 285
2929.5 3287.4 16.48386 2.352 0.77 -64.7 3.2 101
1296.1 3309.3 17.59298 2.805 0.83 -15.2 2.8 99
3128.5 3307.1 50.14178 17.536 0.22 -29.1 4.2 771
2957.9 3252.3 30.66787 3.205 1.00 -57.7 1.6 67
3583.7 3250.2 15.07963 2.102 0.70 48.0 1.8 59
2343.9 3284.8 12.66462 3.173 0.65 88.9 1.6 75
1078.0 3696.1 110.84930 8.186 0.68 -5.7 4.5 423
622.3 3300.1 19.64584 3.361 0.53 -26.1 3.3 157
2873.9 3259.4 192.36140 5.195 0.93 56.0 3.7 271
1199.7 3867.4 12.26190 1.736 0.57 74.1 1.2 39
4165.2 3224.9 14.08239 2.031 0.30 3.5 3.5 153
924.8 3330.6 83.29589 5.689 0.59 -14.3 3.4 279
3322.5 3835.0 422.60650 6.222 0.66 -67.7 3.6 413
178.0 3355.6 53.60538 22.361 0.56 -55.9 4.5 603
1732.4 3258.9 52.98047 10.390 0.31 6.8 4.4 543
254.7 3283.8 13.35436 1.537 0.53 35.0 2.3 67
1670.5 3239.6 15.47618 5.304 0.45 58.1 4.5 295
2787.7 3491.0 8.55140 3.036 0.91 83.5 3.6 99
804.2 3871.4 38.54095 6.487 0.94 -14.9 4.5 297
141.2 3832.7 8.09431 1.631 0.26 77.7 2.3 93
1129.5 3166.3 9.59352 0.988 0.22 4.8 4.5 195
1298.0 3248.5 61.12192 6.881 0.77 -54.7 4.5 331
512.4 3918.6 13.72134 1.441 0.31 -73.6 4.1 143
787.3 3894.4 94.25665 38.860 0.63 -29.9 4.5 799
550.9 3585.3 23.69631 2.643 0.89 47.3 1.6 59
1932.9 3220.7 87.38632 4.110 0.80 -81.3 2.8 171
430.3 3125.4 14.83422 4.394 0.47 71.2 4.5 251
3669.3 3232.5 50.12819 13.066 0.60 32.4 4.5 497
3220.1 3199.0 14.52168 2.785 0.91 37.8 1.1 43
3862.2 3910.2 9.93824 2.006 0.14 80.0 3.4 199
3476.9 3219.8 10.57412 1.260 0.16 -22.6 2.6 115
1841.1 3193.1 15.84724 1.713 0.67 -83.6 2.8 79
3779.9 3222.4 537.41270 6.530 0.75 -45.0 3.7 435
342.9 3621.3 28.62350 2.777 0.85 -19.9 4.5 211
2840.1 3891.8 4.17528 0.035 0.15 50.7 1.8 7
625.2 3725.8 42.22389 13.551 0.59 -42.5 4.5 479
3181.6 3104.6 8.43197 1.437 0.79 41.7 2.1 47
3510.3 3931.1 44.41789 2.920 0.69 -1.4 4.3 189
3289.2 3161.0 53.36081 12.977 0.57 -32.1 4.5 525
356.0 3937.4 26.13413 11.470 0.25 -42.2 4.5 557
1585.8 3120.0 52.85519 2.636 0.93 37.8 3.9 149
786.2 3136.6 59.26213 3.773 0.56 -34.0 3 191
1437.1 4063.5 2358.02500 9.559 0.89 20.9 3.5 623
1101.2 3859.8 12.32467 1.882 0.15 -63.7 4.5 299
3788.2 3909.6 33.75289 2.935 0.69 32.1 3.1 135
2663.4 3825.6 30.58054 2.794 0.70 -26.2 3.2 133
2423.3 3121.6 56.20729 2.586 0.77 -11.0 1.9 85
3415.0 3125.0 6.14944 2.557 0.48 -81.9 0.7 35
54.4 3118.9 19.20214 2.642 0.23 -35.4 4.5 309
2443.3 3943.1 5.57951 0.655 0.21 64.3 4.3 97
1346.9 3443.6 32.04504 5.603 0.57 -33.5 2.8 201
2519.5 3894.9 7.43434 0.035 0.01 27.5 4.5 115
3928.0 3879.1 881.35170 7.057 0.77 -14.2 4.1 537
286.0 3108.5 26.23431 2.724 0.45 18.8 4 189
2491.7 4059.7 10.48149 1.214 0.29 -42.5 1.1 39
1786.2 3904.8 15.51387 2.251 0.46 -67.1 1.5 67
3049.5 3948.6 347.12040 8.667 0.76 -86.0 4 485
1858.9 3909.2 22.31614 1.995 0.44 11.8 4.5 191
166.6 3954.8 111.18640 23.557 0.67 -52.9 4.5 749
2486.5 3999.0 19.84990 1.572 0.62 8.3 4.5 161
2036.3 3910.2 24.84795 21.792 0.58 -88.2 4.5 439
2577.0 3363.8 7.56690 1.678 0.12 -18.6 0.8 53
2015.6 4050.6 226.23210 6.674 0.77 -48.2 4.5 435
299.6 3783.6 57.08560 5.327 0.58 68.0 3.7 265
3554.9 3901.9 81.68820 3.140 0.86 58.6 4.5 219
1308.5 3731.7 25.46481 26.846 0.51 69.5 4.5 489
1733.4 3855.7 465.25250 6.215 0.98 -57.0 3.5 333
1972.5 4085.5 14.93288 3.232 0.33 -6.4 4.5 253
264.0 3912.2 39.90071 6.335 0.88 20.3 2.5 169
1533.8 4015.5 28.95065 35.589 0.78 9.5 4.5 437
3561.9 3926.1 56.91162 30.118 0.41 69.6 4.5 771
3260.2 4026.1 8.78915 1.645 0.36 19.8 4.5 189
1368.9 3921.4 26.58268 3.211 0.58 -29.7 3.8 173
2081.6 3975.4 39.78170 3.299 0.75 47.2 3 141
4044.2 4007.7 6.57213 0.196 0.01 -63.6 0.7 23
1659.9 4047.9 7.36350 0.755 0.03 -26.2 4.5 381
1227.1 3972.8 563.33370 6.318 0.80 -3.8 3.5 395
594.9 4082.6 8.88935 3.252 0.66 -71.5 0.9 45
2246.3 4018.4 10.86534 2.796 0.56 18.9 2.3 93
2863.9 3925.6 10.31328 1.699 0.62 -54.9 1.9 53
2270.3 3990.0 14.43565 4.316 0.39 2.2 4.5 263
1902.8 3912.1 49.90137 21.089 0.96 -67.2 4.5 445
126.8 3906.4 5.97914 2.464 0.34 15.4 0.4 29
1933.7 3988.8 14.25423 2.971 0.43 -15.5 2.8 135
1872.3 3879.8 40.23803 2.498 0.73 -68.1 1.9 79
616.9 3976.2 111.85130 6.115 0.72 -28.1 4.5 347
59.5 3965.2 18.98953 8.829 0.48 77.9 4.5 305
3127.7 3885.0 7.82169 1.842 0.35 89.5 1.1 47
