1918.0 52.7 331.46050 5.938 0.78 -61.9 4.1 395
1681.4 47.2 70.78696 3.169 0.91 -25.8 4.5 249
123.4 29.8 107.50950 8.818 0.61 69.6 4.5 555
641.3 10.9 8.03088 2.546 0.52 74.3 0.6 33
3323.0 8.6 18.71795 8.503 0.78 -62.7 4.5 261
1797.3 29.3 19.05519 5.157 0.81 58.1 4.5 203
3153.6 41.6 26.76064 2.650 0.72 57.0 2.8 109
973.6 37.5 61.39223 34.286 0.57 -34.8 4.5 677
2405.6 44.6 10.40020 1.558 0.70 -14.9 1.7 43
3824.5 35.9 7.61362 2.289 0.66 19.4 2.2 69
1409.9 56.8 39.69554 3.797 0.64 -34.7 3.7 193
2921.3 74.9 43.79981 2.627 0.70 -6.0 4.5 181
424.7 166.0 852.48410 12.086 0.76 -39.5 4.5 857
2105.9 90.7 54.94457 8.241 0.56 57.5 1.5 179
1191.2 129.5 245.50610 5.293 0.88 82.2 3.6 293
1546.8 62.2 3.57627 0.711 0.43 -28.7 3.3 51
3325.9 78.9 13.61062 1.908 0.72 -31.9 2.5 71
3260.3 117.0 122.55800 4.564 0.82 -27.3 2.1 147
734.0 90.9 37.03992 6.646 0.34 -7.1 4.5 399
245.8 95.7 17.68331 1.989 0.63 -73.1 3.5 111
2672.9 106.6 22.18887 3.667 0.62 72.8 2.7 137
550.3 112.3 52.26514 5.001 0.68 7.4 4.5 375
2013.5 111.2 46.19583 5.651 0.60 39.8 4.4 285
2573.3 103.6 7.75924 1.163 0.73 -18.0 4.5 121
1583.7 117.8 19.74708 3.575 0.64 -29.3 1.7 89
123.7 133.5 52.20373 2.306 0.84 -12.4 4.2 153
1437.5 110.4 5.80411 0.373 0.13 -54.6 4.5 119
864.0 127.6 55.55140 11.719 0.72 -67.3 4.5 431
170.6 119.8 13.60486 2.485 0.79 9.3 0.9 37
3372.7 135.5 22.26338 4.652 0.64 -87.7 3.3 173
2027.1 149.2 52.19661 4.598 1.00 37.9 4.5 275
1694.4 135.9 12.20142 1.525 0.82 14.2 4 87
56.0 132.9 6.79774 1.061 0.51 20.3 2.7 55
3382.0 178.6 156.13720 5.775 0.94 -74.1 3.6 267
2043.1 360.9 2918.41600 7.602 0.94 15.5 4 641
1045.4 169.2 17.55462 3.304 0.71 -68.4 3.6 139
3798.0 187.4 96.17592 4.120 0.66 -20.1 3.7 245
244.1 173.7 24.82308 2.707 0.84 2.5 4.3 143
4113.3 182.4 19.84757 2.526 0.60 -82.9 3.3 127
3193.0 178.1 35.30767 15.760 0.65 42.1 4.5 445
2748.7 164.9 7.09383 1.634 0.89 20.0 4.5 93
4071.3 197.2 42.10085 3.054 0.82 -23.2 2.6 113
1247.0 202.6 58.08120 2.634 0.72 11.4 4.5 213
3114.5 198.4 33.03852 3.754 0.73 -55.1 4.5 231
1453.2 187.4 8.63168 1.065 0.24 41.6 4.5 195
387.5 454.2 7605.27000 10.926 0.56 -41.2 4.1 1287
1939.9 212.2 20.49281 2.230 0.77 -80.3 1 35
2524.0 196.2 9.87671 4.125 0.73 -74.2 4.5 157
2937.1 222.4 76.79709 6.675 0.82 -43.0 3.6 263
1331.0 212.8 12.21107 1.829 0.72 3.3 1.1 35
3592.2 213.3 11.73515 2.088 0.47 51.6 4.3 137
311.6 263.3 191.46880 5.485 0.86 36.8 4.5 365
1852.3 229.0 10.34810 1.624 0.40 70.0 3.1 101
941.0 237.5 24.93120 5.640 0.67 -88.5 4.5 301
1035.5 229.6 11.11016 4.456 0.30 62.6 4.5 287
367.8 254.7 58.54578 3.356 0.33 17.4 4.5 385
758.6 234.1 21.35966 17.316 0.59 79.7 4.5 381
2915.9 249.8 21.50323 8.402 0.52 -53.1 4.5 349
3320.7 261.9 41.26483 6.195 0.64 25.5 4.5 305
2753.7 272.6 44.02678 3.685 1.00 2.7 4.1 169
1434.1 248.1 8.06618 2.681 0.80 -21.1 4.5 153
941.5 266.1 53.77137 14.797 0.72 -26.6 4.5 473
3268.1 251.5 7.86191 1.947 0.12 32.4 4.5 303
1967.4 324.4 457.67400 6.803 0.93 -36.4 4 413
677.0 257.1 11.19948 5.366 0.76 65.7 4.5 209
389.2 271.3 52.68145 12.728 0.53 38.1 4.5 547
1589.6 289.1 61.96876 3.137 0.78 51.8 4.5 237
511.8 261.0 16.56043 7.202 0.46 -78.8 2.3 199
1348.5 287.2 53.03791 2.593 0.89 -48.3 4.4 167
2881.6 263.3 12.53320 5.769 0.74 77.9 4.5 221
200.4 395.6 1379.28500 9.748 0.83 86.3 4.4 739
1669.1 276.2 18.07000 3.103 0.79 44.9 4.5 149
3940.3 286.6 40.27950 2.854 0.83 13.5 2.5 105
2830.8 269.9 9.50267 1.339 0.33 -27.2 4.5 177
1754.9 285.9 20.25710 2.914 0.67 85.2 4.5 173
3502.7 419.1 1510.23600 7.734 0.90 85.7 3.7 533
275.9 293.3 19.56875 1.867 0.34 72.8 2.5 111
1245.9 283.3 13.03794 1.638 0.49 31.6 1.7 55
694.6 321.7 148.77330 6.276 0.56 27.0 4.4 417
64.4 297.3 27.02111 2.120 0.69 -11.2 4.5 179
3588.3 309.2 42.88356 4.992 0.80 -83.3 4.5 249
1395.7 296.7 10.89206 1.781 0.43 47.7 4.5 171
480.6 297.3 14.95556 6.112 0.88 -9.3 4.5 195
3991.3 322.8 56.57599 3.816 0.86 -0.8 2.9 149
892.9 296.4 5.94644 0.544 0.09 44.5 4.5 159
2976.8 380.8 462.11370 7.945 0.85 -46.4 3.8 443
2817.8 303.8 10.23229 2.433 0.84 74.4 2.1 65
925.8 300.6 9.45165 4.010 0.49 -58.1 0.3 33
2860.3 305.8 5.60083 0.813 0.45 -2.7 3.1 55
2727.7 331.6 52.68081 2.821 0.76 81.6 2.6 115
4166.0 311.5 10.35232 3.779 0.25 -55.9 4.5 283
3163.7 376.8 210.10380 7.728 0.56 -51.2 4 469
2965.4 337.3 67.52269 34.401 0.79 66.8 4.5 607
1705.3 443.2 1220.75000 7.945 0.99 83.1 4.4 585
2324.3 345.5 21.36643 2.639 0.79 -76.8 1.3 53
1339.3 343.3 15.37244 2.413 0.55 -0.7 1.9 77
1616.8 333.7 8.70001 0.658 0.08 62.1 4.5 277
3902.8 343.1 10.61651 2.665 0.62 26.1 1.5 59
274.2 428.7 300.79100 5.626 0.81 -71.9 3.8 343
4051.9 380.5 76.98964 14.293 0.70 -54.2 4.5 565
2554.3 376.9 33.22872 3.353 0.55 44.7 4.5 253
2358.7 357.0 11.84550 6.585 0.16 53.0 4.5 463
4131.0 370.0 8.91023 1.150 0.41 12.9 3.1 79
1241.7 385.6 32.34621 9.129 0.41 -60.0 4.5 429
1413.1 393.0 37.19202 4.177 0.27 31.3 2.9 259
1066.8 395.6 40.73375 2.653 0.58 -60.1 3.8 173
295.5 392.0 16.65619 0.839 0.72 -50.5 4.5 135
2089.2 724.9 4222.98000 10.582 0.52 -49.4 3.7 1055
4034.4 406.7 23.18554 2.468 0.51 5.4 2.8 123
2734.0 414.8 17.35515 1.994 0.91 -82.6 2.7 73
1884.8 421.6 21.41789 2.160 0.52 5.4 2.6 103
2283.2 409.2 5.39471 1.786 0.69 -52.8 1.5 41
3465.0 451.7 192.02200 41.134 0.85 87.4 4.5 927
636.4 421.4 8.89631 2.549 0.66 -33.1 4.5 131
2551.6 510.6 141.78920 6.828 0.58 -73.3 3.7 371
1618.1 445.5 11.97681 1.981 0.55 -10.7 1.6 57
4151.0 454.3 30.36288 12.603 0.70 24.8 4.5 387
1481.3 454.5 17.18453 1.458 0.65 64.2 4.2 107
2253.9 439.8 5.63551 1.075 0.19 -1.8 2.3 75
2505.5 456.8 9.94418 1.897 0.70 2.4 1.3 41
1990.9 475.4 38.89543 3.534 0.36 -16.2 4.5 305
3076.8 458.0 16.16959 22.190 0.42 16.3 4.5 433
4086.7 489.5 21.35629 3.430 0.77 75.0 1.9 87
119.0 625.3 265.58490 8.370 0.59 -11.3 3.9 495
2456.8 487.3 8.66325 1.498 0.39 -55.4 2.3 71
1839.7 576.7 661.28400 5.736 0.95 -17.9 4.1 405
2152.6 514.0 39.36443 2.512 0.99 35.8 2.8 99
1747.7 542.1 156.78200 4.458 0.95 -1.8 4.2 265
559.6 508.9 21.40697 5.360 0.49 -90.0 2.4 171
3174.4 522.7 32.50762 5.715 0.49 -34.9 4.5 387
866.4 514.0 8.50826 0.925 0.68 -31.0 4.5 95
3982.4 509.2 9.30987 3.521 0.83 43.8 0.7 37
3292.3 532.6 39.39097 3.462 0.61 -9.7 3.2 167
1206.1 526.1 29.92215 14.508 0.84 40.8 4.5 359
815.2 518.6 6.35541 0.656 0.45 -32.9 4.5 101
2663.1 529.2 13.80814 2.944 0.72 66.0 3.2 113
4139.3 581.4 121.28850 5.696 0.58 -84.4 3.5 315
249.2 543.5 14.11874 2.449 0.56 -56.1 4.5 157
501.8 562.5 53.83625 9.928 0.79 33.6 4.5 373
1015.2 572.1 74.73597 4.826 0.48 60.5 4.5 363
61.4 545.7 42.53939 21.086 0.42 21.5 4.5 595
2091.4 564.7 46.78019 2.729 1.00 -57.1 4.5 171
2327.8 596.3 148.21680 6.149 0.96 44.7 4.2 307
1438.7 577.4 80.54926 3.886 0.90 11.9 4 207
3637.7 561.2 65.21149 33.727 0.40 88.4 4.5 837
1889.8 627.5 413.99560 5.670 0.99 4.4 3.8 333
3357.9 577.1 54.55906 3.304 0.60 -48.3 4 213
3406.0 565.2 21.13778 2.531 0.51 -36.9 2.8 123
760.1 568.5 17.70331 1.905 0.71 19.0 2.7 81
1497.2 585.1 47.19127 3.120 0.72 -40.3 4 183
1978.6 574.3 14.45402 4.651 0.44 -61.3 0.4 45
82.9 573.9 13.54859 1.317 0.81 52.6 4.5 111
3570.1 683.6 308.90090 6.992 0.62 28.3 4.2 481
1050.6 583.1 37.73546 3.875 0.78 81.1 4.5 273
4023.1 599.1 83.81123 14.070 0.66 -19.9 4.5 587
3148.2 588.5 44.16677 11.452 0.58 -16.4 4.5 455
941.9 608.1 33.06050 2.263 0.78 57.0 3 107
3791.3 583.2 7.30567 3.167 0.46 -82.5 1.1 61
539.0 594.9 13.81306 4.302 0.43 -76.4 4.5 245
2650.3 589.8 5.63759 1.019 0.92 81.8 4.2 57
4111.6 638.1 110.00550 5.730 0.87 87.2 4.1 285
261.6 664.6 278.79500 5.180 0.67 -62.4 4.5 415
1319.6 603.3 25.20524 22.607 0.63 50.8 4.5 425
2814.2 644.4 109.23550 5.466 0.62 -34.7 2.2 193
1732.9 617.3 71.02711 56.292 0.91 -32.7 4.5 627
3401.6 616.5 4.24138 0.372 0.37 67.9 1.4 15
521.1 635.5 25.88829 2.683 0.65 -67.9 4.1 157
1624.7 642.8 36.86409 4.603 0.38 -46.7 2.3 195
3707.8 618.6 15.46603 7.344 0.46 -10.2 3.4 243
676.3 651.4 52.04114 3.107 0.71 -39.5 4.5 307
2725.5 656.5 93.46587 5.770 0.62 22.9 3.4 279
2891.7 630.9 9.93985 2.771 0.51 -71.8 1.2 59
2589.0 670.1 80.20818 4.292 0.89 41.1 3.4 195
354.1 629.3 7.61455 2.560 0.56 27.3 4.5 173
2387.7 645.3 14.91251 2.851 0.70 8.6 1.4 59
3395.5 774.3 1250.39600 8.077 0.86 72.5 3.6 533
334.5 667.0 43.15884 2.334 0.66 -83.9 3.2 131
2507.2 637.8 9.94233 2.972 0.30 -46.4 2.1 119
430.3 678.5 81.07337 4.550 0.90 56.9 3.7 215
165.8 681.6 73.78048 2.472 0.80 74.0 4.5 197
4123.6 674.7 45.48587 9.681 0.75 -87.0 4.5 385
1274.3 673.3 26.19525 3.524 0.57 -40.5 3.6 177
3530.5 675.0 40.72060 37.837 0.48 -13.4 4.5 651
1432.4 703.7 37.99226 6.770 0.32 -80.6 1.7 217
3075.3 697.5 37.13829 5.521 0.47 68.1 4.1 287
2723.4 697.5 48.69967 4.544 0.70 -88.5 4.5 267
1799.6 707.1 12.10857 2.005 0.86 24.9 1.4 39
1832.7 714.2 30.29733 2.655 0.53 52.0 2.5 121
575.3 737.2 151.83040 12.319 0.62 48.5 4.5 697
551.9 721.0 39.28563 7.108 0.77 -23.7 4.5 335
4059.6 739.2 24.06520 5.188 0.70 86.1 4.1 205
3071.1 747.1 18.73571 3.359 0.70 -80.0 4.5 199
2829.6 756.0 44.65356 2.114 0.86 24.5 3.2 111
1655.6 740.9 13.97576 4.797 0.74 -62.8 0.5 43
2327.8 768.1 67.89686 2.426 0.89 -46.3 3.7 143
2623.9 751.4 17.57908 2.783 0.47 -75.8 4.2 173
2874.6 752.6 14.35736 2.874 0.52 -10.4 1.2 61
3895.2 760.9 23.30867 4.316 0.67 -11.9 2.9 151
3176.9 756.6 15.87072 3.533 0.64 23.5 1.5 77
114.8 768.9 15.13341 1.694 0.59 85.8 3.1 91
3070.1 777.0 43.95045 5.482 0.68 -72.9 4.5 325
374.0 883.2 2085.72900 7.522 0.86 -16.8 4.5 711
715.7 797.6 93.48927 7.612 0.57 44.0 4.5 421
2257.0 783.7 19.59557 5.355 0.64 7.1 4.5 245
1498.9 790.5 37.69368 9.221 0.51 -89.3 4.5 405
126.7 859.1 466.45760 8.749 0.96 -61.0 4.5 549
2371.0 785.8 9.44792 2.051 0.92 -50.3 2 53
2968.9 818.7 32.74830 3.555 0.90 -1.5 2.7 121
3017.2 809.2 21.59397 6.906 0.68 -3.7 2.1 157
2482.2 810.2 11.87133 2.080 0.75 -28.7 1.9 57
263.7 827.3 24.32330 2.850 0.49 -89.3 1.6 85
509.9 804.2 5.76940 0.912 0.15 -3.8 1.4 49
1729.5 821.0 17.07877 9.044 0.09 -59.5 4.5 781
1433.0 816.7 8.39905 2.346 0.47 41.4 4.5 185
2460.3 1071.5 5505.26000 10.449 0.82 -2.0 3.7 877
1713.5 848.5 20.09491 6.613 0.24 59.8 2.7 299
3837.6 825.3 7.30870 1.568 0.61 -64.2 1.5 39
3127.1 842.7 14.92851 3.268 0.84 88.8 0.7 37
1473.2 839.5 20.09488 4.107 0.83 -29.1 3.4 143
3678.5 832.2 6.40110 1.526 0.39 -1.1 4.5 161
30.2 869.5 85.85651 6.109 0.82 27.5 4.5 311
1041.2 923.9 474.98680 7.378 0.88 78.1 4.1 453
2921.6 869.5 45.17078 5.231 0.52 -69.3 4.5 415
599.1 947.5 755.41640 8.397 0.64 -29.1 4.5 697
2163.4 874.8 22.03829 5.170 0.60 84.1 4.5 247
697.8 882.6 26.21252 2.761 0.78 -36.1 3.9 141
2792.0 890.5 56.29390 2.630 0.96 21.8 3.9 147
906.2 863.0 16.37901 8.050 0.41 1.4 4.5 341
2543.3 870.3 10.26038 1.890 0.43 14.8 4.5 169
1633.7 896.9 41.53004 4.009 0.71 -51.1 4.5 247
1227.6 882.5 22.31825 4.993 0.39 5.6 2.3 181
426.6 916.6 235.58880 26.024 0.77 53.6 4.5 959
3068.4 883.6 10.42892 2.344 0.40 18.2 4.5 167
2103.5 890.7 16.64828 4.455 0.63 88.0 4.5 243
785.2 902.5 24.53590 6.433 0.82 49.5 4.5 253
2761.6 890.2 10.58860 6.726 0.49 20.9 4.5 251
2840.4 923.9 35.72436 4.752 0.51 37.9 3.7 235
4048.2 902.6 13.54109 2.534 0.33 -69.6 4.5 205
4049.6 1095.0 3717.09700 8.215 0.65 -51.1 3.7 775
3870.9 919.8 32.88482 4.442 0.68 -72.2 2.4 141
4196.4 912.8 9.81699 1.583 0.32 -87.8 3.2 111
3337.2 915.5 25.84468 15.383 0.45 -54.3 4.5 471
3324.2 954.6 98.58244 4.736 0.84 -38.1 2.9 193
943.2 935.0 20.82001 2.188 0.70 -49.6 2.2 77
1175.5 957.9 21.15570 3.088 0.80 83.3 2.2 91
533.5 942.8 54.20345 35.316 0.45 44.6 3.9 707
172.6 948.1 11.36699 2.019 0.64 -59.1 4.5 157
1855.5 1020.3 218.84520 7.217 0.53 -78.5 3.8 453
519.7 961.9 30.43923 5.033 0.46 -18.6 4.5 371
4166.8 996.9 58.47891 4.258 0.87 -50.3 2.6 147
1921.8 964.8 10.89833 2.772 0.11 -9.2 3.5 283
441.1 984.7 6.41836 0.758 0.98 3.2 4.5 75
986.4 1045.2 177.11150 9.742 0.76 -62.9 4.5 515
3428.0 1005.3 28.23850 2.179 0.90 79.9 2 65
1471.3 1175.0 4216.63100 7.783 0.83 39.7 3.9 731
397.3 994.2 6.23158 1.690 0.42 39.9 1.6 53
1568.4 1003.3 13.03796 5.093 0.17 36.9 4.5 445
757.4 1036.7 70.20098 5.473 0.80 19.7 4.5 289
1739.6 1014.4 21.35035 2.569 0.50 15.5 2.9 129
992.8 1017.8 56.57996 21.045 0.82 89.9 4.5 497
3501.4 1031.6 19.92161 2.915 0.53 30.3 3 135
2007.9 1034.8 14.86248 5.477 0.52 70.9 4.5 265
62.1 1037.2 10.24117 1.382 0.36 -0.4 4.5 189
2977.0 1062.8 61.43076 3.077 0.93 53.0 2.4 107
3626.7 1038.0 8.58269 2.531 0.12 53.2 4.5 383
509.9 1046.5 10.21464 1.340 0.20 79.2 2 83
11.6 1074.9 85.27927 3.861 0.79 -60.1 4.5 357
3254.6 1076.7 79.10065 4.629 0.90 -48.9 4.5 297
471.4 1066.2 49.00521 5.537 0.54 25.8 4.5 321
930.5 1070.5 17.16093 1.732 0.52 -77.1 1.9 65
891.5 1074.2 29.46743 3.589 0.63 39.4 2.3 121
2906.3 1063.5 13.86321 3.155 0.69 84.3 4.5 161
3626.8 1078.3 16.87987 2.625 0.84 -29.3 4.5 149
487.7 1073.0 28.22569 8.238 0.41 20.8 0.3 71
2346.1 1160.7 326.85760 7.243 0.90 49.9 3.8 381
3986.1 1200.8 1205.47800 7.650 0.86 70.9 3.6 507
2641.4 1105.6 28.37444 4.525 0.46 16.0 4.5 321
113.7 1117.6 44.23832 5.552 0.83 0.1 4.5 319
3617.2 1162.5 175.83370 5.542 0.61 -58.4 3.3 309
885.6 1116.0 13.35413 4.625 0.30 -84.0 4.5 323
770.3 1132.6 17.18759 2.334 0.80 -4.8 1.9 65
3931.8 1138.8 27.17392 2.553 0.89 -60.7 1.2 45
1009.0 1141.4 8.61898 1.783 0.22 35.8 4.5 179
2158.5 1165.5 57.33328 2.908 0.78 -39.4 2.1 99
2598.1 1221.9 419.27580 5.219 0.82 -25.3 3.7 343
1624.0 1150.0 9.39300 3.485 0.40 -21.9 3.3 157
2829.0 1161.7 25.12310 2.777 0.74 81.3 3.3 127
3161.1 1150.9 12.53091 3.362 0.62 9.4 4.5 207
881.1 1159.4 18.09007 2.071 0.66 -21.0 4.5 151
843.2 1161.5 13.25430 6.213 0.41 -78.3 4.5 309
2249.7 1169.1 6.65304 1.937 0.97 2.3 1.3 33
322.8 1182.8 16.90027 2.293 0.57 -77.4 4.5 183
2865.5 1181.9 20.99159 7.691 0.40 33.6 4.5 387
3430.7 1201.2 17.51265 2.341 0.38 5.1 4.5 195
632.4 1219.1 89.06273 5.675 0.96 -42.6 4.5 351
284.6 1210.7 23.31002 3.401 0.68 72.5 1.7 83
2788.4 1197.2 5.63810 1.264 0.66 5.9 1.2 27
3217.9 1223.8 63.97607 10.778 0.59 -37.2 4.5 539
454.5 1244.4 58.55185 4.675 0.99 57.6 4.5 257
2400.2 1238.7 34.00573 5.391 0.56 7.8 4.4 265
569.4 1289.9 168.90170 12.126 0.58 -77.1 4.5 663
740.2 1232.2 8.61565 2.729 0.19 -36.5 3.5 197
3586.3 1277.0 86.58257 14.332 0.77 86.0 4.5 563
84.0 1260.7 19.01271 2.334 0.48 -9.8 4.5 211
2609.3 1274.3 47.37651 3.900 0.67 5.3 4.5 275
312.9 1281.4 28.23242 2.890 0.65 12.9 4.5 203
4165.5 1280.1 17.21769 2.328 0.91 78.2 1.8 57
3466.2 1283.7 27.83949 2.315 0.77 -9.3 2.3 81
2321.0 1282.8 16.73748 2.883 0.43 -73.3 4.5 237
3116.9 1316.2 70.86086 3.720 0.79 -48.4 4.1 215
1097.6 1282.0 8.50834 0.932 0.22 -27.2 4.5 205
1675.7 1334.6 169.89560 6.863 0.69 -4.1 4.5 447
963.1 1285.2 9.98660 2.847 0.85 -64.8 0.8 35
1551.2 1287.5 17.30127 13.643 0.39 59.4 4.5 423
3576.9 1306.3 50.78264 13.727 0.81 -30.0 4.5 423
3327.8 1295.1 6.54613 1.913 0.69 -42.7 0.6 21
2269.5 1305.6 8.38130 2.655 0.41 14.2 1.7 79
3281.5 1341.6 58.61193 5.860 0.88 -40.7 3.9 235
2292.5 1327.2 17.13030 3.500 0.52 -52.8 1.8 103
58.9 1320.4 12.81645 3.613 0.72 45.0 4.5 197
892.0 1344.4 85.20857 15.686 0.50 -59.4 4.5 709
592.4 1346.9 63.27489 4.728 0.73 -84.2 4.5 335
1340.4 1353.8 56.18464 2.458 0.55 -6.4 4.5 255
3661.6 1339.3 12.86905 2.658 0.71 32.8 4.5 147
3336.5 1370.4 80.15257 4.706 0.71 88.6 4.5 347
1259.5 1358.0 32.12004 4.496 0.91 -62.2 4.5 221
4005.3 1350.7 11.02501 1.555 0.50 -46.4 2.4 71
3313.9 1348.7 29.77649 17.880 0.28 28.2 4.5 637
3234.7 1354.0 8.80286 1.363 0.18 -32.6 4.5 223
184.8 1364.4 19.39454 3.661 0.64 -0.4 2.7 129
4094.2 1378.8 36.58877 2.852 0.93 -21.7 2.8 107
3751.1 1370.4 16.32104 2.297 0.75 6.7 1.7 59
2271.9 1438.6 388.58080 6.021 0.90 -27.1 3.8 355
889.2 1378.7 63.57367 11.715 0.95 71.6 4.5 433
3997.0 1394.3 33.30367 4.087 0.41 85.6 1.1 89
3521.8 1388.7 42.06510 2.294 0.82 -66.0 2 75
826.6 1374.2 19.35210 8.202 0.21 53.3 4.5 535
1005.3 1434.0 254.20290 5.353 0.83 18.6 4.3 355
3604.2 1389.0 20.26190 2.410 0.38 -49.3 3.4 157
1285.8 1372.4 4.45413 1.494 0.46 -32.5 4.5 117
2621.5 1380.8 39.83493 18.014 0.11 81.8 4 1019
2169.3 1385.1 9.59111 2.501 0.82 27.5 2.5 77
2886.5 1435.3 175.79610 5.598 0.99 -77.8 3.9 283
1769.1 1389.3 12.05109 1.814 0.29 -47.8 4.5 181
836.8 1392.6 5.02900 0.843 0.48 21.1 2 37
1062.3 1437.6 56.95934 3.854 0.40 -85.1 3.7 269
3152.1 1411.9 13.21488 2.838 0.44 -86.0 3.8 159
857.9 1421.5 75.08992 22.756 0.71 28.5 4.5 623
249.4 1436.1 101.52380 6.198 0.93 87.6 4.5 383
887.5 1409.5 44.46008 26.839 0.45 -40.6 4.5 651
948.1 1432.5 67.60886 6.689 0.72 -26.2 4.5 335
1395.6 1412.8 6.18015 1.626 0.38 34.5 1.5 51
3160.2 1436.6 37.83110 4.011 0.81 -88.6 3.8 179
2035.8 1439.9 36.23827 5.953 0.86 41.3 4.3 227
3716.5 1480.5 168.12870 5.264 0.72 70.4 3.2 267
2732.7 1431.8 15.83201 5.517 0.53 64.2 4.5 255
1725.7 1436.6 21.09585 4.336 0.67 -60.6 4.5 219
4102.6 1434.8 16.69186 5.309 0.50 64.3 4.5 233
2266.4 1515.4 362.96510 5.835 0.73 48.4 3.6 365
423.8 1438.5 24.20347 32.861 0.92 27.2 4.5 365
1976.9 1459.9 30.10644 4.081 0.31 -81.1 4.5 365
425.9 1465.9 54.92788 7.145 0.59 -82.7 4.5 343
2319.4 1457.4 43.99636 16.318 0.97 67.5 4.5 401
466.0 1481.4 84.16117 4.810 0.81 10.8 4.5 293
3608.6 1475.1 17.95808 1.599 0.68 35.6 2.4 67
1727.0 1486.9 44.83912 6.695 0.77 -46.2 4.5 355
2646.1 1482.5 34.16272 8.502 0.77 2.3 4.5 303
1703.1 1502.1 62.37459 6.722 0.43 35.0 4.4 395
3314.0 1485.8 7.19342 0.723 0.60 -46.3 4.5 113
2665.1 1491.3 46.25251 26.825 0.34 17.3 4.5 757
259.2 1506.2 10.16304 0.812 0.15 -49.1 3.9 131
1006.9 1516.6 18.84816 2.130 0.68 66.7 2.9 95
1724.8 1512.4 37.92541 13.327 0.32 15.5 4.5 621
3564.2 1551.5 102.06680 4.379 0.97 74.1 4.5 245
740.2 1524.0 15.19122 5.658 0.61 68.8 4.5 217
1180.5 1556.6 81.97075 6.974 0.48 64.3 4.5 529
3583.9 1535.9 54.31406 21.750 0.46 -27.4 4.5 669
311.5 1593.8 343.25720 5.603 0.67 23.6 4.2 429
2980.4 1593.4 228.15560 8.581 0.84 -61.4 4.5 533
519.9 1541.5 12.44897 3.736 0.98 -87.8 4.5 161
68.2 1537.5 8.85770 2.796 0.54 12.7 4.5 191
377.1 1539.8 7.58373 1.812 0.29 -4.7 2.9 111
1335.3 1563.6 17.11403 4.020 0.67 72.6 4.5 201
1206.8 1593.1 65.49518 5.113 0.74 78.6 4.5 299
2589.7 1591.4 60.43270 2.503 1.00 -71.8 3.1 115
1068.1 1619.6 164.51420 5.873 0.64 -50.5 4.2 377
1182.6 1656.8 409.03410 7.181 0.98 82.6 4.5 453
838.0 1638.2 210.12710 6.002 0.63 39.4 4.1 397
2055.2 1596.9 17.74851 3.234 0.65 63.6 4.5 199
3352.7 1622.0 53.63173 4.253 0.71 -83.2 4.5 255
3620.0 1597.7 5.46964 0.632 0.48 88.1 4.5 103
81.2 1618.3 10.93092 0.865 0.39 5.9 4.5 121
3070.9 1620.1 21.66358 2.776 0.87 -49.8 3.3 113
3937.9 1633.7 24.83260 3.210 0.64 54.6 3.6 155
1400.4 1630.1 10.58139 2.649 0.74 76.3 0.4 23
1881.9 1684.1 282.26330 5.458 0.94 -7.6 4 325
3324.4 1638.9 38.97627 27.259 0.56 -46.0 4.5 557
2991.0 1653.0 26.14293 7.702 0.21 -17.2 4.5 543
1250.7 1678.4 66.84329 5.046 0.81 -10.3 4.5 279
1580.9 1666.9 50.22506 9.619 0.59 -17.8 4.5 423
2146.3 1669.2 32.05789 5.914 0.40 -18.3 4.5 349
28.5 1667.2 12.42347 1.703 0.33 -66.0 1.2 53
1101.8 1661.3 9.40296 1.357 0.70 -78.9 4.5 115
2965.2 1660.4 22.35514 9.480 0.48 2.6 3.7 305
633.3 1667.1 13.00150 3.197 0.22 68.0 4.5 301
2801.1 1674.9 10.18628 3.111 0.74 84.4 1.1 51
3766.9 1678.4 12.68137 3.182 0.79 -17.1 2.8 101
4047.6 1689.6 15.47190 3.335 0.87 56.8 4.5 165
3199.9 1680.0 10.24213 5.072 0.38 39.4 3.7 209
2743.9 1691.7 13.45855 4.505 0.63 -54.8 4.5 211
804.6 1720.7 47.47781 3.964 0.53 -33.1 1.4 99
2663.2 1723.2 77.71468 3.581 0.93 31.3 4.4 209
93.2 1708.1 16.00755 4.944 0.90 3.2 4.5 177
3703.0 1714.9 13.74704 2.819 0.70 -82.4 4.5 143
3923.8 1712.0 11.30103 3.369 0.91 65.9 4.5 169
3056.8 1735.7 49.17039 2.468 0.88 13.3 1.8 71
1088.5 1727.0 27.20420 2.217 0.83 -26.0 2.5 85
3183.5 1718.7 11.60311 1.862 0.39 43.9 3.6 125
2742.4 1709.8 7.52468 2.620 0.31 77.8 4.5 183
2130.5 1718.3 10.26779 3.130 0.75 -8.4 2.4 87
2694.2 1720.2 42.52920 39.732 0.37 -26.3 4.5 757
2937.7 1748.8 49.87150 2.704 0.86 -65.9 1.9 77
320.0 1770.5 178.24660 6.335 0.56 -50.6 3.3 347
3288.1 1739.4 31.38148 2.858 0.63 -4.4 2.2 101
17.2 1746.1 30.84692 4.125 0.63 58.5 2.8 159
1823.8 1741.1 18.66768 1.785 0.73 72.8 3.3 93
1248.8 1734.6 8.08340 1.002 0.21 -70.9 1.1 37
2763.5 1736.8 13.75977 1.907 0.73 -26.9 1.3 41
493.2 1736.9 26.07566 10.960 0.47 -15.9 4.5 401
3096.9 1736.2 25.60783 24.251 0.70 3.9 4.5 413
622.8 1735.0 12.76543 2.000 0.28 1.5 4.5 251
2175.8 1736.7 6.18709 1.303 0.49 -17.0 1.8 45
2318.0 1754.0 26.07710 2.363 0.84 74.1 1.6 57
3659.1 1811.5 331.43440 7.237 0.63 18.8 4.2 491
2982.1 1754.2 11.01741 2.376 0.68 -5.6 2.2 75
3903.1 1753.6 11.78712 2.404 0.64 56.9 4.5 131
3813.8 1761.2 24.93966 3.016 0.90 38.4 1.7 71
1266.0 1763.3 14.26813 1.329 0.52 -72.6 2.9 79
3259.5 1759.9 11.57212 3.087 0.34 -30.6 4.5 271
61.7 1760.0 8.75216 1.583 0.36 75.8 1.8 63
2037.9 1776.6 20.61555 3.192 0.36 -90.0 3.4 191
2002.7 1772.0 17.43806 2.119 0.80 -68.2 4.5 177
3370.7 1761.7 22.32417 13.726 0.25 43.7 4.5 531
1334.2 1789.2 34.48792 3.261 0.67 -15.1 2.4 117
3379.2 1775.7 14.05640 4.595 0.44 59.7 4.5 285
2501.8 1782.5 10.02351 1.286 0.48 -44.9 4.5 127
1444.5 1778.5 9.90683 5.868 0.55 86.2 4.5 217
1525.4 1791.5 34.85100 18.168 0.44 -88.7 4.5 549
1528.4 1809.0 35.22795 4.963 0.52 -59.8 3.1 213
4173.4 1897.0 585.30870 4.902 0.79 60.1 3.4 325
2421.4 1811.0 28.49320 2.458 0.79 -18.5 4.2 143
1453.2 1820.6 53.66830 3.472 0.65 4.1 3.2 177
557.2 1796.8 32.13128 35.515 0.43 45.5 4.5 617
1005.0 1822.2 18.31786 3.652 0.44 63.9 0.8 59
2365.9 1817.9 17.65175 3.329 0.24 -64.8 4.5 345
3019.3 1872.1 129.76580 4.728 0.49 -49.9 2.7 247
384.6 1838.5 26.61659 3.178 0.76 -44.4 3.8 149
3152.4 1863.4 92.87386 4.878 0.57 20.9 3.1 247
1136.9 1834.8 12.19189 5.051 0.78 -42.3 4.5 177
1843.4 1838.9 8.17118 0.753 0.29 -7.9 4.5 167
1662.7 1838.5 8.15691 1.524 0.51 -17.3 3 79
1757.8 1852.6 14.87606 2.134 0.52 -59.6 1.3 51
838.2 1851.8 68.24818 27.172 0.73 11.9 4.5 609
509.0 1865.2 68.17602 5.763 0.88 26.1 4.5 297
1434.9 1934.2 604.73800 6.025 0.82 11.8 3.6 395
3313.0 1847.7 15.70107 4.504 0.28 -34.3 4.5 363
1635.7 1891.6 107.17640 5.673 0.66 81.0 3.5 283
2307.3 1859.5 17.72690 2.155 0.81 0.5 0.9 33
1110.9 1855.8 10.26578 1.664 0.57 -59.4 2.2 65
3733.1 1860.6 17.25209 4.114 0.98 38.4 3.6 131
399.3 1966.6 738.12140 6.035 0.80 -59.7 4.4 507
2793.3 1869.2 5.58341 0.464 0.28 -61.2 4.5 95
2689.2 1899.0 55.62325 3.287 0.87 1.0 2.9 135
2524.5 1889.8 22.20874 2.129 0.72 63.6 1.5 53
2346.9 1888.2 23.53020 3.922 0.56 51.5 1.6 99
1287.1 1922.3 45.54463 5.942 0.54 -74.0 4.5 309
1794.8 1958.4 249.59780 5.344 0.94 12.1 3.7 289
3700.6 1905.0 12.16744 1.038 0.65 18.8 4.5 105
767.0 1897.6 6.36888 0.829 0.65 -21.2 3.8 57
2274.2 1928.6 42.45786 3.840 0.86 -23.7 3 145
3635.5 1922.4 14.41958 2.560 0.37 -61.3 4.5 199
2521.5 1922.9 27.89418 4.881 0.72 2.4 4.5 267
845.2 1912.2 6.85769 2.294 0.19 0.8 4.5 221
4052.6 1922.0 13.41931 2.802 0.80 -62.5 4.5 143
75.2 1932.6 16.88636 1.990 0.71 7.7 1.8 57
2794.3 1960.3 186.61360 7.953 0.86 21.4 4.5 439
1893.0 1976.1 121.00520 4.483 0.75 76.5 3 211
2492.0 1938.9 16.93817 2.636 0.90 67.6 4 117
682.7 1946.9 44.01274 6.137 0.87 -61.6 4.5 313
1182.8 1943.9 16.61284 13.861 0.45 28.9 4.5 387
1222.6 1948.5 15.65843 5.283 0.56 46.3 3.7 195
789.5 1944.5 12.98485 3.857 0.48 14.9 1.4 87
2167.2 1949.3 12.40218 3.935 0.74 -26.5 3.5 135
62.6 1969.0 37.14925 2.318 0.97 -60.6 4.5 181
1664.2 2019.5 140.52130 4.656 0.63 -73.5 2.6 209
3768.3 1981.4 12.28375 1.045 0.16 -77.7 4.5 231
1265.1 1985.1 12.44490 1.726 0.27 -85.2 4.5 261
3474.2 1979.1 12.39897 2.423 0.75 11.9 2.9 89
3390.9 1985.4 13.42116 1.927 0.70 0.1 1.5 49
1237.7 1989.4 16.70580 3.013 0.53 -16.6 4.5 237
14.5 1989.3 12.63296 2.475 0.41 8.6 3.9 153
2155.3 1990.1 7.50357 2.111 0.67 82.1 1.3 43
171.8 1986.1 17.48376 14.506 0.41 -73.9 4.5 419
2711.7 2010.6 56.94196 10.571 0.58 -67.6 4.5 513
3712.3 2005.0 9.43153 1.195 0.26 61.4 1.8 63
3775.2 2017.1 34.63595 2.245 0.88 76.7 2.6 87
2694.7 2036.8 101.36650 5.547 0.64 -50.4 3.9 307
1223.6 2017.7 19.05474 1.656 0.57 45.2 4.5 159
2875.8 2002.1 13.99228 7.864 0.49 8.4 4.5 299
1114.2 2012.7 8.17902 2.844 0.53 -21.4 0.4 29
1281.7 2012.2 9.01231 0.946 0.38 30.1 4.5 147
3817.7 2025.3 25.49219 4.164 0.67 43.9 4 189
4046.5 2149.4 1136.48700 8.499 0.76 -40.3 3.4 541
524.0 2029.0 6.67159 0.912 0.18 65.3 4.5 163
4066.2 2029.0 6.41801 0.643 0.28 -20.6 3.9 77
856.1 2043.0 11.10704 1.763 0.67 26.6 0.5 19
1867.9 2037.2 7.28096 2.531 0.80 36.4 0.7 27
3242.0 2139.7 337.82900 9.697 0.58 -65.3 4.2 611
2531.1 2098.3 169.44620 4.213 0.74 68.0 3.3 241
1686.6 2070.6 36.32280 2.037 0.77 -48.8 1.7 59
2141.4 2052.5 10.89400 1.350 0.53 30.8 4.5 131
1492.1 2077.0 52.34807 2.180 0.96 -67.6 3.6 121
54.7 2065.2 10.29415 1.917 0.41 45.4 2.3 85
171.7 2072.2 26.33301 2.329 0.79 73.7 4.5 155
1606.2 2102.0 120.06020 4.180 0.97 -8.1 3.4 199
548.8 2118.5 200.98430 5.612 0.79 -59.2 4.5 373
1589.4 2061.3 20.81994 8.672 0.44 55.3 4.5 323
2727.4 2080.6 19.48778 2.188 0.91 -71.3 0.6 23
3593.6 2080.6 30.17048 6.559 0.82 6.8 4.5 235
1617.0 2078.8 53.47120 35.090 0.67 -78.0 4.5 607
2957.4 2090.9 71.44503 22.626 0.63 -7.2 4.5 641
2553.0 2086.6 71.99218 43.881 0.67 -20.5 4.5 719
2932.1 2103.7 51.64241 9.699 0.79 -10.1 4.5 399
884.7 2108.4 45.46137 3.419 0.53 -13.4 3.3 189
2804.9 2107.5 35.86641 3.690 0.88 -49.7 2.5 119
51.0 2107.8 15.82678 1.963 0.80 8.2 1.6 49
1830.4 2114.9 8.34810 2.267 0.30 57.9 1.9 89
3638.7 2114.0 10.59661 2.565 0.89 -37.3 3 85
408.9 2141.4 34.31873 6.320 0.82 -14.1 4.5 247
356.8 2139.0 6.88402 2.216 0.49 -69.9 2.1 75
3389.8 2156.6 25.32527 3.767 0.57 30.6 4.5 251
2889.8 2145.2 7.90645 1.159 0.50 -1.2 4.5 139
3900.5 2150.9 8.45324 1.613 0.27 -86.4 4.5 189
3611.8 2153.3 10.55836 1.333 0.27 24.0 4.5 201
3006.1 2150.7 22.68259 12.494 0.40 -58.2 4.5 427
1717.2 2191.3 79.83626 3.501 0.93 75.6 2.5 129
2998.7 2164.0 21.62208 10.096 0.36 -75.6 4.5 429
2798.0 2170.3 31.08243 5.361 0.51 -14.8 3.8 249
3957.1 2173.9 16.29859 2.071 0.75 83.7 1 35
184.5 2160.1 10.44530 4.284 0.27 1.4 4.5 319
2892.0 2167.2 8.24168 0.883 0.77 -23.5 4.5 87
99.9 2185.9 40.71553 2.226 0.72 -24.5 3.1 117
2926.8 2188.4 42.36385 1.982 0.85 -7.8 2.1 71
2477.2 2164.4 9.50725 3.206 0.23 77.9 4.5 305
3397.1 2205.1 161.36430 22.394 0.84 57.9 4.5 759
2632.4 2239.1 176.24860 9.003 0.82 80.9 3.9 397
2955.9 2200.9 40.01881 2.326 0.78 12.2 2.4 93
781.2 2191.4 9.84730 1.680 0.59 -74.5 1.8 51
2269.6 2198.9 9.95154 1.995 0.68 9.2 4.4 109
2422.1 2205.3 12.29743 2.965 0.74 65.5 1 47
3420.7 2226.9 140.73370 43.063 0.69 47.4 4.5 919
2245.9 2231.8 49.01530 2.850 0.84 -28.8 2.9 121
46.1 2209.0 8.02348 2.028 0.92 48.6 1.1 31
2917.0 2252.5 83.36213 3.636 0.96 -54.1 3.2 161
1394.0 2208.6 6.92674 2.115 0.47 -74.6 1.2 47
2069.9 2252.6 73.05893 3.534 0.63 89.5 3.2 191
1477.7 2221.3 9.00585 2.253 0.47 78.0 4.3 135
3006.9 2251.6 47.40692 2.636 0.96 69.4 2.9 111
1238.9 2234.3 13.28602 2.246 0.39 45.0 2.5 107
3433.4 2254.1 65.27676 16.491 0.94 -69.6 4.5 447
448.6 2233.8 35.07563 17.928 0.43 32.8 4.5 513
116.9 2249.8 16.20766 2.103 0.64 -87.4 0.7 29
3170.6 2255.9 17.41280 2.515 0.77 62.4 3.5 113
1249.6 2287.9 173.42250 17.157 0.68 48.9 4.5 779
307.0 2303.0 334.83580 5.203 0.68 -6.6 4 385
1775.1 2256.8 19.28317 5.104 0.30 18.2 4.5 339
2850.9 2299.2 111.04640 4.153 0.77 -65.0 3 197
4062.5 2256.2 8.04323 1.033 0.26 -2.0 1.8 55
2777.7 2279.9 51.52127 13.411 0.67 -38.5 3.9 389
811.6 2280.8 36.40390 4.163 0.99 -24.2 4.5 193
3822.8 2258.5 6.13352 1.951 0.55 -30.3 1.6 51
757.4 2277.2 8.18193 1.098 0.22 -78.4 4.5 143
3255.6 2294.5 14.62045 3.633 0.59 -38.4 1.7 91
3796.6 2314.2 51.28764 3.317 0.70 54.0 2.6 137
4131.9 2340.5 119.74380 5.725 0.75 -20.1 4 307
3887.0 2296.4 8.79298 2.192 0.68 10.7 0.5 23
2062.2 2290.4 19.35015 15.016 0.38 -10.3 4.5 453
968.4 2298.5 9.02600 1.880 0.21 -38.6 4.5 195
1090.9 2334.0 167.70120 57.360 0.51 26.1 3 1069
1429.2 2330.9 7.87127 1.718 0.44 67.9 4.5 149
1109.1 2339.7 103.20310 43.230 0.43 30.3 3.4 925
1023.9 2361.9 56.25305 2.633 0.97 53.8 3.4 131
785.0 2356.4 53.60535 3.340 0.64 -21.4 2.9 161
1043.1 2419.5 233.30510 9.175 0.49 -51.0 4.5 609
3863.3 2355.1 17.16696 2.718 0.56 9.7 1.2 55
1765.2 2348.8 7.02443 2.372 0.27 -15.0 4.3 169
2774.6 2422.2 264.98140 5.069 0.98 26.8 3.6 275
3788.6 2378.9 27.37198 3.038 0.81 -40.9 1.9 81
1798.7 2370.4 23.84679 12.687 0.42 -32.6 4.5 455
2789.4 2390.9 65.09830 18.307 0.67 -53.3 4.5 575
1775.2 2392.0 32.66969 2.591 0.63 -45.8 3.1 133
342.1 2519.5 810.57420 8.670 0.57 76.3 3.8 651
933.1 2391.8 7.94172 1.604 0.40 27.6 0.7 29
598.3 2391.6 5.47732 1.667 0.41 -60.4 1.4 47
2830.7 2400.6 6.78592 0.831 0.13 -80.2 4.5 229
2627.1 2412.2 10.63310 2.431 0.48 -38.8 4.1 139
233.6 2421.1 13.81016 2.626 0.83 42.8 1 41
2010.6 2446.8 151.60070 5.264 0.77 -10.7 4.3 321
1643.4 2429.5 31.10399 3.927 0.88 -76.9 4.5 195
3008.0 2418.1 11.47359 4.922 0.91 -79.0 4.1 145
2751.8 2442.1 131.83770 64.061 0.67 -56.4 4.5 973
526.8 2786.7 10805.17000 10.252 0.57 -38.3 3.7 1179
3814.9 2462.6 91.38734 3.993 0.92 -59.2 2.9 163
354.4 2438.6 20.42438 2.259 0.74 -0.1 3.3 107
3030.3 2460.5 89.40722 7.267 0.67 22.3 3.7 321
3309.7 2449.8 111.51510 47.542 0.75 13.2 4.5 821
3289.6 2457.7 52.47203 9.955 0.69 -7.1 4.5 443
1483.3 2459.9 12.55433 1.337 0.47 58.8 3.9 105
1372.7 2462.7 79.20729 24.123 0.69 64.8 4.5 621
1768.7 2472.8 21.00418 3.363 0.49 -49.5 3 153
1345.1 2471.2 25.88523 11.244 0.59 -12.8 4.5 383
239.9 2530.7 272.65840 5.609 0.64 22.8 4 397
3748.6 2496.0 52.54863 3.029 0.55 -22.7 2.1 119
1218.4 2479.4 14.16381 2.855 0.54 -18.3 2.5 107
3417.8 2505.7 57.20885 6.114 0.57 -87.4 4.5 343
3426.9 2484.2 53.95098 40.705 0.43 -69.6 4.5 773
2478.0 2495.2 23.30189 2.561 0.88 48.2 3.4 113
449.3 2502.4 11.12026 2.786 0.18 -44.9 3 197
2868.1 2503.3 40.36872 4.353 0.86 -11.8 4.5 207
3629.8 2500.5 37.56796 23.015 0.67 -20.6 4.5 469
4032.0 2595.4 284.31740 8.659 0.86 42.8 4.5 527
1038.8 2547.9 58.10620 3.005 0.57 23.7 4.5 235
2040.7 2568.8 159.89250 4.466 0.99 -22.8 3.4 217
3548.2 2543.9 18.74280 2.294 0.81 -82.8 1.7 59
2437.4 2555.7 85.36236 19.472 0.69 -46.5 4.5 641
1862.8 2542.5 13.25984 2.658 0.83 -23.5 0.9 37
3332.3 2577.1 99.91073 4.361 0.78 80.4 3.8 237
1800.9 2600.1 264.06360 4.316 0.65 -7.5 3.5 299
3620.5 2545.0 18.66211 8.160 0.54 -11.0 4.5 279
923.8 2580.9 82.32864 4.143 0.85 -44.1 4.5 287
2157.9 2555.6 6.08429 0.434 0.41 29.0 4.3 57
4169.7 2556.5 6.80162 1.260 0.22 4.7 3.8 125
2844.3 2632.4 268.08160 5.865 0.83 72.9 3 275
243.9 2625.8 227.01120 6.990 0.72 -14.1 3.8 387
3229.3 2592.9 38.65676 2.910 0.99 26.3 4.5 159
994.8 2583.7 29.91772 14.426 0.67 -29.6 4.5 403
707.8 2582.0 9.37286 4.569 0.35 -58.4 4.5 269
3550.2 2625.3 97.84734 4.433 0.83 -22.3 3.4 213
3465.1 2598.3 40.61582 27.054 0.54 79.0 4.5 577
842.9 2606.1 24.26895 2.936 0.71 -14.3 4.5 171
3475.8 2628.9 142.52330 5.101 0.82 -52.8 4.1 291
447.3 2602.1 8.73940 1.702 0.72 49.8 1.8 49
2563.6 2605.5 40.22019 31.439 0.56 -68.6 4.5 581
3110.3 2618.7 29.18035 3.061 0.70 -45.8 4.5 235
1498.7 2607.8 9.05506 3.085 0.96 -50.6 2.2 71
2272.1 2631.9 33.10936 2.632 0.65 58.9 2.5 111
1974.8 2628.5 14.65192 1.866 0.62 36.9 3.7 107
2672.7 2615.5 9.94883 1.561 0.08 62.1 4.4 291
3619.8 2641.9 65.24358 11.651 0.73 -43.3 4.5 495
3859.6 2643.8 52.12202 2.483 0.84 37.1 4.2 157
2983.9 2628.5 8.26889 1.587 0.47 51.1 1.1 37
2482.2 2632.8 19.37358 9.326 0.50 13.2 4.5 347
919.4 2695.0 277.11950 7.472 0.91 76.8 4.5 431
2228.9 2639.2 13.91270 3.256 0.78 -46.4 3 111
2554.3 2635.3 14.84836 4.420 0.49 -87.1 4.5 275
3187.1 2646.6 13.77037 2.299 0.83 -80.6 0.3 17
1347.0 2659.5 40.60305 2.593 0.93 34.3 1.8 69
4075.6 2646.2 9.81999 2.898 0.71 -13.0 1.4 57
96.6 2646.9 11.83819 5.565 0.42 -27.9 4.5 269
3597.7 2659.7 56.51382 26.908 0.84 -8.7 4.5 527
2991.9 2731.4 309.25090 7.118 0.86 -37.2 4.5 449
1792.3 2668.9 33.21311 2.449 0.76 37.5 2.3 89
1850.0 2673.1 19.48814 4.210 0.22 -66.2 4.5 355
1746.5 2669.1 16.09610 1.568 0.68 -4.0 4.5 127
1779.3 2658.2 22.68624 15.605 0.32 26.9 4.5 521
984.2 2707.9 102.59540 5.915 0.96 -8.1 4.5 307
1549.1 2778.7 364.40690 6.888 0.52 -65.1 3.5 459
740.1 2697.5 48.75061 3.029 0.61 69.3 2.6 137
2497.1 2690.6 15.82210 1.470 0.40 37.9 4.5 187
3488.3 2688.8 34.60583 2.996 0.37 -13.3 2.5 153
1292.4 2717.7 91.76810 4.085 0.88 -5.8 2.5 145
4174.4 2719.4 63.00641 5.490 0.80 6.1 3.7 233
3327.5 2727.2 86.44731 4.617 0.79 36.3 2.9 191
2767.8 2721.6 47.06442 2.381 0.99 51.7 4 135
835.2 2700.6 7.74968 0.876 0.18 44.1 4.5 173
272.5 2757.2 192.27580 4.284 0.82 65.7 3.3 233
2899.5 2716.5 18.22796 2.152 0.52 -86.2 2.3 89
783.0 2720.5 13.58502 2.022 0.58 77.3 4.4 129
1883.2 2709.4 6.10174 1.904 0.23 21.6 1.5 73
4050.2 2733.6 21.87096 2.518 0.76 -37.6 2.5 91
3041.2 2890.3 2441.63400 7.659 0.99 -58.7 3.6 547
903.4 2743.6 26.07401 3.261 0.42 -67.1 4.5 313
2465.2 2735.0 6.22617 2.040 0.30 -18.5 1.6 69
3451.6 2797.9 215.36170 5.697 0.89 85.0 4.4 343
2595.1 2756.1 17.02831 3.477 0.74 -7.4 3.3 133
3088.3 2776.6 19.72560 3.280 0.39 -43.1 0.7 51
376.3 2765.6 6.09818 1.207 0.34 -80.2 1.4 41
2565.0 2764.0 9.32018 1.375 0.37 8.9 1.2 41
3310.4 2772.4 11.52519 1.631 0.59 -16.4 2.3 65
2471.7 2805.1 93.27824 5.002 0.90 -35.3 3.3 211
3427.1 2803.7 118.49870 42.633 0.57 -66.0 4.5 935
854.4 2942.5 1745.70100 9.418 0.72 65.1 3.9 733
1460.4 2798.1 23.63363 3.890 0.90 29.7 1.2 63
3810.8 2789.8 17.40813 2.972 0.88 43.2 4.5 165
2397.2 2819.9 66.64017 2.106 0.85 -3.0 2.3 83
1687.3 2815.2 29.84277 3.552 0.49 70.1 2.9 167
3580.9 2796.5 14.48156 7.562 0.99 -46.5 4.5 217
3359.3 2810.4 18.55346 1.743 0.62 -5.1 3.5 103
4123.8 2812.9 19.10935 3.167 0.85 9.4 2.4 93
3426.8 2819.5 88.97099 37.560 0.73 -63.7 4.5 715
1973.2 2800.4 6.25242 1.538 0.30 13.1 4.5 163
1886.1 2807.6 10.70464 6.562 0.32 -72.3 4.5 327
2543.0 2823.4 26.70191 4.933 0.58 26.2 4.5 279
204.5 2819.5 16.66964 7.005 0.56 -64.8 3.3 215
729.8 2833.1 14.57166 2.032 0.24 71.7 4.5 293
3621.2 2870.2 145.37750 5.466 0.88 -57.8 3.9 281
2657.3 2841.2 39.92838 10.223 0.98 40.7 4.5 297
2673.2 2842.1 46.03910 9.260 0.98 36.6 4.5 323
1282.6 2837.1 18.76010 3.005 0.38 1.1 0.3 31
260.4 2832.2 5.93170 0.322 0.40 -46.4 4.5 95
3255.4 2833.2 10.36030 1.751 0.34 -15.5 4.5 149
2849.5 2857.2 41.83589 2.287 0.92 8.8 2.9 101
1108.6 2839.4 11.96372 3.636 0.13 -38.5 4.5 397
2362.1 2902.3 345.80110 5.352 0.66 13.7 3.8 381
4034.2 2859.8 23.15446 2.882 0.65 62.1 3.2 133
3132.2 2850.9 9.01341 0.526 0.68 -67.1 4.5 75
1116.5 2884.0 113.25360 5.184 0.65 26.3 3.6 281
660.2 2858.9 12.85724 2.604 0.67 58.3 1.2 49
997.5 2878.1 72.40309 4.914 0.76 40.1 3.8 239
2776.1 2868.0 21.00212 3.009 0.55 -18.5 3.6 159
3142.7 2896.0 71.71235 17.094 0.75 6.0 4.5 545
2477.9 2876.1 15.63314 2.564 0.74 -63.6 2.4 85
2587.3 2885.3 6.64873 0.084 0.98 38.1 4.5 41
3407.6 2899.6 20.98780 2.250 0.61 -2.0 4.5 167
2035.7 2916.1 47.39150 2.671 0.99 -85.3 3.9 141
3692.8 2900.4 41.00053 31.364 0.40 34.4 4.5 685
3854.5 2907.9 8.38271 2.313 0.47 -50.4 4.5 177
3388.1 2905.1 10.61836 5.892 0.90 -62.6 4.5 183
2630.1 2913.3 9.02504 5.172 0.83 86.6 4.5 183
3858.4 2935.4 7.62051 2.286 0.77 -75.4 0.4 17
1783.4 3041.8 746.56420 6.335 0.86 -5.1 3.4 387
2381.4 2948.1 20.84533 7.412 0.36 56.9 4.5 411
1480.2 2954.9 10.48168 1.327 0.53 54.7 4.3 101
1886.3 2963.6 20.50130 4.803 0.75 88.6 4.5 219
1261.8 2977.0 18.88348 3.315 0.88 70.5 2.1 85
3456.3 2979.1 5.14900 0.939 0.33 4.1 4.5 139
3259.9 2989.8 12.59553 3.146 0.47 54.8 4.5 209
2708.9 3008.5 42.84386 3.492 0.86 -66.5 3.1 143
1167.8 2982.0 7.06355 2.911 0.67 -79.5 4.5 145
2266.0 3089.7 851.50790 8.107 0.74 39.7 3.7 543
3841.6 3005.3 21.16407 2.266 0.75 -84.8 2 69
2797.0 3016.0 43.85949 2.932 0.85 -24.3 4.5 175
181.0 3017.3 35.35624 6.155 0.65 16.0 4.5 319
3134.6 3001.6 5.67822 0.470 0.62 -74.9 4.5 75
733.8 3019.2 13.37853 2.853 0.73 -73.4 1 43
1906.0 3012.1 14.16891 3.618 0.79 -20.6 3.8 135
4097.7 3029.2 54.58182 4.047 0.55 -10.7 4.1 251
4154.7 3035.0 44.40069 4.300 0.87 73.7 4 193
1984.1 3013.3 7.64358 1.849 0.46 26.0 0.7 27
211.4 3021.0 27.98096 14.263 0.44 -1.6 4.5 481
220.2 3062.4 102.97380 5.166 0.87 72.3 4.1 265
2546.9 3029.0 18.77601 2.045 0.53 16.6 4 135
3939.4 3021.5 11.88765 5.733 0.48 65.3 4.5 265
3088.8 3021.8 15.94623 14.640 0.31 -81.6 4.5 459
3772.6 3045.5 30.91057 2.507 0.82 -19.5 3.4 121
2893.6 3026.0 7.04692 1.852 0.18 19.1 2.6 129
4173.3 3052.5 48.57882 17.152 0.73 55.5 4.5 485
1846.1 3129.7 822.56100 7.472 0.61 4.5 3.4 521
1115.6 3038.6 6.76854 1.413 0.09 -38.7 4.5 279
394.9 3073.1 58.89702 3.598 0.87 -20.1 3.9 185
1069.6 3050.6 9.87221 3.172 0.50 -77.7 3.8 147
3950.7 3047.2 6.21506 1.423 0.18 0.1 1.6 73
2996.0 3065.5 11.79820 1.504 0.31 -71.2 4.5 151
2479.9 3092.4 71.49566 4.866 0.95 -10.3 4.5 271
1020.9 3068.2 10.65899 4.852 0.71 -3.1 4.5 191
2961.4 3103.8 16.64633 2.233 0.31 56.8 3.6 167
4158.5 3872.9 70.02007 3.529 0.95 37.3 4.3 199
4071.0 4095.7 28.64510 2.678 0.91 -4.5 3.6 123
2703.1 4092.4 86.83229 3.697 0.74 -11.1 3.1 181
2385.8 4094.0 80.00582 3.474 0.97 22.2 3.2 155
102.7 4095.8 18.72325 1.915 0.48 -1.3 3 111
1437.1 4063.5 2352.44600 9.560 0.89 23.7 3.5 625
2657.9 4071.6 11.50972 2.336 0.38 61.9 3.7 145
649.9 3990.5 135.00280 20.061 0.59 45.2 4.5 815
2387.1 3951.1 79.55152 12.542 0.74 65.1 4.5 475
3742.1 3951.4 29.66189 4.732 0.71 -53.7 3.6 191
1906.9 3946.4 99.99641 4.803 0.76 66.1 4.4 285
1963.5 3947.8 18.01495 3.606 0.43 -88.7 0.7 57
1786.5 3904.3 13.61997 1.721 0.89 59.1 4 91
2445.2 3897.5 7.11215 1.097 0.58 -30.1 4.5 105
2888.5 3889.3 22.55639 2.083 0.80 88.7 1.9 59
4098.3 3887.3 35.39083 2.421 0.91 86.5 2 71
4067.6 3888.2 32.07680 6.281 0.79 45.6 4.5 303
311.4 3623.2 32.56509 8.153 0.43 -6.2 4.5 429
2961.8 3809.9 46.01241 2.664 0.88 -46.2 3.2 125
1894.5 3789.6 12.12980 3.458 0.62 -59.1 0.8 49
1434.8 3576.4 184.32210 5.561 0.87 -44.0 4.4 333
572.7 3493.4 12.76234 5.677 0.55 23.6 3.6 191
8.2 3547.0 27.02681 15.907 0.50 -19.4 4.5 447
3134.0 3679.6 8.96619 2.324 0.57 -14.2 1.7 63
3461.7 3620.9 64.20687 3.623 0.81 53.2 2.5 135
2454.5 3807.0 17.90621 2.998 0.73 -71.0 2 83
2796.0 3801.3 20.29721 4.267 0.55 62.7 0.7 55
3866.9 3496.6 48.44911 5.146 0.66 -65.0 3.2 211
782.8 3732.1 76.18298 4.835 0.77 -33.0 3.9 243
1048.1 3748.5 22.11575 3.438 0.87 12.7 4 145
4003.9 3679.4 33.86318 6.103 0.73 -59.0 3.5 215
3153.7 3549.9 12.06718 1.717 0.54 80.2 1.5 49
3793.6 3815.4 15.18164 6.933 0.35 -13.9 4.5 353
2016.3 3522.8 20.52072 2.434 0.95 -77.3 4.2 119
2461.0 3610.3 30.90774 2.944 0.61 -45.2 3.2 147
2031.4 3667.8 144.40290 4.420 0.70 -79.0 3.4 251
896.7 3589.9 22.13260 6.193 0.35 -16.4 4.5 399
1255.6 3733.9 38.65419 12.654 0.57 32.2 4.5 467
2267.8 3754.4 71.43156 2.841 0.95 -51.9 3.2 139
1986.7 3795.4 90.13709 5.077 0.71 -65.3 3.8 267
966.2 3629.4 7.17992 2.003 0.26 2.6 4.5 181
4133.9 3401.2 54.22466 36.184 0.98 -84.4 4.5 505
3874.3 3640.8 23.48666 2.178 0.34 -6.6 3.6 169
658.7 3698.4 597.15130 8.059 0.51 56.5 3.8 615
3033.7 3736.2 52.95166 3.760 0.87 18.8 3.8 179
520.5 3582.6 27.90725 11.534 0.90 -67.2 4.5 291
3373.4 3726.2 190.18350 4.628 0.73 -37.4 4.1 315
1594.4 3703.3 25.32075 3.505 0.91 -81.4 2.2 93
624.3 3725.7 33.57994 7.002 0.46 -22.0 4.5 425
1607.1 3650.0 19.88112 3.275 0.60 78.7 4.5 199
2572.6 3680.8 10.48570 2.665 0.63 -18.8 4 125
2150.2 3703.1 14.46826 2.767 0.46 89.5 1.6 81
2213.5 3711.0 32.01412 2.579 0.81 -14.6 2.3 89
3920.5 3702.3 53.18701 25.986 0.30 82.5 4.5 855
4125.0 3712.1 29.09476 5.762 0.58 -5.3 3.6 229
1951.6 3632.9 27.74324 3.919 0.54 50.4 3.9 205
3434.5 3588.2 20.60586 3.032 0.60 28.6 4.5 191
688.1 3985.5 12.46614 3.613 0.51 -47.3 4.5 215
2254.4 3563.7 15.94684 3.307 0.82 -65.5 2 83
3488.7 3662.8 33.84044 3.987 0.68 54.9 4.5 265
160.3 3613.9 12.47071 5.320 0.24 16.9 4.5 347
2720.8 3646.0 85.69264 18.298 0.65 22.5 4.5 651
2852.2 3835.7 7.06175 1.358 0.58 -35.0 4.5 107
2873.6 3259.2 192.09530 5.159 0.97 4.5 4.1 291
3527.5 3618.8 71.42329 5.197 0.84 8.1 3.7 231
1077.6 3695.9 111.02560 8.190 0.85 1.8 4.4 357
258.9 3633.2 166.60730 18.239 0.66 79.2 4.5 829
885.6 3638.2 9.20028 2.446 0.67 -56.8 2.1 71
3656.1 3487.5 54.00293 3.504 0.61 -23.8 2.6 153
2824.0 3647.8 21.49832 2.647 0.54 32.9 4 161
3368.2 3504.0 20.83763 2.239 0.81 44.6 1.3 45
1060.8 3373.8 101.76570 4.986 0.68 59.2 3.5 257
498.4 3849.3 11.74163 3.492 0.65 -7.4 2.4 105
1963.5 3830.8 18.42274 11.484 0.38 -68.5 4.5 405
3747.4 3493.4 45.49960 22.852 0.37 -7.1 2.7 559
3510.2 3931.7 39.29596 2.375 0.78 -24.7 2.2 87
363.2 3585.8 46.03287 3.639 0.90 -5.5 3.2 147
3394.4 3670.4 317.39720 6.232 0.86 -78.8 3.6 339
148.5 3506.2 24.01874 5.792 0.56 -81.4 4.5 289
1783.8 3261.8 84.43336 7.082 0.59 -86.8 4.5 397
3263.9 3549.3 12.61939 1.719 0.44 -78.9 4.5 149
1173.4 3570.6 111.41840 4.595 0.79 -16.2 3.3 225
2486.0 3998.9 19.80208 1.493 0.49 -49.3 4.5 139
3631.5 3290.2 7.19769 0.842 0.11 -46.0 4.5 167
955.8 3291.8 13.78687 5.740 0.51 -46.5 3 185
1675.2 3336.9 32.13246 4.453 0.94 -77.4 4.4 185
1504.9 3883.5 14.88338 1.861 0.31 74.8 4 159
3996.7 3586.2 11.35066 1.968 0.96 41.9 1.6 43
551.0 3585.6 34.52729 5.670 0.85 4.1 4.5 275
304.4 3541.6 6.49887 0.730 0.29 -32.3 2.8 61
3646.1 3590.7 16.99991 3.613 0.50 -74.7 4.5 243
166.3 3954.7 110.94070 20.430 0.71 -37.7 4.5 681
283.1 3513.8 7.49246 0.396 0.49 -16.6 4.5 95
3909.7 3409.6 38.37084 2.639 0.94 -85.0 2.9 105
448.1 3443.9 37.35382 4.436 0.64 -21.2 4.5 255
4159.0 3380.3 105.20150 5.379 0.64 64.8 2.8 235
139.1 3532.2 40.55123 31.642 0.55 63.7 4.5 589
2209.5 3799.8 54.34517 2.960 0.88 -28.5 3.7 155
2541.5 3682.5 15.12845 1.928 0.57 -84.1 4.5 147
1649.9 3531.0 83.27769 3.977 0.85 71.3 2.9 167
1524.7 3485.6 25.69504 2.997 0.77 -12.3 2.7 109
3707.8 3507.1 133.98930 80.176 0.48 -22.3 4.5 1227
2511.2 3560.9 4.75416 0.812 0.30 -50.0 1.6 35
343.1 3621.5 34.38655 4.022 0.97 82.3 4.5 213
2272.6 3802.0 16.12578 3.937 0.67 81.3 4.1 165
3916.3 3913.2 144.56900 63.339 0.94 -70.9 4.5 853
198.6 3535.3 12.14577 2.395 0.44 -36.9 1.8 81
1118.6 3828.3 105.66050 5.277 0.81 39.3 3.9 269
154.8 3546.5 29.57877 3.217 0.68 59.1 3.9 167
42.6 3908.1 10.82783 2.020 0.26 31.7 4.5 213
787.2 3894.8 53.94456 14.785 0.54 -44.5 4.5 563
2839.0 3893.0 6.15140 1.452 0.53 -16.2 4.2 91
2083.4 3824.5 7.73723 2.417 0.39 -43.9 1.3 61
512.4 3919.0 12.71526 3.117 0.36 -64.2 4.1 191
3256.3 3481.8 6.83840 2.477 0.47 63.8 0.5 27
2203.9 3407.1 14.24742 2.264 0.60 20.1 2.4 85
3245.5 3569.1 10.14074 0.401 0.10 -26.7 4.5 251
3164.0 3452.3 14.28182 3.915 0.98 -46.7 4.5 149
32.8 3468.8 9.36014 0.391 0.43 32.7 4.5 71
2687.0 3629.0 50.60147 3.794 0.72 3.5 4.5 259
859.8 3366.1 9.87297 2.560 0.65 45.6 4.5 145
3160.6 3509.8 6.29206 1.410 0.17 40.0 4.5 245
2721.0 3884.8 114.30780 6.304 0.86 30.7 3 239
314.7 3489.3 270.38380 5.602 0.89 -41.9 4.1 343
1457.7 3452.5 165.70780 4.906 0.62 -4.2 2.8 247
3072.0 3374.5 103.91330 3.715 0.73 21.8 3.3 203
3551.3 3377.1 97.29767 3.970 0.67 45.6 3.2 213
422.4 3408.5 33.55408 3.026 0.98 59.9 4.2 147
3765.4 3383.9 9.58696 3.132 0.89 -63.3 4.5 147
4051.8 3460.2 19.32378 2.579 0.60 69.4 1.8 75
773.5 3386.4 13.97989 3.489 0.33 -48.5 4.5 269
159.9 3418.1 51.52958 29.196 0.58 64.1 4.5 621
2439.7 3354.3 50.67383 3.990 0.60 -19.6 3.1 191
2578.7 3363.9 26.38643 19.791 0.50 16.4 4.5 459
1527.4 3402.1 128.19380 5.170 0.75 3.4 3.4 257
1347.2 3443.0 29.78113 4.983 0.39 -38.8 4.5 375
1709.5 3364.0 39.04138 9.771 0.89 23.7 4.5 345
3554.5 3902.1 77.20150 2.989 0.92 -35.9 3.8 169
2111.1 3474.9 9.07006 2.023 0.65 71.5 3.3 91
29.1 3423.7 25.20648 3.818 0.74 70.7 2.8 131
64.2 3257.6 37.62190 25.391 0.64 30.4 4.5 507
2876.8 3301.0 61.97214 3.708 0.91 -77.6 4.5 211
105.8 3338.8 43.46650 2.816 0.73 57.6 4.5 211
1216.9 3425.9 18.67950 3.976 0.67 -77.6 2.7 131
263.2 3910.1 31.21462 4.233 0.73 85.3 0.4 35
160.1 3378.4 224.42180 6.629 0.67 -74.0 4.5 507
2958.0 3252.2 30.18812 3.193 0.80 -16.3 1.7 77
4097.1 3346.8 165.41080 6.655 0.55 71.9 3.7 389
3606.0 3403.1 73.50861 4.432 0.89 88.1 2.8 165
3321.4 3393.8 10.84687 1.186 0.68 68.4 4.2 85
3177.7 3945.6 42.27749 2.983 0.69 82.2 4.5 193
305.4 3395.5 44.07327 2.728 0.91 -9.3 3.3 127
1627.8 3471.9 4.18752 0.084 0.91 -86.9 2.6 9
622.6 3300.1 44.80686 15.413 0.71 22.6 4.5 443
3031.2 3339.9 6.48287 1.490 0.98 -4.0 4.5 101
141.4 3296.6 10.45490 3.463 0.12 57.6 3.8 315
3780.0 3222.7 548.12610 6.734 0.73 -45.3 4 475
149.1 3973.7 239.29950 10.075 0.84 -66.0 4.5 613
2516.5 3300.9 17.08895 7.430 0.39 -46.7 4.5 351
713.6 3462.5 8.87807 1.222 0.70 -40.2 4.1 79
1776.2 3292.9 68.30761 4.770 0.71 -86.6 4.5 355
3680.3 3298.7 20.24043 3.462 0.37 17.5 2.6 161
3298.8 3313.2 19.67585 1.723 0.65 8.8 1.9 59
925.0 3330.6 106.65020 9.122 0.56 -23.3 4.5 483
532.3 3326.5 21.22229 2.862 0.72 83.2 2 83
2344.7 3284.7 10.15841 2.039 0.84 27.8 1.2 37
2296.8 4040.7 6.75697 1.508 0.33 -37.8 0.5 21
1297.7 3248.7 43.27720 3.212 0.86 61.6 3.8 159
3471.8 3287.3 119.06750 3.720 0.88 60.8 2.7 157
1203.6 3330.7 34.74665 8.648 0.66 46.2 4.5 365
3521.1 3863.2 7.68695 2.567 0.40 9.9 4.5 165
1295.7 3309.3 19.12831 3.121 0.81 87.3 4.5 193
1249.4 3249.2 56.97535 4.926 0.91 -57.1 3.1 177
2572.5 3193.9 10.14552 2.282 0.65 24.5 3.2 97
3669.1 3232.2 30.64896 5.439 0.50 24.4 4.5 373
255.5 3283.6 17.70353 2.490 0.95 40.1 3.1 91
2749.8 3280.5 189.08780 6.089 0.67 -10.9 3.4 325
1733.4 3855.8 465.65010 6.097 0.95 -87.1 3.5 341
350.3 3203.6 105.52990 8.247 0.69 40.4 3.3 329
22.8 3258.9 31.87593 3.516 0.91 -21.2 4.2 163
1370.1 3214.5 12.77439 2.694 0.83 -81.6 2.2 75
118.4 3865.2 24.74000 4.139 0.57 89.6 4.5 247
3681.5 3879.0 6.05700 0.924 0.84 23.2 4.5 87
3190.1 3159.8 25.73144 10.921 0.47 69.7 4.5 415
1129.7 3166.6 11.44812 2.359 0.58 13.1 4 127
355.8 3937.8 18.82686 6.180 0.60 -14.0 4.5 263
538.2 3194.9 19.52697 7.156 0.51 10.6 4.5 285
377.0 3818.5 6.82014 1.892 0.78 -83.1 4.5 99
3584.0 3250.2 14.55278 1.826 0.55 -41.9 2.2 71
228.8 3206.1 25.98534 3.032 0.93 48.7 3 111
3030.7 3663.3 147.97460 21.952 0.80 -46.9 4.5 733
2317.4 3870.3 12.93550 1.952 0.82 43.9 4.5 147
292.7 3173.6 11.23978 1.684 0.41 -33.4 1.9 65
341.7 3166.9 100.43800 33.905 0.48 67.1 4.5 859
656.0 3228.6 11.88346 2.407 0.93 78.4 1.5 47
126.2 3993.4 68.74287 39.824 0.65 -22.1 4.5 699
3927.9 3879.0 882.54820 7.028 0.78 -14.6 4.1 533
3331.5 3224.3 36.06377 2.752 0.86 -58.1 2.4 95
1932.9 3220.9 101.83120 5.480 0.85 73.0 3.6 251
19.7 3957.7 7.04836 0.370 0.43 -48.6 4.5 89
4165.4 3224.9 16.18759 3.201 0.77 -1.9 4.5 187
383.5 3751.9 10.81003 2.118 0.42 27.8 3.5 125
3871.2 3950.2 24.92210 2.349 0.94 6.1 1.6 55
2423.2 3121.6 63.00058 2.792 0.89 -28.0 2.7 115
54.3 3119.2 21.63327 3.374 0.50 -16.5 4.1 193
3766.1 3176.9 60.93082 6.107 0.70 -87.2 4.5 307
803.9 3871.6 31.47279 4.313 0.71 -58.1 4.5 241
3225.8 3166.6 8.90093 2.230 0.37 -50.3 4.5 173
3723.4 3496.8 106.92060 6.684 0.94 -6.0 4.5 329
3137.7 3930.3 64.38773 6.511 0.78 -12.5 4.5 305
840.5 3679.3 7.25734 2.200 0.45 -49.4 1.9 73
2586.6 3733.8 149.53540 17.483 0.75 -89.6 4.5 733
3220.7 3198.8 11.71513 0.593 0.29 42.2 4.5 103
1538.1 4088.0 6.85541 2.192 0.68 -23.0 0.4 19
366.4 3851.6 10.90172 3.040 0.44 -87.0 4.5 223
398.1 3133.1 6.97404 0.863 0.20 67.9 3.2 91
1858.5 3909.6 34.52645 5.829 0.77 -86.7 4.5 293
1872.5 3879.8 53.86664 4.832 0.58 -59.0 4.5 353
3240.3 3968.0 31.98231 2.855 0.71 -46.3 2.2 97
110.0 3148.6 16.81516 3.931 0.27 22.6 3.7 245
4084.2 3156.6 9.49074 4.359 0.36 -17.6 4.5 263
3288.6 3161.3 46.89130 8.286 0.46 -57.3 4.5 453
3501.0 3134.5 18.77900 2.458 0.84 75.2 1.6 57
2519.8 3895.0 10.39154 2.004 0.43 -65.3 1 43
3609.2 3170.0 19.90121 2.630 0.88 -25.1 1.8 65
976.8 3145.6 23.42381 7.029 0.69 -58.8 4.5 293
2880.7 4078.0 11.11073 2.965 0.70 -66.8 1.6 65
2015.7 4050.4 199.59050 5.146 0.83 -51.0 3.9 299
1585.7 3119.8 58.18158 3.215 0.88 83.3 4.5 247
285.8 3108.7 26.68038 2.841 0.63 12.8 2 93
1141.8 3139.8 45.37466 65.473 0.32 -14.4 4.5 891
3821.1 3626.6 23.18947 5.257 0.72 -20.3 2.6 149
2387.0 3912.6 406.57310 7.938 0.86 31.2 3.9 439
1788.7 3981.9 10.28884 2.011 0.11 36.9 2 147
3895.4 4064.1 135.89720 4.862 0.84 -29.3 3.2 225
3123.1 4000.6 19.09888 2.487 0.89 -65.4 1.3 45
571.7 3975.9 19.58848 3.947 0.47 8.5 4.5 263
1871.0 3584.5 52.29559 5.715 0.81 41.2 4.2 249
1635.4 4061.6 14.33882 2.579 0.31 -31.3 4.5 237
1921.2 3892.8 74.63332 6.649 0.47 -67.6 4.5 459
2819.2 3986.5 226.94730 6.979 0.60 -70.1 4.4 471
1013.9 3925.0 12.00561 2.396 0.33 28.7 4.5 227
2588.5 3559.2 498.62010 8.013 0.59 -68.9 4.1 585
1055.7 4006.0 27.36681 5.032 0.45 -43.0 4.5 347
3991.3 4079.3 5.52021 0.184 0.80 81.6 4.5 55
1069.8 3986.5 35.66050 13.668 0.61 -55.2 4.5 449
2503.0 3930.8 17.90702 3.177 0.78 -74.0 2.2 91
617.1 3976.5 137.32570 8.581 0.82 -28.1 4.5 443
330.7 4002.0 28.04619 4.538 0.35 -75.3 2.1 175
4043.5 4007.5 7.69231 1.105 0.28 -38.9 2.5 73
3892.6 3715.9 41.28244 3.567 0.54 -38.8 4.5 343
1261.9 3835.9 22.05726 3.651 0.91 -47.4 2.6 109
2687.0 3977.3 60.07384 4.401 0.74 -83.1 3.5 207
246.4 3603.1 51.28523 22.183 0.30 50.5 4.5 809
2815.4 3602.0 7.18917 0.308 0.15 57.9 4.5 163
1227.3 3972.5 578.53250 6.540 0.82 -2.5 3.6 403
3664.2 4015.3 11.61269 2.632 0.16 -4.1 4.5 363
260.5 4079.3 19.74049 14.564 0.56 -30.8 4.5 375
2420.9 4014.7 32.44015 6.180 0.66 -80.6 3.8 239
2941.4 3803.7 10.83941 2.535 0.91 -8.7 4.5 151
3939.7 3988.5 7.16585 0.672 0.48 5.2 3.8 61
2574.1 3836.4 28.90115 8.371 0.78 -9.2 3.5 235
715.1 3626.7 15.30222 11.962 0.58 -12.8 4.5 321
1101.0 3860.1 10.90395 2.689 0.51 -34.1 1.8 79
2246.2 4018.4 9.75472 1.916 0.43 40.6 4.1 127
