527.2 2786.2 11480.402 1.882 0.20 -38.8 4 559
387.0 454.0 7569.548 1.678 0.25 -40.8 4 498
2460.4 1071.3 5751.598 1.858 0.53 -1.7 4 551
1471.2 1174.6 4328.318 1.331 0.58 39.7 4 395
4049.5 1094.4 3874.052 1.459 0.41 -52.0 4 433
2088.9 725.1 4441.006 1.872 0.28 -49.4 4 556
2043.2 360.6 2964.854 1.233 0.75 17.1 4 366
1437.3 4063.4 2535.229 1.812 0.68 17.6 4 538
3041.4 2889.8 2585.340 1.439 0.80 -18.4 4 427
373.7 882.7 2026.783 1.123 0.66 -18.6 4 333
2399.7 2587.7 1370.203 1.079 0.53 -58.7 4 321
854.4 2942.5 1790.442 1.628 0.59 66.0 4 483
201.3 395.3 1363.408 1.467 0.69 88.1 4 435
3503.4 419.4 1560.647 1.317 0.75 87.6 4 391
3395.1 773.8 1300.803 1.413 0.72 70.6 4 420
1148.5 4046.5 1548.963 1.691 0.69 69.9 4 502
2199.6 12.9 1405.955 1.709 0.49 -61.7 4 507
1783.1 3041.9 820.178 1.256 0.76 -5.0 4 373
3928.0 3879.0 860.229 1.179 0.65 -8.0 4 350
342.3 2519.7 859.273 1.586 0.50 77.1 4 471
2266.3 3088.8 904.757 1.521 0.65 39.7 4 451
1705.9 442.4 1171.462 1.156 0.88 13.4 4 343
171.2 1730.0 856.856 1.034 0.79 75.6 4 307
3985.9 1199.7 1245.819 1.341 0.77 62.4 4 398
3902.7 1488.3 824.469 1.003 0.62 -18.3 4 298
4046.6 2149.2 1236.506 1.680 0.69 -40.1 4 499
1846.0 3129.6 911.961 1.495 0.53 3.5 4 444
1435.1 1934.3 644.071 1.116 0.76 13.5 4 332
1839.8 576.4 686.599 0.974 0.89 -32.6 4 289
424.8 165.8 731.983 1.395 0.71 -38.4 4 414
658.7 3698.1 626.481 1.413 0.46 56.4 4 420
3439.3 920.3 556.066 1.060 0.73 34.4 4 315
599.1 947.2 693.131 1.160 0.64 -29.3 4 345
398.4 3284.8 644.119 1.170 0.73 -82.7 4 347
794.6 112.6 662.847 1.055 0.73 73.6 4 313
4173.2 1896.4 638.425 0.950 0.72 60.4 4 282
3195.1 3301.5 757.482 1.500 0.54 26.8 4 445
1227.7 3972.5 604.721 1.169 0.76 -1.7 4 347
398.7 1966.5 729.069 0.959 0.74 -58.9 4 285
169.1 1928.8 748.908 1.023 0.65 45.1 4 304
1733.6 3855.7 505.385 1.174 0.90 86.7 4 349
3780.1 3222.6 548.611 1.160 0.71 -47.0 4 344
3371.6 3369.4 532.219 1.281 0.60 76.9 4 380
3659.2 1811.8 317.466 1.125 0.56 20.5 4 334
2588.2 3559.0 491.506 1.311 0.59 -69.5 4 389
2597.6 1222.1 432.922 0.905 0.80 -28.0 4 269
1918.3 52.6 336.667 0.935 0.69 -58.6 4 278
995.0 10.7 403.683 1.396 0.81 70.8 4 415
3049.6 3948.0 321.181 1.257 0.84 -79.1 4 373
2248.3 9.5 436.337 1.339 0.53 -74.5 4 398
1041.4 924.0 481.573 1.216 0.87 80.0 4 361
3394.0 3670.1 343.117 1.198 0.88 -76.5 4 356
311.9 1593.4 358.880 0.975 0.64 24.2 4 290
1220.8 3086.9 469.024 1.188 0.69 74.0 4 353
2271.7 1438.7 400.884 1.037 0.90 -13.6 4 308
3901.3 464.4 361.202 1.341 0.64 -85.7 4 398
2976.6 380.5 480.338 1.359 0.84 -43.9 4 403
274.1 428.9 344.170 1.099 0.79 -70.7 4 326
3322.8 3835.0 452.388 1.191 0.63 -67.0 4 354
307.5 2303.4 340.581 0.876 0.67 -7.5 4 260
1967.1 324.5 466.253 1.095 0.88 -39.8 4 325
2266.4 1515.8 371.644 1.004 0.69 48.3 4 298
2362.0 2902.6 353.771 0.930 0.62 13.2 4 276
2386.8 3912.9 423.750 1.422 0.81 31.6 4 422
417.4 1171.0 326.341 0.867 0.81 -29.2 4 258
1889.5 627.7 437.616 0.994 1.00 20.4 4 295
126.8 859.0 427.430 1.153 0.91 -55.1 4 342
1549.2 2778.3 411.609 1.445 0.51 -64.5 4 429
1182.4 1656.6 377.962 1.013 0.90 -65.4 4 301
1136.7 698.8 224.725 0.989 0.66 -43.6 4 294
314.7 3489.5 264.064 0.853 1.00 67.4 4 253
1366.9 3602.8 237.948 1.131 0.82 47.9 4 336
3668.1 2469.3 231.296 0.849 1.00 -61.3 4 252
1801.5 2599.6 286.679 0.844 0.65 -8.1 4 251
3242.0 2138.5 284.989 1.274 0.60 -60.0 4 378
244.1 2625.8 252.547 1.369 0.78 -20.9 4 407
1190.8 129.9 273.692 0.983 0.86 -88.3 4 292
2386.0 2622.3 200.874 1.083 0.62 61.0 4 322
261.6 664.3 290.262 0.868 0.68 -61.0 4 258
1043.4 2419.8 215.693 1.316 0.54 -50.6 4 391
2819.4 3986.2 216.352 1.046 0.61 -66.6 4 311
1794.5 1958.0 265.440 1.001 0.94 19.6 4 297
2749.8 3280.2 207.408 1.207 0.64 -13.4 4 358
1748.9 1783.0 270.667 0.976 0.83 28.7 4 290
2166.7 3040.2 231.840 0.830 0.96 27.5 4 246
4032.1 2595.0 246.626 1.088 0.82 41.3 4 323
1855.4 1020.7 235.018 1.350 0.57 -77.1 4 401
920.5 2694.0 261.924 1.081 0.85 58.6 4 321
1005.8 1434.3 256.669 0.906 0.84 21.1 4 269
493.2 2632.6 305.000 1.127 0.68 -25.8 4 335
2345.5 1160.9 312.689 1.124 0.84 52.3 4 334
3388.5 3281.7 269.487 1.008 0.94 48.7 4 299
2419.5 362.7 207.932 0.984 0.65 35.9 4 292
272.3 2757.1 215.978 0.847 0.74 69.9 4 252
1881.7 1683.5 293.656 0.979 0.94 -16.4 4 291
838.2 1638.4 221.421 1.110 0.67 42.4 4 330
2991.3 2730.8 289.634 1.057 0.85 -44.9 4 314
2774.5 2422.4 275.113 0.897 0.92 36.2 4 266
2016.0 4050.3 201.533 0.872 0.85 -45.7 4 259
2922.6 1859.3 219.730 0.830 0.77 -32.7 4 247
3569.9 683.1 312.117 1.119 0.62 30.9 4 332
2844.4 2632.1 279.328 1.109 0.82 53.1 4 329
3163.7 376.5 214.233 1.277 0.52 -53.6 4 379
3377.5 262.6 209.682 1.140 0.57 -29.8 4 339
240.2 2530.8 287.542 1.004 0.65 23.4 4 298
118.9 626.3 266.975 1.355 0.56 -10.2 4 402
2667.5 1237.1 232.403 1.092 0.61 40.1 4 324
3451.6 2797.6 210.453 0.880 0.83 76.0 4 261
1091.5 2312.5 252.184 1.072 0.60 58.8 4 318
2328.0 595.6 145.417 0.945 0.92 -20.1 4 281
3621.4 2869.9 148.086 0.962 0.82 -65.1 4 286
1491.9 217.2 142.765 0.855 1.00 75.5 4 254
1458.0 3452.1 179.777 0.991 0.61 4.8 4 294
3201.6 3631.6 152.511 1.081 0.61 63.8 4 321
1892.7 1975.9 144.605 1.043 0.76 80.2 4 310
2040.7 2568.4 159.462 0.771 0.93 45.1 4 229
3716.6 1480.2 176.358 0.963 0.68 70.4 4 286
3726.5 2348.7 127.141 1.051 0.87 -51.8 4 312
3373.4 3726.4 193.980 0.811 0.76 -26.6 4 241
3019.6 1872.0 169.403 1.237 0.52 -44.1 4 367
160.1 3377.9 198.850 0.829 0.71 -74.1 4 246
312.0 263.2 194.334 0.850 0.86 42.4 4 253
424.8 1388.6 195.555 0.942 0.74 25.6 4 280
2031.7 3667.4 162.060 0.877 0.67 -77.4 4 260
1606.9 2102.5 129.275 0.842 0.98 -25.5 4 250
2873.1 3259.0 196.228 0.919 0.96 46.8 4 273
3023.2 1944.6 164.861 1.177 0.75 74.8 4 349
1434.7 3576.7 172.410 0.819 0.89 -10.5 4 243
2793.9 1960.1 161.869 1.022 0.79 20.7 4 304
2531.3 2097.8 182.951 0.816 0.76 66.7 4 243
1747.9 542.2 171.858 0.816 0.97 47.0 4 243
1422.6 2946.4 199.505 1.077 0.67 -37.8 4 320
3617.5 1162.4 193.148 1.077 0.56 -58.6 4 320
2313.6 2774.1 169.728 1.163 0.74 -87.0 4 345
1365.0 3059.0 195.741 1.238 0.79 -66.1 4 368
1527.6 3402.7 135.776 0.945 0.80 -2.4 4 281
503.1 426.0 141.915 0.894 0.72 42.7 4 266
2886.3 1435.7 174.710 0.920 0.91 81.9 4 273
3260.1 117.6 126.980 1.004 0.71 -16.5 4 298
1663.9 2019.4 176.562 1.169 0.62 -73.6 4 347
2551.5 510.7 152.228 1.266 0.61 -74.6 4 376
4096.7 3346.4 173.948 1.250 0.56 72.0 4 371
1018.3 675.7 128.323 1.133 0.61 -49.5 4 336
1116.9 2883.7 127.578 1.055 0.72 24.0 4 313
2850.9 2298.6 126.814 0.887 0.83 -66.6 4 264
3110.3 2194.8 130.703 1.066 0.71 0.2 4 317
2012.0 2446.6 140.834 0.782 0.92 -15.6 4 232
320.7 1769.5 179.653 1.129 0.59 -48.6 4 335
3475.8 2629.0 144.214 0.874 0.95 -9.6 4 260
3473.3 3092.8 167.497 0.946 0.77 -41.7 4 281
1068.1 1619.8 164.773 0.960 0.64 -52.8 4 285
1675.3 1334.5 133.111 0.787 0.67 -6.6 4 234
3471.7 3286.7 141.728 0.837 0.87 32.7 4 249
2633.7 2238.7 149.997 1.211 0.67 69.3 4 360
548.8 2118.9 199.228 0.920 0.80 -55.4 4 273
3895.0 4064.0 161.940 1.088 0.93 -43.0 4 323
569.3 1289.1 132.718 1.210 0.62 -73.6 4 359
986.1 1045.1 160.247 1.241 0.81 -58.2 4 369
922.8 1713.3 161.081 1.268 0.75 5.1 4 377
2511.7 2315.2 130.056 1.154 0.54 34.4 4 343
694.4 321.9 153.753 1.021 0.56 32.2 4 303
2980.3 1593.1 193.225 1.000 0.86 -56.0 4 297
4004.4 3410.6 155.674 0.812 0.83 20.5 4 241
148.9 3973.4 178.065 0.835 0.89 83.3 4 248
2963.2 130.0 163.589 1.061 0.57 -89.6 4 315
2892.5 1211.8 146.054 1.062 0.66 -13.6 4 315
4139.6 580.8 133.854 1.054 0.60 -88.2 4 313
1712.6 3468.1 163.833 1.063 0.87 39.7 4 316
3381.7 178.2 165.918 1.007 0.96 -82.5 4 299
1767.0 603.3 188.515 1.289 0.54 -30.8 4 383
426.8 916.8 128.321 1.015 0.81 53.2 4 302
2213.8 2344.9 147.317 1.191 0.58 60.0 4 354
1956.1 163.7 117.598 1.039 0.65 80.4 4 309
3332.3 2576.8 100.031 0.726 0.85 76.6 4 216
1805.9 233.8 115.335 0.732 0.82 1.3 4 217
4050.4 3625.2 123.939 0.847 0.86 68.2 4 252
2003.3 1258.2 107.427 0.854 0.65 -64.9 4 254
1060.6 3373.4 115.056 1.049 0.70 62.0 4 312
3531.0 3047.3 120.096 1.074 0.81 72.2 4 319
4031.2 3761.9 97.640 0.844 0.68 34.7 4 251
2703.5 4092.1 97.494 0.740 0.68 -10.3 4 220
2556.0 1094.8 103.088 1.027 0.62 -89.6 4 305
2462.3 1474.8 83.880 0.857 0.82 -88.0 4 255
3396.4 2205.6 92.178 1.000 0.95 -26.0 4 297
1173.3 3570.5 124.887 0.897 0.73 -6.1 4 267
924.6 3331.0 79.723 0.966 0.66 -22.1 4 287
1077.5 3695.2 95.375 1.027 0.84 14.2 4 305
3071.8 3374.1 113.789 0.745 0.74 20.9 4 221
249.5 1436.5 85.988 0.726 0.88 70.3 4 216
617.1 3976.2 111.400 0.905 0.82 -31.0 4 269
276.6 8.4 111.294 0.813 0.88 0.3 4 241
1682.0 375.7 80.941 1.028 0.88 87.0 4 305
1986.1 3795.0 100.167 1.034 0.78 -72.4 4 307
3797.2 186.9 100.948 0.722 0.72 -19.4 4 215
3645.6 103.7 91.262 0.813 0.87 -27.8 4 241
2588.6 670.0 85.793 0.750 0.92 65.5 4 223
2977.0 1062.5 80.740 0.848 0.98 82.6 4 252
4132.3 2340.4 122.138 0.992 0.80 -17.7 4 295
4158.7 3379.8 124.285 1.221 0.60 62.4 4 363
626.6 662.3 124.425 0.786 0.81 -31.9 4 233
984.0 2708.1 96.428 0.845 0.97 -36.2 4 251
2721.4 3884.5 113.235 1.130 0.89 16.3 4 336
1907.4 3946.4 95.108 0.718 0.81 54.2 4 213
1635.9 1891.0 124.759 1.198 0.68 75.7 4 356
1249.8 2287.2 114.736 1.142 0.76 53.0 4 339
123.7 30.1 92.028 0.942 0.66 65.4 4 280
3328.5 2728.0 80.212 0.777 1.00 -73.7 4 231
1119.1 3828.4 103.683 0.822 0.74 42.8 4 244
258.6 3633.2 92.637 0.776 0.80 63.3 4 231
3326.3 4087.4 115.718 1.177 0.54 -68.3 4 350
1767.8 246.7 84.866 1.039 0.87 -66.5 4 309
1353.3 1207.7 104.265 0.991 0.58 -78.3 4 294
575.0 737.4 111.055 0.961 0.63 45.9 4 285
1938.2 748.0 112.196 0.914 0.91 22.7 4 272
3030.6 2460.3 84.775 1.148 0.62 25.9 4 341
2694.2 2036.7 111.171 1.045 0.69 -50.8 4 310
3551.5 3376.8 112.817 0.885 0.69 43.5 4 263
632.6 1219.4 80.823 0.698 0.99 89.4 4 207
2471.2 2805.6 103.323 0.992 0.94 -30.6 4 295
952.3 875.4 86.600 0.972 0.91 -9.6 4 289
2866.4 1523.2 91.564 0.942 0.67 -55.2 4 280
3606.4 3403.4 83.337 0.905 0.92 -33.5 4 269
3564.2 1551.5 103.709 0.735 1.00 55.2 4 218
2815.6 643.3 101.414 0.930 0.69 -14.7 4 276
2923.0 403.6 98.364 0.934 0.65 -35.1 4 277
823.4 1839.3 96.295 0.965 0.72 -36.7 4 287
3031.2 3663.4 85.407 1.139 0.75 -49.7 4 338
817.8 1258.0 96.071 0.726 0.95 -8.4 4 216
2404.6 836.0 124.134 1.070 0.96 89.9 4 318
4159.5 2025.2 100.319 1.148 0.59 43.8 4 341
1438.8 577.1 91.195 0.756 0.91 -31.3 4 225
716.2 797.0 85.437 1.054 0.64 34.0 4 313
1933.3 3221.0 109.476 1.012 0.80 82.5 4 301
2294.1 1623.0 84.988 1.133 0.62 -31.5 4 336
782.5 3732.2 83.674 0.899 0.66 -47.5 4 267
3240.7 780.9 93.977 1.128 0.77 -47.5 4 335
2609.0 1101.8 109.444 1.087 0.70 36.6 4 323
2385.6 4093.9 92.245 0.738 0.99 38.2 4 219
3789.8 3566.4 84.634 0.729 0.82 -5.0 4 217
4195.4 3898.8 122.699 1.064 0.64 -59.3 4 316
441.2 2212.9 91.682 1.038 0.68 -79.1 4 308
1717.3 2191.0 93.832 0.773 1.00 56.0 4 230
1218.8 2156.0 104.513 1.071 0.67 19.4 4 318
465.8 1480.9 80.387 0.747 0.89 -8.6 4 222
1292.6 2717.6 80.063 0.764 0.86 84.7 4 227
3807.1 1566.4 93.928 0.944 0.84 20.3 4 281
1650.0 3531.4 83.841 0.721 0.91 54.1 4 214
2296.9 1983.4 120.216 0.964 0.66 58.5 4 286
30.5 869.5 86.510 0.975 0.89 23.6 4 290
2917.7 2252.3 95.730 0.752 0.93 -82.7 4 224
4079.3 1885.0 86.798 0.980 0.74 1.5 4 291
220.5 3062.3 103.228 0.804 0.93 48.6 4 239
2937.5 222.6 81.240 1.125 0.90 -61.8 4 334
3527.8 3619.0 79.587 1.096 0.76 0.8 4 326
308.4 1073.0 82.192 1.002 0.81 28.8 4 298
3461.8 3621.2 83.884 0.968 0.85 46.3 4 287
3496.9 3712.4 88.237 1.118 0.81 -50.1 4 332
4112.2 638.1 105.321 0.820 0.88 65.0 4 244
3752.6 2106.9 112.459 1.194 0.83 58.1 4 355
1225.0 2820.4 81.616 1.042 0.55 30.3 4 309
3152.4 1863.1 114.059 1.141 0.59 21.9 4 339
2726.0 656.2 96.140 1.013 0.60 19.6 4 301
1710.6 3770.9 104.876 1.052 0.70 85.6 4 313
434.4 433.2 118.469 1.050 0.82 -84.6 4 312
3815.0 2462.3 107.564 0.888 0.93 -58.6 4 264
1562.7 3594.3 114.891 1.053 0.71 -14.1 4 313
3549.7 2625.5 96.393 0.739 0.94 29.3 4 220
430.2 678.3 93.037 0.895 0.94 26.1 4 266
3324.7 954.5 113.131 0.971 0.86 -36.9 4 289
2928.4 832.2 101.722 1.017 0.78 -2.8 4 302
1984.9 1280.5 88.428 1.071 0.82 55.3 4 318
3723.5 3495.4 87.708 0.765 0.84 -8.5 4 227
