795.047 112.2272 672.2026 7.572 0.784 75.222 1.125 143
1918.2051 52.6715 348.7911 7.0254 0.7586 -59.513 1.107 127
995.3726 12.0098 423.6595 10.3932 0.785 69.16 1.153 185
277.0778 8.7105 126.9938 6.5048 0.8715 15.991 1.6 155
2962.7493 128.9901 174.4037 10.1661 0.4982 87.735 1.23 185
3260.406 116.7096 146.7738 6.8841 0.7632 -14.726 0.903 95
424.7766 166.0571 767.2706 10.2818 0.791 -43.014 1.076 179
1191.2462 129.9656 268.7294 6.5075 0.8468 -83.036 1.016 105
1967.1428 324.3975 460.4553 6.9791 0.9041 -35.744 1.021 117
3381.8291 179.0409 166.0328 6.5796 0.9035 86.054 1.001 101
1954.7666 164.1997 139.1512 8.383 0.8419 -77.315 1.243 149
1491.7988 216.9268 151.4749 5.6701 0.9416 45.666 1.034 91
1805.6652 233.9829 112.4112 5.0925 0.7562 1.287 1.231 99
3378.321 263.3851 230.95 10.4302 0.5707 -24.963 1.268 197
311.5637 263.3275 192.621 5.6966 0.8723 34.01 1.27 115
2043.0393 360.825 2957.433 7.8104 0.9438 18.151 1.028 147
200.621 395.8697 1366.497 10.148 0.8118 87.245 1.036 177
2089.2112 724.9681 4429.833 15.7171 0.5178 -49.475 0.994 275
694.9177 321.8412 149.2813 8.0248 0.59 31.411 1.066 129
2976.814 380.8609 459.7258 8.6758 0.865 -41.738 0.96 133
3163.9551 376.7712 202.9057 10.2938 0.5344 -52.934 0.992 153
3502.7292 419.1051 1572.371 8.5401 0.8984 85.943 1.029 153
2418.6079 363.2472 213.2803 7.5374 0.686 31.367 1.152 135
3900.1519 464.5364 385.5432 10.4598 0.708 -81.47 1.094 175
274.2354 428.9157 327.687 7.3344 0.7986 -71.274 1.055 123
502.4699 425.4019 146.9931 6.8786 0.706 46.627 1.334 139
2551.5935 510.0253 143.8428 9.961 0.5527 -69.889 0.957 141
118.8373 625.3643 270.5251 11.2971 0.5862 -13.853 1.019 173
1747.816 542.2413 161.6341 4.8819 0.9616 37.082 0.975 77
1839.6104 576.7087 672.6752 6.0854 0.9401 -35.007 1.002 105
4139.168 581.0408 119.2556 7.2828 0.6279 88.87 0.868 97
2327.73 596.4814 144.4155 6.0442 0.9062 -36.778 0.985 91
1889.7949 627.3793 431.0126 6.0945 0.9735 71.933 1.019 103
1766.3998 603.3992 185.4005 10.6806 0.5415 -30.686 1.028 163
3570.0354 683.6696 313.1093 8.8638 0.6156 32.681 1.099 153
261.472 664.6149 282.5313 6.2914 0.6883 -60.357 1.151 119
2813.9734 644.5309 121.7512 7.3186 0.6426 -32.566 0.693 81
1016.7738 675.2825 131.9619 8.0294 0.776 -54.036 0.876 105
626.1657 662.4556 118.4896 5.1519 0.7987 -30.515 0.937 77
1136.3516 699.387 235.2041 7.7351 0.6672 -39.312 1.207 147
3395.4902 774.1772 1296.932 9.1921 0.8623 70.169 1.011 157
575.0317 737.1231 109.4622 7.4052 0.6061 46.583 0.999 111
1938.2104 747.8484 108.6123 5.8286 0.8876 17.504 1.114 97
373.9369 883.1097 2008.014 7.3801 0.8644 -19.266 1.038 139
126.4503 859.1847 423.802 7.1128 0.9736 -61.885 1.069 123
2404.032 836.0923 121.4976 6.5504 0.9196 -80.759 0.994 97
2927.5918 832.7023 105.8997 6.7626 0.8206 -20.997 0.811 83
954.4714 875.3845 125.3529 7.7747 0.6584 -6.026 0.954 111
1041.2009 923.8417 477.5658 7.9013 0.8845 83.083 1.039 133
3438.9712 920.2336 554.0801 7.1263 0.8061 33.874 1.02 121
599.1163 947.3971 707.8143 8.8168 0.6571 -29.335 0.988 145
1471.322 1175.0631 4315.634 8.7993 0.8325 40.278 1.002 163
426.5461 916.6176 121.3244 6.7353 0.7858 54.76 0.948 97
3324.7092 954.0822 114.2125 6.1915 0.9139 -43.042 0.865 81
1855.3477 1020.7809 227.1077 10.8105 0.5447 -77.702 1.009 163
4049.509 1094.9823 3856.905 10.7856 0.6547 -51.641 0.984 193
986.3123 1044.7825 161.864 8.4885 0.8095 -59.372 1.093 137
2345.8652 1160.5216 332.5615 7.6844 0.8782 49.626 1.017 123
2608.5266 1101.4554 107.3029 8.0632 0.6455 37.092 1.064 125
3617.2993 1162.2261 192.6843 8.7754 0.5416 -57.994 1.055 141
416.8885 1171.2867 331.7476 5.8952 0.8527 -29.065 1.135 111
2597.9958 1221.7722 427.8285 5.8041 0.8473 -26.89 1.004 99
2668.3354 1237.3282 248.9951 9.1997 0.5807 41.154 1.058 151
2892.6465 1211.4683 138.6026 7.4236 0.689 -10.024 0.955 107
2002.8495 1259.0187 142.4532 9.531 0.5916 -67.579 2.171 295
569.5497 1289.6204 125.0555 9.2245 0.5842 -76.042 1.044 141
1985.5077 1280.9756 122.5884 9.6314 0.9649 -4.532 1.65 209
1675.5883 1334.8315 148.6942 6.3278 0.6267 -3.813 1.264 125
424.3571 1388.6378 199.8404 6.7932 0.7475 24.82 1.029 109
2271.9041 1438.5707 406.1823 6.4763 0.9461 -13.427 1.047 111
1005.3144 1433.9767 254.3293 5.8407 0.8639 33.129 0.975 93
2886.6655 1435.2947 169.7614 5.4488 0.9391 79.861 0.883 77
3902.1433 1488.6228 845.0277 7.0358 0.7526 -17.375 0.982 119
3716.5671 1480.6488 177.1896 6.8165 0.7135 72.003 0.943 101
2266.5027 1515.3717 376.4398 7.0764 0.7489 50.333 1.053 121
2980.541 1593.4106 192.6752 6.5071 0.8489 -54.657 0.968 99
311.5434 1593.9774 361.3263 7.1741 0.692 23.14 1.092 129
1068.47 1619.5627 162.3004 7.3568 0.6087 -52.775 0.969 111
1182.4785 1656.7555 386.407 6.4562 0.9393 -73.287 1.096 115
837.8304 1638.1288 221.1047 8.4779 0.6356 43.968 1.161 151
1881.842 1684.0566 282.5528 5.8115 0.961 -20.713 0.901 85
3658.7498 1812.6775 332.3577 8.8308 0.6286 19.53 1.049 147
171.3514 1729.8428 858.009 6.6551 0.8908 75.661 1.041 119
922.6201 1713.1174 157.035 8.5975 0.7646 6.526 1.056 133
319.9951 1770.1018 188.5519 9.1384 0.5869 -49.863 0.921 129
1749.052 1783.1689 267.7754 6.4221 0.8062 27.638 0.96 99
1434.8999 1934.1219 647.8905 7.3773 0.8342 16.33 0.993 123
399.2519 1966.8521 722.5562 6.3944 0.8124 -58.952 1.043 115
823.3328 1839.0507 120.5868 9.2036 0.6684 -40.069 1.579 203
3019.5159 1871.79 177.9016 10.6158 0.4813 -45.612 0.947 151
2922.2092 1859.6714 228.7769 5.9343 0.7785 -36.731 1.094 105
4173.418 1897.1014 639.637 6.4094 0.7863 60.824 0.97 107
3151.9419 1863.0707 117.1613 9.6797 0.5208 21.941 1.024 145
1635.972 1891.4408 126.54 9.0518 0.6683 80.273 1.092 143
169.2049 1928.6871 750.8886 7.354 0.7179 43.885 1.052 133
3022.71 1944.465 167.9078 8.2199 0.7504 77.784 1.085 133
2794.4724 1959.9109 175.642 7.1627 0.8611 19.513 1.115 121
1794.6925 1958.0624 260.1978 6.1281 0.9174 13.297 0.955 95
1893.126 1975.9495 136.2589 6.7571 0.7745 79.027 0.968 99
2297.292 1983.9049 113.1692 6.7898 0.6327 60.502 0.787 83
1663.882 2018.9464 164.7291 8.3642 0.6304 -72.09 0.859 111
2694.1484 2036.77 107.1222 7.2331 0.6709 -54.648 1.095 117
4046.4797 2149.3408 1219.511 11.1812 0.7766 -39.625 0.98 181
2531.0901 2098.3848 185.1709 5.6442 0.7636 67.785 1.022 93
3241.9177 2139.9512 323.1595 11.1026 0.5645 -65.727 1.014 173
3752.2063 2106.8096 104.9251 7.6658 0.8104 64.242 0.94 105
1606.7141 2102.0525 134.188 5.0967 0.9596 -11.221 0.901 73
548.7132 2118.5535 191.809 6.0357 0.8207 -57.597 0.958 91
1218.9656 2156.1492 124.2415 9.5873 0.648 23.1 1.324 179
3109.3782 2195.1038 135.3893 8.1943 0.6669 2.607 1.029 125
2632.4163 2239.0261 171.6138 9.1095 0.7403 70.53 0.957 129
1091.4536 2312.7788 275.0366 8.5007 0.6477 59.357 1.136 151
3725.9844 2348.3105 126.5524 6.5369 0.8772 -49.203 0.928 93
1249.6368 2287.6399 129.5739 9.2094 0.7634 55.474 1.433 185
306.9876 2302.916 340.4178 6.3243 0.696 -7.241 1.02 107
2850.8145 2299.1956 128.1595 5.8984 0.8087 -66.963 1.087 99
2511.2661 2315.2893 128.8793 9.3504 0.5177 37.764 1.021 141
2213.4561 2344.9663 137.2543 8.859 0.569 59.067 0.964 127
4132.2285 2340.4099 122.7914 6.4221 0.7964 -22.603 1.019 99
1043.2502 2419.2424 221.1952 11.224 0.5354 -50.986 1.091 181
2774.6929 2422.011 268.1565 5.4219 0.929 28.085 0.958 85
342.0442 2519.6309 846.6857 12.1946 0.5853 76.226 0.946 187
3668.0457 2469.5657 235.261 5.1786 0.9542 68.035 0.997 85
2010.9364 2446.6677 147.8972 5.1285 0.8795 -21.519 1.035 85
3814.6655 2462.7368 106.9349 5.5155 0.9163 -37.021 0.974 83
2400.1108 2588.2998 1384.66 7.8352 0.6832 -58.592 1.007 141
240.0063 2530.6069 283.5415 7.4803 0.6372 23.533 0.991 119
2040.4873 2568.9004 164.2913 4.7908 0.9379 61.509 0.974 75
2386.3516 2621.2871 228.888 9.405 0.5943 66.587 1.121 161
4032.6262 2595.0593 244.8792 6.9903 0.8569 39.002 1.004 111
1801.0079 2600.2275 280.956 6.0992 0.6567 -6.555 0.963 97
2844.1978 2632.374 294.1514 7.4171 0.8378 75.908 0.984 115
243.693 2625.5537 252.1425 9.5216 0.7516 -22.727 1.023 147
493.592 2632.6221 293.6966 7.965 0.6735 -25.408 0.976 123
3476.2422 2628.9434 150.3694 5.5777 0.9349 -25.928 1.096 95
919.3911 2695.1023 270.1629 7.0091 0.9027 52.225 1.066 117
2991.3557 2731.3896 300.4463 7.1133 0.863 -57.754 1.108 125
1548.9958 2778.6968 407.8921 11.5061 0.5382 -64.214 0.942 169
1292.6195 2717.5696 113.2152 5.3745 0.9533 -53.678 1.08 89
272.3934 2757.604 217.9101 5.9468 0.7483 74.015 1.071 103
2313.6575 2773.8604 184.0466 8.6363 0.7479 -80.827 1.154 147
3451.7351 2797.824 212.9529 5.5739 0.9004 77.235 0.995 89
3041.1511 2890.375 2573.895 8.5686 0.9806 -41.69 0.976 149
3621.0996 2870.2791 137.9066 5.9987 0.8218 -64.107 0.808 77
2361.9065 2902.3396 350.0256 6.7966 0.6489 12.549 1.026 115
1116.496 2884.2158 122.2132 7.4901 0.6907 22.599 0.883 101
1422.1422 2946.3254 197.3367 7.7239 0.6712 -37.844 1.019 121
1783.226 3041.7698 810.3677 7.9224 0.8669 -4.198 0.969 129
2166.8242 3040.2161 240.024 5.328 0.9274 4.9 1.075 93
2265.9885 3089.5979 912.0648 10.5459 0.7417 39.255 1.013 175
1220.5204 3087.3252 461.6223 8.3347 0.7178 75.294 1.012 137
1365.0822 3058.8997 191.0843 8.1647 0.787 -64.863 1.006 123
3531.5405 3047.491 115.7967 6.7257 0.8439 77.326 0.978 99
3474.2693 3090.6401 222.9491 9.4463 0.6459 -64.435 1.384 197
1846.2131 3129.812 916.9674 11.3619 0.6232 3.957 1.012 189
3927.9302 3879.0686 885.5087 8.0048 0.7666 -12.378 1.022 139
3373.4812 3726.1067 188.5079 5.3554 0.7584 -28.904 0.913 79
3394.4343 3670.3201 336.1201 7.2556 0.913 -76.221 0.953 111
1562.238 3595.3127 119.0268 7.7821 0.7571 -15.517 1.073 123
3201.1086 3631.6091 147.0522 7.651 0.6424 64.315 0.853 101
658.7958 3698.6594 630.6134 12.0565 0.5072 56.241 0.994 193
2031.5664 3667.7668 152.3712 6.0839 0.6804 -78.148 0.965 93
1367.041 3602.3281 237.3653 7.5195 0.8208 41.898 1.018 119
1434.9487 3576.7256 177.515 5.4044 0.8753 -5.277 1.066 91
314.9468 3489.426 275.3983 5.6147 0.9547 -36.676 1.132 103
4003.6658 3410.7043 169.159 5.8794 0.7893 20.996 1.129 105
1173.3677 3570.7402 123.9425 6.2458 0.7624 -9.147 0.973 93
4050.5271 3624.9443 120.7575 5.1851 0.8912 83.37 0.932 75
2587.9221 3559.8735 514.902 10.8445 0.5766 -68.496 1.12 193
1733.4385 3855.7073 493.7563 7.0519 0.9612 88.398 0.951 109
1457.5326 3452.3301 186.4764 7.5013 0.6096 0.125 0.933 109
3071.8286 3374.4204 118.3147 5.2559 0.7668 24.362 1.095 91
1712.2166 3468.6089 160.8537 6.7996 0.8315 40.485 0.948 99
3551.3245 3377.1108 109.356 5.7239 0.7245 48.781 0.748 69
3195.4707 3301.0605 737.8267 11.2362 0.5991 26.786 0.965 175
2719.3623 3883.0618 132.9198 9.2048 0.6403 39.688 0.577 85
1527.6027 3402.4871 132.7297 6.3281 0.7563 2.559 0.92 91
3371.9165 3369.8037 532.2003 9.3998 0.6603 76.101 0.945 143
4158.8555 3380.7703 119.2018 8.8089 0.6388 63.549 1.018 131
160.1345 3378.4023 197.0591 5.9367 0.7179 -70.585 1.007 97
2873.9614 3259.2383 197.4432 5.7552 0.9302 10.502 1.043 95
4097.2544 3346.9722 179.1716 10.3966 0.5351 68.906 1.024 157
1060.6031 3373.5681 105.969 7.1669 0.6735 61.78 0.784 87
398.7765 3285.4304 661.2821 8.1074 0.7961 -85.987 1.056 143
3471.7527 3287.1602 136.6531 5.1558 0.8744 28.347 0.893 73
2749.6768 3280.6233 201.2653 8.8696 0.6242 -17.387 0.916 125
3780.0994 3222.6968 548.7119 7.9195 0.7549 -45.418 1.004 131
3388.6914 3281.8054 269.3156 6.0821 0.9156 52.213 0.856 85
1148.2733 4046.6013 1553.11 11.3344 0.8133 70.648 1.013 191
350.4121 3203.6255 101.1718 7.9797 0.6962 49.431 0.816 97
2387.1433 3912.3884 413.2106 9.2279 0.8147 35.593 0.926 135
617.1602 3976.4692 116.6094 6.5378 0.7825 -23.387 1.1 107
2818.9072 3986.6101 209.8188 7.9221 0.5983 -69.726 0.964 119
2015.6002 4050.2791 216.0471 6.3434 0.8058 -51.922 1.221 123
3322.5403 3835.0835 453.3632 8.854 0.651 -66.933 0.985 141
3049.3093 3948.7229 354.5215 9.3818 0.7744 -84.859 1.06 153
149.0806 3973.6899 180.5726 5.4551 0.9414 -87.202 1.071 93
1986.512 3796.4854 108.5428 8.0017 0.7569 -77.811 1.209 139
3895.5986 4064.1858 158.9185 6.8126 0.8966 -36.17 1.055 109
1227.262 3972.802 596.3118 7.7579 0.8143 1.479 0.948 121
